0.0000000000000000e+00
0.0000000000000000e+00
0.0000000000000000e+00
0.0000000000000000e+00
3.4666666730840614e+00
1.0026666671919790e+01
1.1338666922365695e+01
1.1601247008183375e+01
1.1653590036494613e+01
1.1664051619219300e+01
1.1672212035498390e+01
1.1672212035498378e+01
1.1672212035498367e+01
1.1672212035498349e+01
1.1672212035498333e+01
1.1672212035498326e+01
1.1672212035498326e+01
1.1672212035498355e+01
1.1672212035498365e+01
1.1672212035498362e+01
1.1672212035498356e+01
1.1672212035498370e+01
1.1672212035498370e+01
1.1672212035498370e+01
1.1672212035498376e+01
7.0077635374583327e+00
6.0748739298421368e+00
5.8883866024902964e+00
5.8510020259217557e+00
5.8435216631498763e+00
5.8376843951450779e+00
5.8376843951450681e+00
5.8376843951450645e+00
5.8376843951450645e+00
5.8376843951450672e+00
5.8376843951450672e+00
5.8376843951450663e+00
5.8376843951450681e+00
5.8376843951450601e+00
5.8376843951450610e+00
5.8376843951450486e+00
5.8376843951450397e+00
5.8376843951450397e+00
5.8376843951450397e+00
5.8376843951450450e+00
5.8376843951450432e+00
5.8376843951450414e+00
5.8376843951450565e+00
5.8376843951450494e+00
5.8376843951450468e+00
5.8376843951450530e+00
5.8376843951450503e+00
5.8376843951450610e+00
5.8376843951450645e+00
5.8376843951450628e+00
5.8376843951450699e+00
5.8376843951450788e+00
5.8376843951450903e+00
5.8376843951450947e+00
5.8376843951451098e+00
5.8376843951451036e+00
5.8376843951451045e+00
5.8376843951451134e+00
5.8376843951451107e+00
5.8376843951451169e+00
5.8376843951451205e+00
5.8376843951451223e+00
5.8376843951451258e+00
5.8376843951451196e+00
5.8376843951451169e+00
5.8376843951451152e+00
5.8376843951451107e+00
5.8376843951451134e+00
5.8376843951451152e+00
5.8376843951451249e+00
5.8376843951451312e+00
5.8376843951451205e+00
5.8376843951451214e+00
5.8376843951451276e+00
5.8376843951451276e+00
5.8376843951451205e+00
5.8376843951451258e+00
5.8376843951451418e+00
5.8376843951451383e+00
5.8376843951451427e+00
5.8376843951451418e+00
5.8376843951451560e+00
5.8376843951451471e+00
5.8376843951451542e+00
5.8376843951451560e+00
5.8376843951451542e+00
5.8376843951451489e+00
5.8376843951451409e+00
5.8376843951451534e+00
5.8376843951451516e+00
5.8376843951451463e+00
5.8376843951451525e+00
5.8376843951451489e+00
5.8376843951451489e+00
5.8376843951451614e+00
5.8376843951451622e+00
5.8376843951451622e+00
5.8376843951451622e+00
5.8376843951451596e+00
5.8376843951451676e+00
5.8376843951451685e+00
5.8376843951451720e+00
5.8376843951451756e+00
5.8376843951451898e+00
5.8376843951451853e+00
5.8376843951451871e+00
5.8376843951451880e+00
5.8376843951451960e+00
5.8376843951451987e+00
5.8376843951451978e+00
5.8376843951451924e+00
5.8376843951451969e+00
5.8376843951451871e+00
5.8376843951451844e+00
5.8376843951451800e+00
5.8376843951451747e+00
5.8376843951451773e+00
5.8376843951451800e+00
5.8376843951451711e+00
5.8376843951451649e+00
5.8376843951451640e+00
5.8376843951451640e+00
5.8376843951451507e+00
5.8376843951451578e+00
5.8376843951451658e+00
5.8376843951451622e+00
5.8376843951451534e+00
5.8376843951451569e+00
5.8376843951451578e+00
5.8376843951451569e+00
5.8376843951451551e+00
5.8376843951451587e+00
5.8376843951451587e+00
5.8376843951451738e+00
5.8376843951451782e+00
5.8376843951451889e+00
5.8376843951451836e+00
5.8376843951451871e+00
5.8376843951451880e+00
5.8376843951451818e+00
5.8376843951451889e+00
5.8376843951451907e+00
5.8376843951451853e+00
5.8376843951451818e+00
5.8376843951451685e+00
5.8376843951451720e+00
5.8376843951451702e+00
5.8376843951451667e+00
5.8376843951451551e+00
5.8376843951451516e+00
5.8376843951451489e+00
5.8376843951451338e+00
5.8376843951451329e+00
5.8376843951451294e+00
5.8376843951451480e+00
5.8376843951451454e+00
