0.0000000000000000e+00
-8.0000000033819056e-04
-1.6000000002497480e-03
-2.4000000002496573e-03
-4.2400000026904970e-03
-7.0080000020453850e-03
-7.4016001141718399e-03
-7.4804248287326522e-03
-7.4960790554091401e-03
-7.4992155654187223e-03
-7.5023520852661712e-03
-6.7016636189458087e-03
-5.9016636105573683e-03
-5.1016636108985125e-03
-4.3016636108985339e-03
-3.5016636106494992e-03
-3.5016636106490573e-03
-3.5016636106490317e-03
-3.5016636106483590e-03
-3.5016636106483382e-03
-3.5016636106477675e-03
-2.7016636109855243e-03
-1.9016636108984350e-03
-1.1016636108982670e-03
-3.0166361089779451e-04
1.8976709362416911e-03
2.1775378039287406e-03
2.2334584265495576e-03
2.2446983740263310e-03
2.2469434595649221e-03
2.2491885400625763e-03
1.4486946728695196e-03
6.4869468026294624e-04
-1.5130531879124911e-04
-9.5130531879149120e-04
-1.7513053185409303e-03
-1.7513053185411178e-03
-1.7513053185412646e-03
-1.7513053185407577e-03
-1.7513053185408192e-03
-1.7513053185412904e-03
-2.5513053188797258e-03
-3.3513053187917106e-03
-4.1513053187915436e-03
-4.9513053187913644e-03
-5.7513053187914186e-03
-5.7513053187499257e-03
-5.7513053187082577e-03
-5.7513053186662149e-03
-5.7513053186245382e-03
-5.7513053185828996e-03
-4.9513053188776270e-03
-4.1513053187896502e-03
-3.3513053187901238e-03
-2.5513053187901386e-03
-1.7513053185411916e-03
-1.7513053185412263e-03
-1.7513053185412384e-03
-1.7513053185411972e-03
-1.7513053185412280e-03
-1.7513053185416686e-03
-9.5130531887773167e-04
-1.5130531879003987e-04
6.4869468121015849e-04
1.4486946812098593e-03
2.2486946812095144e-03
2.2486946763132258e-03
2.2486946714165264e-03
2.2486946665200448e-03
2.2486946616236069e-03
2.2486946567272475e-03
1.4486946811206121e-03
6.4869468120907960e-04
-1.5130531879079147e-04
-9.5130531879118654e-04
-1.7513053185415385e-03
-1.7513053185411113e-03
-1.7513053185414457e-03
-1.7513053185418410e-03
-1.7513053185422458e-03
-1.7513053185417894e-03
-2.5513053188789456e-03
-3.3513053187909292e-03
-4.1513053187909130e-03
-4.9513053187904945e-03
-5.7513053187898452e-03
-5.7513053187485483e-03
-5.7513053187072914e-03
-5.7513053186656633e-03
-5.7513053186241383e-03
-5.7513053185829820e-03
-4.9513053188775464e-03
-4.1513053187899477e-03
-3.3513053187896576e-03
-2.5513053187891052e-03
-1.7513053185406863e-03
-1.7513053185402706e-03
-1.7513053185405749e-03
-1.7513053185403112e-03
-1.7513053185399100e-03
-1.7513053185400067e-03
-9.5130531887792575e-04
-1.5130531879060748e-04
6.4869468120922771e-04
1.4486946812095180e-03
2.2486946812096567e-03
2.2486946763124603e-03
2.2486946714151473e-03
2.2486946665184167e-03
2.2486946616214060e-03
2.2486946567249894e-03
1.4486946811213275e-03
6.4869468120957378e-04
-1.5130531879063030e-04
-9.5130531878998015e-04
-1.7513053185391381e-03
-1.7513053185398331e-03
-1.7513053185405567e-03
-1.7513053185408351e-03
-1.7513053185408999e-03
-1.7513053185415288e-03
-2.5513053188778189e-03
-3.3513053187894876e-03
-4.1513053187896692e-03
-4.9513053187896436e-03
-5.7513053187898712e-03
-5.7513053187482205e-03
-5.7513053187064657e-03
-5.7513053186657613e-03
-5.7513053186241600e-03
-5.7513053185830046e-03
-4.9513053188777250e-03
-4.1513053187891783e-03
-3.3513053187898857e-03
-2.5513053187896802e-03
-1.7513053185407627e-03
-1.7513053185408030e-03
-1.7513053185405803e-03
-1.7513053185397897e-03
-1.7513053185394260e-03
-1.7513053185397710e-03
-9.5130531887812372e-04
-1.5130531879061296e-04
6.4869468120960110e-04
1.4486946812101431e-03
2.2486946812100852e-03
2.2486946763139895e-03
2.2486946714175213e-03
2.2486946665205170e-03
2.2486946616240072e-03
2.2486946567279115e-03
1.4486946811210842e-03
6.4869468120902778e-04
-1.5130531879110177e-04
-9.5130531879109536e-04
-1.7513053185408637e-03
-1.7513053185419997e-03
-1.7513053185420351e-03
-1.7513053185426336e-03
-1.7513053185429259e-03
-1.7513053185429512e-03
