0.0000000000000000e+00
2.0000000008949361e-04
4.0000000014664406e-04
6.0000000014663883e-04
1.3200000012907670e-03
2.5040000009938189e-03
2.7008000442980025e-03
2.7401670562634769e-03
2.7480377055907239e-03
2.7496077107157938e-03
2.7511777133758832e-03
2.5508318102120003e-03
2.3508318053534179e-03
2.1508318054707402e-03
1.9508318054705866e-03
1.7508318053244126e-03
1.7508318053244952e-03
1.7508318053246620e-03
1.7508318053245432e-03
1.7508318053251460e-03
1.7508318053250488e-03
1.5508318054150219e-03
1.3508318054725088e-03
1.1508318054722069e-03
9.5083180547250420e-04
5.1164531693197303e-05
-8.8768908366113408e-05
-1.1675214086570174e-04
-1.2235010132737500e-04
-1.2347176667082508e-04
-1.2459343327186567e-04
7.5652664290865683e-05
2.7565265946376819e-04
4.7565265942140975e-04
6.7565265942152520e-04
8.7565265927498376e-04
8.7565265927565120e-04
8.7565265927458109e-04
8.7565265927443570e-04
8.7565265927376317e-04
8.7565265927381239e-04
1.0756526593628391e-03
1.2756526594198145e-03
1.4756526594200397e-03
1.6756526594206836e-03
1.8756526594203369e-03
1.8756526593960135e-03
1.8756526593720958e-03
1.8756526593483257e-03
1.8756526593240006e-03
1.8756526593003762e-03
1.6756526593626950e-03
1.4756526594187792e-03
1.2756526594196445e-03
1.0756526594195696e-03
8.7565265927331951e-04
8.7565265927386541e-04
8.7565265927374127e-04
8.7565265927402468e-04
8.7565265927379320e-04
8.7565265927305887e-04
6.7565265936319870e-04
4.7565265942009873e-04
2.7565265941999542e-04
7.5652659419576235e-05
-1.2434734058058603e-04
-1.2434734084533231e-04
-1.2434734111125786e-04
-1.2434734137631832e-04
-1.2434734164219809e-04
-1.2434734190803909e-04
7.5652659362443077e-05
2.7565265941945267e-04
4.7565265941939335e-04
6.7565265941971816e-04
8.7565265927270434e-04
8.7565265927387322e-04
8.7565265927419219e-04
8.7565265927443277e-04
8.7565265927468127e-04
8.7565265927591531e-04
1.0756526593631685e-03
1.2756526594197074e-03
1.4756526594197510e-03
1.6756526594207954e-03
1.8756526594208020e-03
1.8756526593966547e-03
1.8756526593735150e-03
1.8756526593499466e-03
1.8756526593258483e-03
1.8756526593018093e-03
1.6756526593644191e-03
1.4756526594214554e-03
1.2756526594218118e-03
1.0756526594217100e-03
8.7565265927535229e-04
8.7565265927553682e-04
8.7565265927505554e-04
8.7565265927443950e-04
8.7565265927381987e-04
8.7565265927326400e-04
6.7565265936306708e-04
4.7565265942003129e-04
2.7565265941991872e-04
7.5652659419689792e-05
-1.2434734058024729e-04
-1.2434734084557181e-04
-1.2434734111108046e-04
-1.2434734137656121e-04
-1.2434734164158134e-04
-1.2434734190676722e-04
7.5652659362586761e-05
2.7565265942020484e-04
4.7565265941955197e-04
6.7565265941966319e-04
8.7565265927333231e-04
8.7565265927333187e-04
8.7565265927318312e-04
8.7565265927365822e-04
8.7565265927312869e-04
8.7565265927302233e-04
1.0756526593621717e-03
1.2756526594194652e-03
1.4756526594196032e-03
1.6756526594190945e-03
1.8756526594189450e-03
1.8756526593951585e-03
1.8756526593712631e-03
1.8756526593482212e-03
1.8756526593251687e-03
1.8756526593017534e-03
1.6756526593617582e-03
1.4756526594193679e-03
1.2756526594194652e-03
1.0756526594187543e-03
8.7565265927238406e-04
8.7565265927200112e-04
8.7565265927182223e-04
8.7565265927139408e-04
8.7565265927124077e-04
8.7565265927124489e-04
6.7565265936148978e-04
4.7565265941863799e-04
2.7565265941890510e-04
7.5652659419306567e-05
-1.2434734058071258e-04
-1.2434734084647425e-04
-1.2434734111152712e-04
-1.2434734137734894e-04
-1.2434734164285332e-04
-1.2434734190777119e-04
7.5652659362216573e-05
2.7565265941897118e-04
4.7565265941873085e-04
6.7565265941859341e-04
8.7565265927237886e-04
8.7565265927213600e-04
8.7565265927199137e-04
8.7565265927222165e-04
8.7565265927197912e-04
8.7565265927223336e-04
