0.0000000000000000e+00
2.0000000008949361e-04
4.0000000014708533e-04
6.0000000014722430e-04
1.3200000012910690e-03
2.5040000009948025e-03
2.7008000442980780e-03
2.7401670562635120e-03
2.7480377055914117e-03
2.7496077107164452e-03
2.7511777133764600e-03
2.5508318102127267e-03
2.3508318053542697e-03
2.1508318054716258e-03
1.9508318054717827e-03
1.7508318053255224e-03
1.7508318053254253e-03
1.7508318053249907e-03
1.7508318053253531e-03
1.7508318053250653e-03
1.7508318053255233e-03
1.5508318054159131e-03
1.3508318054730392e-03
1.1508318054733440e-03
9.5083180547323723e-04
5.1164531693931314e-05
-8.8768908366151152e-05
-1.1675214086494109e-04
-1.2235010132678471e-04
-1.2347176667027080e-04
-1.2459343327248665e-04
7.5652664290365269e-05
2.7565265946316185e-04
4.7565265942067981e-04
6.7565265942174442e-04
8.7565265927473635e-04
8.7565265927521795e-04
8.7565265927515745e-04
8.7565265927516060e-04
8.7565265927366462e-04
8.7565265927368554e-04
1.0756526593634428e-03
1.2756526594201198e-03
1.4756526594205802e-03
1.6756526594209043e-03
1.8756526594207311e-03
1.8756526593972709e-03
1.8756526593736325e-03
1.8756526593507411e-03
1.8756526593271181e-03
1.8756526593032880e-03
1.6756526593633850e-03
1.4756526594202483e-03
1.2756526594206459e-03
1.0756526594212152e-03
8.7565265927499894e-04
8.7565265927473700e-04
8.7565265927422439e-04
8.7565265927461676e-04
8.7565265927491936e-04
8.7565265927417343e-04
6.7565265936312974e-04
4.7565265941963892e-04
2.7565265941927226e-04
7.5652659419971223e-05
-1.2434734058005853e-04
-1.2434734084514461e-04
-1.2434734111091829e-04
-1.2434734137632835e-04
-1.2434734164276943e-04
-1.2434734190852969e-04
7.5652659363423941e-05
2.7565265941996648e-04
4.7565265942029421e-04
6.7565265942081721e-04
8.7565265927344604e-04
8.7565265927405330e-04
8.7565265927470187e-04
8.7565265927447072e-04
8.7565265927411261e-04
8.7565265927520787e-04
1.0756526593640149e-03
1.2756526594208957e-03
1.4756526594210950e-03
1.6756526594219256e-03
1.8756526594212362e-03
1.8756526593972974e-03
1.8756526593737047e-03
1.8756526593505366e-03
1.8756526593262399e-03
1.8756526593036124e-03
1.6756526593637731e-03
1.4756526594209259e-03
1.2756526594210646e-03
1.0756526594209164e-03
8.7565265927443538e-04
8.7565265927448395e-04
8.7565265927463443e-04
8.7565265927449002e-04
8.7565265927431384e-04
8.7565265927436512e-04
6.7565265936352981e-04
4.7565265942032940e-04
2.7565265942044743e-04
7.5652659420883430e-05
-1.2434734057961894e-04
-1.2434734084499073e-04
-1.2434734111059875e-04
-1.2434734137603827e-04
-1.2434734164143199e-04
-1.2434734190721475e-04
7.5652659363520990e-05
2.7565265942007246e-04
4.7565265941996131e-04
6.7565265941999181e-04
8.7565265927337318e-04
8.7565265927373411e-04
8.7565265927286274e-04
8.7565265927263929e-04
8.7565265927222198e-04
8.7565265927150196e-04
1.0756526593629213e-03
1.2756526594200801e-03
1.4756526594203330e-03
1.6756526594197895e-03
1.8756526594198716e-03
1.8756526593956154e-03
1.8756526593721018e-03
1.8756526593487538e-03
1.8756526593248612e-03
1.8756526593012093e-03
1.6756526593630647e-03
1.4756526594201411e-03
1.2756526594197870e-03
1.0756526594202355e-03
8.7565265927379635e-04
8.7565265927387538e-04
8.7565265927378225e-04
8.7565265927357506e-04
8.7565265927385739e-04
8.7565265927337925e-04
6.7565265936343983e-04
4.7565265942051024e-04
2.7565265942027867e-04
7.5652659420771161e-05
-1.2434734057967893e-04
-1.2434734084528724e-04
-1.2434734111079957e-04
-1.2434734137658482e-04
-1.2434734164197629e-04
-1.2434734190709814e-04
7.5652659363709845e-05
2.7565265941996387e-04
4.7565265942007726e-04
6.7565265941979102e-04
8.7565265927343964e-04
8.7565265927259234e-04
8.7565265927245454e-04
8.7565265927267582e-04
8.7565265927275671e-04
8.7565265927279162e-04
