0.0000000000000000e+00
-8.8000000036765698e+01
-1.7600000002003617e+02
-2.6400000002003287e+02
-3.5200000007214095e+02
-4.4000000004384691e+02
-4.4000000442203844e+02
-4.4000845542552065e+02
-4.4000034025857803e+02
-4.4000001334490025e+02
-4.4006043874092052e+02
-3.5200000066504629e+02
-2.6399999998532144e+02
-1.7600000002001406e+02
-8.8000000020022881e+01
-1.7853863343147999e-12
2.8447036000339691e-11
2.2827971842041299e-11
1.0540762897715366e-10
1.2707907152625991e-10
2.2497183767978167e-10
8.7999999963582098e+01
1.7599999998011134e+02
2.6399999998013163e+02
3.5199999998019689e+02
4.3999999976178890e+02
4.3999999793015917e+02
4.3999573021410208e+02
4.3999982993896668e+02
4.3999999310266963e+02
4.4004353319209474e+02
3.5199999930813226e+02
2.6399999985927019e+02
1.7599999998038223e+02
8.7999999980406784e+01
5.7748049504093974e-10
5.7408411266471618e-10
5.4147210329414209e-10
5.6608971963447473e-10
4.8018755971826266e-10
4.3628377610888651e-10
-8.8000000036377770e+01
-1.7600000001975889e+02
-2.6400000001970818e+02
-3.5200000001964077e+02
-4.4000000001969647e+02
-4.4000000001631435e+02
-4.4000000001291426e+02
-4.4000000000942640e+02
-4.4000000000598794e+02
-4.4000000000260923e+02
-3.5200000003612467e+02
-2.6400000001951986e+02
-1.7600000001952378e+02
-8.8000000019504853e+01
4.8217956824082262e-10
4.9471442635007529e-10
4.7447801470439672e-10
5.1441632006535462e-10
5.2238877984855226e-10
4.0508522771555565e-10
8.7999999963924935e+01
1.7599999998050026e+02
2.6399999998051635e+02
3.5199999998049810e+02
4.3999999998046235e+02
4.3999999931082175e+02
4.3999999864107087e+02
4.3999999797137633e+02
4.3999999730165268e+02
4.3999999663193387e+02
3.5199999996371679e+02
2.6399999998040045e+02
1.7599999998042594e+02
8.7999999980415595e+01
4.2906556207560339e-10
5.6041152601462625e-10
5.4516234190865494e-10
5.1084263529227043e-10
4.5437948935395089e-10
5.8193633267248816e-10
-8.8000000036158994e+01
-1.7600000001955030e+02
-2.6400000001953930e+02
-3.5200000001941896e+02
-4.4000000001937156e+02
-4.4000000001602166e+02
-4.4000000001264107e+02
-4.4000000000922989e+02
-4.4000000000584129e+02
-4.4000000000248747e+02
-3.5200000003596551e+02
-2.6400000001937320e+02
-1.7600000001931770e+02
-8.8000000019246727e+01
6.8434939319324482e-10
7.2030612572606613e-10
6.6741022703673616e-10
6.5714192420785758e-10
6.8349507139824680e-10
6.4310888396363457e-10
8.7999999963927436e+01
1.7599999998047480e+02
2.6399999998043415e+02
3.5199999998047042e+02
4.3999999998049827e+02
4.3999999931072813e+02
4.3999999864090938e+02
4.3999999797115686e+02
4.3999999730144941e+02
4.3999999663176425e+02
3.5199999996386350e+02
2.6399999998054710e+02
1.7599999998048298e+02
8.7999999980579275e+01
8.1286131403897793e-10
7.3412135588467202e-10
5.8041651860432520e-10
5.4706543629423366e-10
5.1540304234159673e-10
4.0803332638781293e-10
-8.8000000036044980e+01
-1.7600000001935030e+02
-2.6400000001935848e+02
-3.5200000001941970e+02
-4.4000000001945938e+02
-4.4000000001605054e+02
-4.4000000001262083e+02
-4.4000000000931504e+02
-4.4000000000587278e+02
-4.4000000000250634e+02
-3.5200000003604725e+02
-2.6400000001930050e+02
-1.7600000001942169e+02
-8.8000000019396040e+01
5.9411826391449444e-10
5.7490869199059814e-10
5.7431424095464048e-10
6.5350363367666397e-10
6.8975837253100319e-10
6.1574416786425042e-10
8.7999999963888001e+01
1.7599999998046817e+02
2.6399999998051243e+02
3.5199999998061014e+02
4.3999999998060758e+02
4.3999999931095459e+02
4.3999999864128472e+02
4.3999999797148155e+02
4.3999999730180639e+02
4.3999999663220228e+02
3.5199999996388703e+02
2.6399999998048645e+02
1.7599999998046039e+02
8.7999999980447058e+01
6.1729384942649193e-10
4.3561871979734998e-10
4.1896772582027210e-10
3.5705341197265832e-10
3.0584366396522201e-10
3.1729697820550091e-10
