0.0000000000000000e+00
8.7048282883939981e-10
1.4867776085481542e-08
1.4886036479351234e-08
2.4126246203546933e-08
1.5700149446826853e-08
-6.0233724558919224e-07
-5.7510698967844056e-03
-2.3073570337387938e-04
-9.1660990378290293e-06
3.0586933892067871e-02
4.9515727530702971e-07
9.1507467307069567e-09
1.4841218656965992e-08
1.4828023609835988e-08
7.9709214693521112e-11
6.5408634517417703e-11
3.6198283167966519e-11
8.6594587672046624e-11
8.5169595141904301e-11
1.4672275892462863e-10
1.1617844010727693e-09
1.5058980471571693e-08
1.5088725281674231e-08
1.5098374737856499e-08
7.8204835728168828e-08
-3.7358291246278568e-07
-2.9091770340649997e-03
-1.1611864904883662e-04
-4.6668222583671922e-06
-2.1582509202256146e-02
5.0535839061598386e-07
-1.8922592774371165e-08
1.5221720271971578e-08
1.5372515383339923e-08
5.5346381769034725e-10
5.8846803825482281e-10
5.5619813939543674e-10
5.4662721273700694e-10
3.8723380840005861e-10
3.8484965622452109e-10
1.2470999637303366e-09
1.5119729037788835e-08
1.5187512058301959e-08
1.5251214481133029e-08
1.5185782370426690e-08
1.2846016331487217e-08
1.0521446726376911e-08
8.2925971755403611e-09
6.0021221663132745e-09
3.6436692843522635e-09
1.3334601636488756e-09
1.5210318669366318e-08
1.5266816397618059e-08
1.5334570254598321e-08
5.3192937785856792e-10
5.5652110783489759e-10
5.0249742470587120e-10
5.5395629367289413e-10
5.7631366613166790e-10
4.4373956140780962e-10
1.3567906769989279e-09
1.5185075330276940e-08
1.5127884576154813e-08
1.5205383192288724e-08
1.5185230756522518e-08
-2.4689655445151114e-07
-5.0912036449144851e-07
-7.7126554430658874e-07
-1.0335590565698699e-06
-1.2957778616421198e-06
1.3210259836758476e-09
1.5195053196000296e-08
1.5238145897682348e-08
1.5311756749321437e-08
3.9024336999800991e-10
5.4135739454035730e-10
6.1302446437406794e-10
5.8065592935031405e-10
5.3110484125733915e-10
6.8112174947440981e-10
1.4585143367327584e-09
1.5344713898462972e-08
1.5364326096248019e-08
1.5524961028439345e-08
1.5457721585562915e-08
1.3062931722824673e-08
1.0742370804429936e-08
8.4256280440754349e-09
6.0485086669707160e-09
3.7888824069659102e-09
1.5397768717308839e-09
1.5440343621770919e-08
1.5481445954061030e-08
1.5510321262724336e-08
6.9666890803766779e-10
7.0648731329400548e-10
6.8453712678204070e-10
6.4193318496101187e-10
6.2195491373508159e-10
5.8179400079547462e-10
1.4506409452854950e-09
1.5325699555058144e-08
1.5315657656458130e-08
1.5361362138080820e-08
1.5318944603060051e-08
-2.4685510004151704e-07
-5.0907581193603086e-07
-7.7126086456312312e-07
-1.0333931702923404e-06
-1.2955894098243169e-06
1.4590483262500268e-09
1.5351837253024066e-08
1.5295958014244990e-08
1.5341451010076449e-08
5.9886884048731446e-10
6.1238742301138243e-10
4.5431921967270849e-10
4.0582337916780689e-10
3.4156891014150428e-10
2.3905924017577622e-10
1.4212339975639383e-09
1.5386980210771084e-08
1.5414561157910468e-08
1.5303121770112092e-08
1.5284209354354516e-08
1.2905349652434530e-08
1.0610829649155863e-08
8.2560763365472655e-09
5.9609205094202272e-09
3.6167237590589113e-09
1.4592578833418137e-09
1.5456679191063291e-08
1.5347038563711696e-08
1.5412032727319163e-08
6.0680082125348008e-10
5.9660349047668374e-10
5.9206353057622645e-10
5.8559355932745995e-10
6.0568533562358852e-10
5.0772714014489706e-10
1.4832014005443300e-09
1.5359785191524794e-08
1.5344636516039103e-08
1.5428478074452371e-08
1.5374850643689571e-08
-2.4680775415517885e-07
-5.0894405957282526e-07
-7.7119588671187923e-07
-1.0333395244020041e-06
-1.2954144079287290e-06
1.4788529668993454e-09
1.5294242762889914e-08
1.5284252142277826e-08
1.5247754506831319e-08
5.2279485790671601e-10
3.9314251544171583e-10
3.7381423149596689e-10
3.7264873037491752e-10
3.6259929706024664e-10
3.8534338814331034e-10
