0.0000000000000000e+00
8.7048282883939981e-10
1.4840656822002558e-08
1.4842085916000820e-08
2.4103745378912867e-08
1.5660229427988314e-08
-6.0231435838309101e-07
-5.7510698642566681e-03
-2.3073574167288693e-04
-9.1661173745596278e-06
3.0586933875446483e-02
4.9514367082934737e-07
9.1515919387735358e-09
1.4827385044758908e-08
1.4791530549914636e-08
5.1422427527894434e-11
4.7104163066152034e-11
4.9327879553313070e-11
6.6815547061929581e-11
1.3133992347028087e-10
1.7671478682672007e-10
1.1577693771664981e-09
1.5078459942045601e-08
1.5085677738025289e-08
1.5110962584764064e-08
7.8207853034353291e-08
-3.7350326471713413e-07
-2.9091770254116257e-03
-1.1611862629797971e-04
-4.6667921600033359e-06
-2.1582509074434406e-02
5.0547480586629347e-07
-1.8803738004692996e-08
1.5356545370958629e-08
1.5399764813088343e-08
6.3326886916920591e-10
6.7924535051944634e-10
6.1824900436979014e-10
6.0260343911381896e-10
5.0203612188514321e-10
4.8323013052363247e-10
1.2824173873155699e-09
1.5190472919760901e-08
1.5240873320054645e-08
1.5345219175451331e-08
1.5277161375558454e-08
1.2875224564148914e-08
1.0486290625918927e-08
8.1839485968554390e-09
5.8427215593794940e-09
3.4474422272404767e-09
1.3612421066755254e-09
1.5165970572649596e-08
1.5292586625657208e-08
1.5317857842200399e-08
5.0070089844727540e-10
5.5592705369377518e-10
5.2218916664754840e-10
6.0312455748641683e-10
6.0316539019519863e-10
4.4005466991208090e-10
1.4590900474089123e-09
1.5327000859388685e-08
1.5296569988909807e-08
1.5260660743368073e-08
1.5239602825374942e-08
-2.4681190575712665e-07
-5.0905176106335399e-07
-7.7116850278355853e-07
-1.0334113080867492e-06
-1.2956363150937204e-06
1.3456095771242883e-09
1.5256845729018238e-08
1.5278260461168894e-08
1.5326594074377088e-08
4.3463474372995218e-10
6.2048310589206113e-10
6.6072756340963636e-10
6.7305864090489825e-10
6.6141841036709710e-10
8.3127835904594124e-10
1.4470631945845874e-09
1.5300952647658237e-08
1.5307884033098266e-08
1.5484036222528174e-08
1.5462788449254674e-08
1.3073536189982822e-08
1.0775466194449615e-08
8.4382323980391242e-09
6.0521194027974067e-09
3.6657345699717297e-09
1.5986567408635419e-09
1.5492251270023216e-08
1.5539721013932583e-08
1.5563039857042323e-08
7.6396354482082553e-10
7.6987212975907778e-10
7.0694844376275631e-10
6.4020912889492347e-10
6.0374152710090289e-10
5.1119671850776537e-10
1.4450146198066528e-09
1.5318189637786222e-08
1.5316546137191251e-08
1.5304727614329031e-08
1.5312197107168830e-08
-2.4686016706852613e-07
-5.0906305692860926e-07
-7.7124541083868650e-07
-1.0333592840474917e-06
-1.2954921599546188e-06
1.4293699972504181e-09
1.5412102065723449e-08
1.5321501990988142e-08
1.5365537977296829e-08
6.5179507057090178e-10
6.2570098579075599e-10
5.1805848618148910e-10
5.3644764034582485e-10
4.6510088187165451e-10
3.9960119362237085e-10
1.3821755884277984e-09
1.5364747416638541e-08
1.5372964352506849e-08
1.5268665178776039e-08
1.5231404894891373e-08
1.2891322914953098e-08
1.0563609755396240e-08
8.2451201266462625e-09
6.0208169016300356e-09
3.6904125353061678e-09
1.3638662893470217e-09
1.5367034128747660e-08
1.5293082843549342e-08
1.5250744093756919e-08
4.6170286419542899e-10
4.1990961311425856e-10
3.8704844486346766e-10
3.6274042912608744e-10
3.5923239051948246e-10
3.0451506135320081e-10
1.2737248335369617e-09
1.5192481036839434e-08
1.5201855304524249e-08
1.5277992271930058e-08
1.5271671628636825e-08
-2.4691264898119111e-07
-5.0901973854482635e-07
-7.7126930303821512e-07
-1.0334208903765050e-06
-1.2954850501541036e-06
1.3277004229315038e-09
1.5161946839329530e-08
1.5144180045809816e-08
1.5114056704731072e-08
3.9682233934742503e-10
2.8737605183870362e-10
2.6137325138020172e-10
2.6590377318550824e-10
2.2319663347872525e-10
2.5632818937164283e-10
