0.0000000000000000e+00
-3.2318200907059122e-03
-3.2818184154836303e-03
-3.3318192402194587e-03
-3.3818225651625904e-03
-3.4318283905635434e-03
-3.4818367166724673e-03
-3.5318475437385735e-03
-3.5818608720129576e-03
-3.6318767017451264e-03
-3.6818950331861007e-03
-3.7319158665851527e-03
-3.7819392021927983e-03
-3.8319650402599088e-03
-3.8819933810370160e-03
-3.9320242247744275e-03
-3.9820575717216819e-03
-4.0320934221304621e-03
-4.0821317762500592e-03
-4.1321726343326454e-03
-4.1819021281094696e-03
-4.2316340950323056e-03
-4.2818915575930797e-03
-4.3321515460934849e-03
-4.3819010438099033e-03
-4.4316530166618011e-03
-4.4818928070504476e-03
-4.5321351216017804e-03
-4.5819002315601407e-03
-4.6316678182084610e-03
-4.6818938161826418e-03
-4.7321223369348117e-03
-4.7818996316138975e-03
-4.8316794041956138e-03
-4.8818946377509262e-03
-4.9321123930025461e-03
-4.9818991973601817e-03
-5.0316884805685948e-03
-5.0818953129346551e-03
-5.1321046661529039e-03
-5.1818988924268927e-03
-5.2316955982895756e-03
-5.2818958738706746e-03
-5.3320986696452910e-03
-5.3818986884199404e-03
-5.4317011873603457e-03
-5.4818963456391414e-03
-5.5320940235992107e-03
-5.5818985631817244e-03
-5.6317055833803508e-03
-5.6818967478167596e-03
-5.7320904315326443e-03
-5.7818984994186832e-03
-5.8317090482718648e-03
-5.8818970956805681e-03
-5.9320876620565467e-03
-5.9818984836355156e-03
-6.0317117864560257e-03
-6.0818974011561380e-03
-6.1320855345790405e-03
-6.1818985052993205e-03
-6.2317139574749065e-03
-6.2818976735490297e-03
-6.3320839081554402e-03
-6.3818985561884750e-03
-6.4317156858451352e-03
-6.4818979201233806e-03
-6.5320826727849179e-03
-6.5818986298882502e-03
-6.6317170687446806e-03
-6.6818981465462815e-03
-6.7320817426153442e-03
-6.7818987213884591e-03
-6.8317181820176367e-03
-6.8818983572417414e-03
-6.9320810506422973e-03
-6.9818988267838309e-03
-7.0317190848591237e-03
-7.0818985556618278e-03
-7.1320805445717825e-03
-7.1818989430199199e-03
-7.2317198234651166e-03
-7.2818987445022170e-03
-7.3320801835899049e-03
-7.3818990677183291e-03
-7.4317204338920223e-03
-7.4818989258645611e-03
-7.5320799358452178e-03
-7.5818991990227631e-03
-7.6317209442826189e-03
-7.6818991013941004e-03
-7.7320797764781745e-03
-7.7818993354817857e-03
-7.8317213765980165e-03
-7.8818992723668248e-03
-7.9320796860833861e-03
-7.9818994759636216e-03
-8.0317217479784209e-03
-8.0818994397865388e-03
-8.1320796495213763e-03
-8.1818996195849834e-03
-8.2317220718030066e-03
-8.2818996044334639e-03
-8.3320796549745616e-03
-8.3818997656588956e-03
-8.4317223585105745e-03
-8.4818997669145781e-03
-8.5320796932163868e-03
-8.5818999136451218e-03
-8.6317226162516483e-03
-8.6818999277060802e-03
-8.7320797570501433e-03
-8.7819000631229726e-03
-8.8317228513823814e-03
-8.8819000871779297e-03
-8.9320798408559811e-03
-8.9819002137657006e-03
-9.0317230688683192e-03
-9.0819002456217924e-03
-9.1320799402501204e-03
-9.1819003653175590e-03
-9.2317232725825406e-03
-9.2819004032619733e-03
-9.3320800518105797e-03
-9.3819005175786053e-03
-9.4317234655496174e-03
-9.4819005602735963e-03
-9.5320801728650192e-03
-9.5819006703944526e-03
-9.6317236501294173e-03
-9.6819007167985131e-03
-9.7320803013323954e-03
-9.7819008236423519e-03
-9.8317238281608963e-03
-9.8819008729396605e-03
-9.9320804355805536e-03
-9.9819009772265550e-03
-1.0031724001082968e-02
-1.0081901028783459e-02
-1.0132080574344044e-02
-1.0181901131076622e-02
-1.0231724170019864e-02
-1.0281901184395252e-02
-1.0332080716628916e-02
-1.0381901285129252e-02
-1.0431724335842633e-02
-1.0481901339824596e-02
-1.0532080861664312e-02
-1.0581901439343445e-02
-1.0631724499236181e-02
-1.0681901495112058e-02
-1.0732081008845653e-02
-1.0781901593683070e-02
-1.0831724660735060e-02
-1.0881901650289148e-02
-1.0932081157700488e-02
-1.0981901748119985e-02
-1.1031724820754157e-02
-1.1081901805380420e-02
-1.1132081307863074e-02
-1.1181901902632255e-02
