0.0000000000000000e+00
8.2045435576590749e-04
8.4545463756438501e-04
8.7045429436518468e-04
8.9545332619849979e-04
9.2045173309561977e-04
9.4544951508766068e-04
9.7044667220522337e-04
9.9544320448236088e-04
1.0204391119480445e-03
1.0454343946339152e-03
1.0704290525718979e-03
1.0954230857914001e-03
1.1204164943251862e-03
1.1454092782047388e-03
1.1704014374593046e-03
1.1953929721228143e-03
1.2203838822238717e-03
1.2453741677967260e-03
1.2703638288701197e-03
1.2954965186806897e-03
1.3206285768549849e-03
1.3454912336029574e-03
1.3703532722144501e-03
1.3954959767226455e-03
1.4206380490905527e-03
1.4454918583385269e-03
1.4703450498898443e-03
1.4954955706037586e-03
1.5206454587836273e-03
1.5454923629100834e-03
1.5703386496821264e-03
1.5954952706345139e-03
1.6206512587472572e-03
1.6454927736971382e-03
1.6703336715614301e-03
1.6954950535113438e-03
1.7206558023807762e-03
1.7454931112905177e-03
1.7703298033243339e-03
1.7954949010449230e-03
1.8206593654996937e-03
1.8454933917587592e-03
1.8703268013054175e-03
1.8954947990417190e-03
1.9206621633657698e-03
1.9454936276434836e-03
1.9703244753349583e-03
1.9954947364232319e-03
2.0206643639848827e-03
2.0454938287340959e-03
2.0703226769963209e-03
2.0954947045438627e-03
2.1206660984755548e-03
2.1454940026667882e-03
2.1703212904490427e-03
2.1954946966524264e-03
2.2206674691726217e-03
2.2454941554056725e-03
2.2703202252899418e-03
2.2954947074850913e-03
2.3206685559430643e-03
2.3454942916028309e-03
2.3703194109606180e-03
2.3954947329297887e-03
2.4206694211183601e-03
2.4454944148892908e-03
2.4703187923951486e-03
2.4954947697798571e-03
2.5206701133500030e-03
2.5454945281012061e-03
2.5703183266158214e-03
2.5954948155306585e-03
2.6206706706050024e-03
2.6454946334481090e-03
2.6703179800777886e-03
2.6954948682258971e-03
2.7206711225148238e-03
2.7454947326577403e-03
2.7703177266041150e-03
2.7954949263441688e-03
2.8206714922085177e-03
2.8454948270772089e-03
2.8703175457632018e-03
2.8954949886937937e-03
2.9206717977362422e-03
2.9454949177595766e-03
2.9703174216102945e-03
2.9954950543474123e-03
3.0206720531861979e-03
3.0454950055255206e-03
3.0703173417002015e-03
3.0954951225776639e-03
3.1206722695496241e-03
3.1454950910121083e-03
3.1703172963181408e-03
3.1954951928198356e-03
3.2206724554107520e-03
3.2454951747232798e-03
3.2703172778842235e-03
3.2954952646306185e-03
3.3206726174613089e-03
3.3454952570453698e-03
3.3703172804811737e-03
3.3954953376656855e-03
3.4206727609320930e-03
3.4454953382851519e-03
3.4703172994933335e-03
3.4954954116581268e-03
3.5206728899009289e-03
3.5454954186809073e-03
3.5703173313181170e-03
3.5954954863974100e-03
3.6206730075533534e-03
3.6454954984173771e-03
3.6703173731408431e-03
3.6954955617188659e-03
3.7206731163711851e-03
3.7454955776386658e-03
3.7703174227666464e-03
3.7954956374948545e-03
3.8206732182963841e-03
3.8454956564590043e-03
3.8703174784834940e-03
3.8954957136262528e-03
3.9206733148411145e-03
3.9454957349656494e-03
3.9703175389531184e-03
3.9954957900325281e-03
4.0206734071841482e-03
4.0454958132257052e-03
4.0703176031305589e-03
4.0954958666555141e-03
4.1206734962513231e-03
4.1454958912974221e-03
4.1703176702067484e-03
4.1954959434492871e-03
4.2206735827624593e-03
4.2454959692189596e-03
4.2703177395398096e-03
4.2954960203727072e-03
4.3206736672761108e-03
4.3454960470243435e-03
4.3703178106374516e-03
4.3954960973994588e-03
4.4206737502321333e-03
4.4454961247387169e-03
4.4703178831111542e-03
4.4954961745067900e-03
4.5206738319715153e-03
4.5454962023824316e-03
4.5703179566593888e-03
4.5954962516764472e-03
4.6206739127628259e-03
4.6454962799713315e-03
4.6703180310450629e-03
4.6954963288944260e-03
4.7206739928130010e-03
4.7454963575172702e-03
4.7703181060869187e-03
4.7954964061518827e-03
