0.0000000000000000e+00
8.2045435576550395e-04
8.4545463756453549e-04
8.7045429436471316e-04
8.9545332619840796e-04
9.2045173309557781e-04
9.4544951508804666e-04
9.7044667220646630e-04
9.9544320448342969e-04
1.0204391119494303e-03
1.0454343946354916e-03
1.0704290525725569e-03
1.0954230857931190e-03
1.1204164943269040e-03
1.1454092782069432e-03
1.1704014374625160e-03
1.1953929721260467e-03
1.2203838822280393e-03
1.2453741678002232e-03
1.2703638288736846e-03
1.2954965186809935e-03
1.3206285768523379e-03
1.3454912336039288e-03
1.3703532722184426e-03
1.3954959767231039e-03
1.4206380490879575e-03
1.4454918583386865e-03
1.4703450498937802e-03
1.4954955706041940e-03
1.5206454587821574e-03
1.5454923629103670e-03
1.5703386496849763e-03
1.5954952706343823e-03
1.6206512587442752e-03
1.6454927736967548e-03
1.6703336715645422e-03
1.6954950535106631e-03
1.7206558023775121e-03
1.7454931112902792e-03
1.7703298033264086e-03
1.7954949010448279e-03
1.8206593654970563e-03
1.8454933917587879e-03
1.8703268013071069e-03
1.8954947990419413e-03
1.9206621633654289e-03
1.9454936276448323e-03
1.9703244753376124e-03
1.9954947364236842e-03
2.0206643639841728e-03
2.0454938287336653e-03
2.0703226769963308e-03
2.0954947045422221e-03
2.1206660984744961e-03
2.1454940026665644e-03
2.1703212904492022e-03
2.1954946966522572e-03
2.2206674691707643e-03
2.2454941554053962e-03
2.2703202252905711e-03
2.2954947074850856e-03
2.3206685559408200e-03
2.3454942916022940e-03
2.3703194109616302e-03
2.3954947329294812e-03
2.4206694211159310e-03
2.4454944148888744e-03
2.4703187923969484e-03
2.4954947697786852e-03
2.5206701133467751e-03
2.5454945281000777e-03
2.5703183266172678e-03
2.5954948155290521e-03
2.6206706706012970e-03
2.6454946334474260e-03
2.6703179800792675e-03
2.6954948682256777e-03
2.7206711225111302e-03
2.7454947326564158e-03
2.7703177266043691e-03
2.7954949263427637e-03
2.8206714922058423e-03
2.8454948270762422e-03
2.8703175457637752e-03
2.8954949886932724e-03
2.9206717977352499e-03
2.9454949177586641e-03
2.9703174216096015e-03
2.9954950543453415e-03
3.0206720531835160e-03
3.0454950055222689e-03
3.0703173416973522e-03
3.0954951225753450e-03
3.1206722695482389e-03
3.1454950910099946e-03
3.1703172963145959e-03
3.1954951928168458e-03
3.2206724554080064e-03
3.2454951747198178e-03
3.2703172778797175e-03
3.2954952646278451e-03
3.3206726174607811e-03
3.3454952570432079e-03
3.3703172804782000e-03
3.3954953376644356e-03
3.4206727609310600e-03
3.4454953382841436e-03
3.4703172994913316e-03
3.4954954116572443e-03
3.5206728899008963e-03
3.5454954186794219e-03
3.5703173313160284e-03
3.5954954863958422e-03
3.6206730075521326e-03
3.6454954984153796e-03
3.6703173731381894e-03
3.6954955617171516e-03
3.7206731163704826e-03
3.7454955776374302e-03
3.7703174227652013e-03
3.7954956374939334e-03
3.8206732182961170e-03
3.8454956564582801e-03
3.8703174784825546e-03
3.8954957136255360e-03
3.9206733148397042e-03
3.9454957349650795e-03
3.9703175389526769e-03
3.9954957900326781e-03
4.0206734071847770e-03
4.0454958132264077e-03
4.0703176031312571e-03
4.0954958666565289e-03
4.1206734962521618e-03
4.1454958912969771e-03
4.1703176702059756e-03
4.1954959434495906e-03
4.2206735827632312e-03
4.2454959692199657e-03
4.2703177395405200e-03
4.2954960203730255e-03
4.3206736672766052e-03
4.3454960470250626e-03
4.3703178106378627e-03
4.3954960974008552e-03
4.4206737502337041e-03
4.4454961247403909e-03
4.4703178831121612e-03
4.4954961745083642e-03
4.5206738319743135e-03
4.5454962023847856e-03
4.5703179566615711e-03
4.5954962516781914e-03
4.6206739127648191e-03
4.6454962799739223e-03
4.6703180310480354e-03
4.6954963288965059e-03
4.7206739928142404e-03
4.7454963575191463e-03
4.7703181060892320e-03
4.7954964061533920e-03
