0.0000000000000000e+00
5.0000133647970473e-05
1.0000014338887184e-04
1.5000018942783002e-04
2.0000041331060236e-04
2.5000094009947126e-04
3.0000188029537993e-04
3.5000333153576205e-04
4.0000538009485667e-04
4.5000810220838006e-04
5.0001156524432950e-04
5.5001582873686868e-04
6.0002094529992053e-04
6.5002696143413462e-04
7.0003391823978312e-04
7.5004185204631990e-04
8.0005079496882261e-04
8.5006077539940465e-04
9.0007181844136222e-04
9.5008394629267248e-04
1.0000839462987331e-03
1.0500733758168302e-03
1.1000733758322206e-03
1.1500828620525109e-03
1.2000828620665524e-03
1.2500746253114601e-03
1.3000746253229922e-03
1.3500820498360104e-03
1.4000820498466240e-03
1.4500756344715453e-03
1.5000756344802535e-03
1.5500814499139664e-03
1.6000814499220492e-03
1.6500764560608045e-03
1.7000764560672849e-03
1.7500810156793195e-03
1.8000810156854365e-03
1.8500771312586093e-03
1.9000771312635315e-03
1.9500807107575226e-03
2.0000807107623071e-03
2.0500776922045350e-03
2.1000776922083129e-03
2.1500805067596568e-03
2.2000805067634143e-03
2.2500781639815991e-03
2.3000781639844555e-03
2.3500803815288619e-03
2.4000803815318198e-03
2.4500785661659107e-03
2.5000785661680809e-03
2.5500803177725502e-03
2.6000803177748128e-03
2.6500789140357331e-03
2.7000789140372910e-03
2.7500803019944566e-03
2.8000803019962136e-03
2.8500792195153505e-03
2.9000792195165142e-03
2.9500803236615822e-03
3.0000803236629944e-03
3.0500794919112919e-03
3.1000794919121399e-03
3.1500803745532812e-03
3.2000803745544223e-03
3.2500797384867699e-03
3.3000797384874487e-03
3.3500804482537810e-03
3.4000804482547920e-03
3.4500799649106705e-03
3.5000799649112092e-03
3.5500805397557351e-03
3.6000805397565748e-03
3.6500801756069799e-03
3.7000801756073851e-03
3.7500806451508210e-03
3.8000806451515615e-03
3.8500803740284572e-03
3.9000803740286338e-03
3.9500807613887159e-03
4.0000807613892299e-03
4.0500805628695359e-03
4.1000805628696188e-03
4.1500808860889101e-03
4.2000808860892984e-03
4.2500807442336346e-03
4.3000807442336230e-03
4.3500810173936633e-03
4.4000810173940794e-03
4.4500809197625061e-03
4.5000809197625708e-03
4.5500811538534214e-03
4.6000811538537741e-03
4.6500810907373147e-03
4.7000810907371982e-03
4.7500812943359512e-03
4.8000812943363117e-03
4.8500812581575709e-03
4.9000812581574404e-03
4.9500814379583617e-03
5.0000814379586077e-03
5.0500814228036962e-03
5.1000814228035840e-03
5.1500815840313666e-03
5.2000815840316300e-03
5.2500815852848850e-03
5.3000815852847745e-03
5.3500817320168660e-03
5.4000817320171953e-03
5.4500817460764687e-03
5.5000817460763331e-03
5.5500818814952233e-03
5.6000818814954823e-03
5.6500819055492332e-03
5.7000819055490169e-03
5.7500820321382973e-03
5.8000820321385208e-03
5.8500820639924844e-03
5.9000820639922985e-03
5.9500821836905035e-03
6.0000821836907296e-03
6.0500822216324928e-03
6.1000822216323528e-03
6.1500823359523921e-03
6.2000823359525687e-03
6.2500823786455877e-03
6.3000823786453592e-03
6.3500824887679011e-03
6.4000824887680318e-03
6.4500825351692433e-03
6.5000825351690184e-03
6.5500826420156425e-03
6.6000826420157558e-03
6.6500826913109615e-03
6.7000826913107322e-03
6.7500827956006437e-03
6.8000827956007752e-03
6.8500828471547296e-03
6.9000828471545393e-03
6.9500829494490313e-03
7.0000829494492288e-03
7.0500830027661133e-03
7.1000830027659213e-03
7.1500831035029291e-03
7.2000831035030398e-03
7.2500831581957734e-03
7.3000831581955423e-03
7.3500832577171179e-03
7.4000832577172642e-03
7.4500833134837595e-03
7.5000833134835181e-03
7.5500834120565425e-03
7.6000834120567200e-03
7.6500834686612888e-03
7.7000834686610335e-03
7.7500835664935800e-03
7.8000835664937236e-03
7.8500836237523405e-03
7.9000836237521060e-03
7.9500837210068741e-03
8.0000837210070057e-03
