2.9999999999999983e+02
3.5000013364797019e+02
3.5000000974090108e+02
3.5000004603895786e+02
3.5000022388277193e+02
3.5000052678886863e+02
3.5000094019590858e+02
3.5000145124038193e+02
3.5000204855909431e+02
3.5000272211352319e+02
3.5000346303594904e+02
3.5000426349253877e+02
3.5000511656305162e+02
3.5000601613421395e+02
3.5000695680564831e+02
3.5000793380653681e+02
3.5000894292250223e+02
3.5000998043058144e+02
3.5001104304195712e+02
3.5001212785131014e+02
3.5000000000606053e+02
3.4998942951809727e+02
3.5000000001538928e+02
3.5000948622029063e+02
3.5000000001404101e+02
3.4999176324490787e+02
3.5000000001153177e+02
3.5000742451301778e+02
3.5000000001061329e+02
3.4999358462492114e+02
3.5000000000870824e+02
3.5000581543371231e+02
3.5000000000808302e+02
3.4999500613875477e+02
3.5000000000647913e+02
3.5000455961203414e+02
3.5000000000611692e+02
3.4999611557317337e+02
3.5000000000492241e+02
3.5000357949399086e+02
3.5000000000478497e+02
3.4999698144222589e+02
3.5000000000377815e+02
3.5000281455134342e+02
3.5000000000375798e+02
3.4999765721818375e+02
3.5000000000285604e+02
3.5000221754440651e+02
3.5000000000295654e+02
3.4999818463409093e+02
3.5000000000217057e+02
3.5000175160446952e+02
3.5000000000226271e+02
3.4999859626092007e+02
3.5000000000155705e+02
3.5000138795716487e+02
3.5000000000175646e+02
3.4999891751913572e+02
3.5000000000116449e+02
3.5000110414506787e+02
3.5000000000141199e+02
3.4999916824829739e+02
3.5000000000084771e+02
3.5000088264114004e+02
3.5000000000114198e+02
3.4999936393234827e+02
3.5000000000067791e+02
3.5000070976633248e+02
3.5000000000101119e+02
3.4999951665587650e+02
3.5000000000053899e+02
3.5000057484452691e+02
3.5000000000083776e+02
3.4999963585040535e+02
3.5000000000040512e+02
3.5000046954343304e+02
3.5000000000074272e+02
3.4999972887689347e+02
3.5000000000017877e+02
3.5000038736008213e+02
3.5000000000051284e+02
3.4999980148030431e+02
3.5000000000008538e+02
3.5000032321928899e+02
3.5000000000038847e+02
3.4999985814433558e+02
3.4999999999999000e+02
3.5000027316003820e+02
3.5000000000041808e+02
3.4999990236842734e+02
3.5000000000006287e+02
3.5000023409084980e+02
3.5000000000035357e+02
3.4999993688353942e+02
3.4999999999988245e+02
3.5000020359875305e+02
3.5000000000035914e+02
3.4999996382125875e+02
3.4999999999987187e+02
3.5000017980091900e+02
3.5000000000024772e+02
3.4999998484508950e+02
3.4999999999988830e+02
3.5000016122777970e+02
3.5000000000026409e+02
3.5000000125325488e+02
3.4999999999988876e+02
3.5000014673209176e+02
3.5000000000032730e+02
3.5000001405927009e+02
3.4999999999986682e+02
3.5000013541888785e+02
3.5000000000025790e+02
3.5000002405375335e+02
3.4999999999978098e+02
3.5000012658928387e+02
3.5000000000022419e+02
3.5000003185395957e+02
3.4999999999981617e+02
3.5000011969820707e+02
3.5000000000022487e+02
3.5000003794176678e+02
3.4999999999985607e+02
3.5000011432003896e+02
3.5000000000017968e+02
3.5000004269301473e+02
3.4999999999976831e+02
3.5000011012254379e+02
3.5000000000013364e+02
3.5000004640120937e+02
3.4999999999977405e+02
3.5000010684662436e+02
3.5000000000011192e+02
3.5000004929520276e+02
3.4999999999977206e+02
3.5000010428991368e+02
3.5000000000012790e+02
3.5000005155395706e+02
3.4999999999981367e+02
3.5000010229448759e+02
3.5000000000019440e+02
3.5000005331688772e+02
3.4999999999980628e+02
3.5000010073700628e+02
3.5000000000010994e+02
3.5000005469273640e+02
3.4999999999976831e+02
3.5000009952157302e+02
3.5000000000014404e+02
3.5000005576649528e+02
3.4999999999975921e+02
3.5000009857302132e+02
3.5000000000017747e+02
3.5000005660457180e+02
3.4999999999974119e+02
3.5000009783254404e+02
3.5000000000014558e+02
3.5000005725861371e+02
3.4999999999976779e+02
3.5000009725476792e+02
3.5000000000011221e+02
