0.0000000000000000e+00
-1.2325678924604306e-04
-3.7904596879045849e-07
-9.9096211502164525e-05
-4.2564186604067292e-04
-9.8552432201142143e-04
-1.7836111273525808e-03
-2.8242038782169041e-03
-4.1111038041960826e-03
-5.6476710367464713e-03
-7.4368752875947916e-03
-9.4813415056975298e-03
-1.1783390356669882e-02
-1.4345073261211271e-02
-1.7168204106978745e-02
-2.0254387182774915e-02
-2.3605040675191709e-02
-2.7221419753918275e-02
-3.1104634067294058e-02
-3.5255666249056211e-02
1.3814208894495571e-08
3.5500808963016134e-02
4.3419851183740759e-08
-3.6138048538767231e-02
4.4604607820446845e-08
3.6280392930475948e-02
4.3101912154684127e-08
-3.6826762514423447e-02
4.4345446295759349e-08
3.6888827898391645e-02
4.2963793442297024e-08
-3.7364277205676866e-02
4.4030353330941624e-08
3.7363688040539182e-02
4.2629215283233289e-08
-3.7783787123718139e-02
4.3868923051773465e-08
3.7734298366686535e-02
4.2276072974607833e-08
-3.8111199020104909e-02
4.3428667228928827e-08
3.8023545927454348e-02
4.1907077745858535e-08
-3.8366732157975980e-02
4.3119253132227847e-08
3.8249293149299174e-02
4.1706485935975485e-08
-3.8566166713097996e-02
4.2971044986826493e-08
3.8425481105732490e-02
4.1720230622161641e-08
-3.8721818220815364e-02
4.2994557738731483e-08
3.8562989989385149e-02
4.1607060687397984e-08
-3.8843299328555375e-02
4.2893469273051665e-08
3.8670311422531418e-02
4.1632508188838817e-08
-3.8938111727244831e-02
4.2885828404907195e-08
3.8754072749019541e-02
4.1653961117239883e-08
-3.9012110179156213e-02
4.2844069948165487e-08
3.8819446018410454e-02
4.1514007467541464e-08
-3.9069864179139359e-02
4.2789113781122256e-08
3.8870468510456078e-02
4.1521549172346334e-08
-3.9114939997698391e-02
4.2841110420700336e-08
3.8910290724711249e-02
4.1388178236778793e-08
-3.9150121225092413e-02
4.2493539357896982e-08
3.8941371286463036e-02
4.1195614000116000e-08
-3.9177580040877485e-02
4.2411283658052752e-08
3.8965629775486989e-02
4.1102655606741638e-08
-3.9199011591831777e-02
4.2482175289181756e-08
3.8984563929740840e-02
4.1271617180531653e-08
-3.9215739184343401e-02
4.2649640961622753e-08
3.8999342578970392e-02
4.1398472386549305e-08
-3.9228795564775501e-02
4.2717445905133370e-08
3.9010877836387209e-02
4.1395984946422460e-08
-3.9238986687589447e-02
4.2904922867233658e-08
3.9019882138312423e-02
4.1544184381551156e-08
-3.9246941773890716e-02
4.2837491593854637e-08
3.9026910381917961e-02
4.1364055845934140e-08
-3.9253151790503857e-02
4.2595252081337510e-08
3.9032396918153779e-02
4.1269519000511105e-08
-3.9257999617284454e-02
4.2564299235815901e-08
3.9036680014293522e-02
4.1256300591841017e-08
-3.9261784195541188e-02
4.2540004173356619e-08
3.9040024239303188e-02
4.1260141915984647e-08
-3.9264739242806761e-02
4.2510999176597514e-08
3.9042635257458359e-02
4.1175496736441099e-08
-3.9267046652168160e-02
4.2560738861342420e-08
3.9044674522386483e-02
4.1248311987275712e-08
-3.9268848678910909e-02
4.2652943359065071e-08
3.9046267207724826e-02
4.1317585115188397e-08
-3.9270256294047047e-02
4.2423099218364853e-08
3.9047511147836805e-02
4.1039842837855429e-08
-3.9271356457332381e-02
4.2313896076889903e-08
3.9048483374725239e-02
4.1196200486874463e-08
-3.9272215717415682e-02
4.2588931102627074e-08
3.9049243688076010e-02
4.1233448272069795e-08
-3.9272887927250061e-02
4.2378533914796257e-08
3.9049837949587218e-02
4.1152843654655338e-08
-3.9273413696629886e-02
4.2451847721456431e-08
3.9050303151623576e-02
4.1134139848434043e-08
-3.9273825258786074e-02
4.2508150173356000e-08
3.9050667403138756e-02
4.1211324334769386e-08
-3.9274147589582774e-02
4.2545365132436806e-08
3.9050952886306139e-02
4.1226714260012834e-08
-3.9274400496031321e-02
4.2490651446999275e-08
3.9051176838850572e-02
4.1290942217561376e-08
-3.9274598883191521e-02
4.2659269236222178e-08
