0.0000000000000000e+00
-3.5000025690477696e+02
-3.5000001011993356e+02
-3.5000014513518579e+02
-3.5000064952464436e+02
-3.5000151231319802e+02
-3.5000272380702904e+02
-3.5000427544421348e+02
-3.5000615966285471e+02
-3.5000836978451559e+02
-3.5001089991118903e+02
-3.5001374483402401e+02
-3.5001689995334073e+02
-3.5002036120740956e+02
-3.5002412500967716e+02
-3.5002818819360391e+02
-3.5003254796306072e+02
-3.5003720185019085e+02
-3.5004214767590173e+02
-3.5004738351744004e+02
-3.4999999999226083e+02
-3.4995392870926821e+02
-3.4999999997194516e+02
-3.5004562426867381e+02
-3.4999999996943774e+02
-3.4995548285210032e+02
-3.4999999996843275e+02
-3.5004425127537297e+02
-3.4999999996626661e+02
-3.4995669579710568e+02
-3.4999999996574252e+02
-3.5004317971080837e+02
-3.4999999996406672e+02
-3.4995764245084320e+02
-3.4999999996386833e+02
-3.5004234339902996e+02
-3.4999999996227723e+02
-3.4995838127495028e+02
-3.4999999996265103e+02
-3.5004169069291663e+02
-3.4999999996135557e+02
-3.4995895789641503e+02
-3.4999999996186511e+02
-3.5004118128342463e+02
-3.4999999996062672e+02
-3.4995940792505093e+02
-3.4999999996108829e+02
-3.5004078371100712e+02
-3.4999999995996870e+02
-3.4995975915301989e+02
-3.4999999996047285e+02
-3.5004047342268677e+02
-3.4999999995932978e+02
-3.4996003327097674e+02
-3.4999999995995125e+02
-3.5004023125648047e+02
-3.4999999995886247e+02
-3.4996024720779241e+02
-3.4999999995953686e+02
-3.5004004225675510e+02
-3.4999999995851874e+02
-3.4996041417564385e+02
-3.4999999995920024e+02
-3.5003989475127082e+02
-3.4999999995830626e+02
-3.4996054448644486e+02
-3.4999999995917813e+02
-3.5003977963044599e+02
-3.4999999995826522e+02
-3.4996064618751547e+02
-3.4999999995908337e+02
-3.5003968978447017e+02
-3.4999999995807741e+02
-3.4996072555984011e+02
-3.4999999995905370e+02
-3.5003961966459093e+02
-3.4999999995826857e+02
-3.4996078750576862e+02
-3.4999999995904915e+02
-3.5003956494010987e+02
-3.4999999995816233e+02
-3.4996083585064821e+02
-3.4999999995900635e+02
-3.5003952223084877e+02
-3.4999999995792245e+02
-3.4996087358043667e+02
-3.4999999995874333e+02
-3.5003948889923760e+02
-3.4999999995783071e+02
-3.4996090302594018e+02
-3.4999999995877511e+02
-3.5003946288650440e+02
-3.4999999995771600e+02
-3.4996092600572922e+02
-3.4999999995854000e+02
-3.5003944258556794e+02
-3.4999999995755195e+02
-3.4996094393920657e+02
-3.4999999995843399e+02
-3.5003942674284013e+02
-3.4999999995747180e+02
-3.4996095793467890e+02
-3.4999999995856638e+02
-3.5003941437964710e+02
-3.4999999995766825e+02
-3.4996096885633523e+02
-3.4999999995861504e+02
-3.5003940473174362e+02
-3.4999999995775840e+02
-3.4996097737920815e+02
-3.4999999995862470e+02
-3.5003939720312349e+02
-3.4999999995773697e+02
-3.4996098402951043e+02
-3.4999999995855069e+02
-3.5003939132857511e+02
-3.4999999995772572e+02
-3.4996098921868156e+02
-3.4999999995863715e+02
-3.5003938674487188e+02
-3.4999999995765370e+02
-3.4996099326720685e+02
-3.4999999995860640e+02
-3.5003938316872120e+02
-3.4999999995751642e+02
-3.4996099642583221e+02
-3.4999999995844132e+02
-3.5003938037882136e+02
-3.4999999995766927e+02
-3.4996099889000499e+02
-3.4999999995867444e+02
-3.5003937820302724e+02
-3.4999999995773283e+02
-3.4996100081176809e+02
-3.4999999995856899e+02
-3.5003937650564188e+02
-3.4999999995752279e+02
-3.4996100231023979e+02
-3.4999999995854012e+02
-3.5003937518238092e+02
-3.4999999995779694e+02
-3.4996100347891127e+02
-3.4999999995861344e+02
-3.5003937415067685e+02
-3.4999999995759788e+02
-3.4996100438952396e+02
-3.4999999995857513e+02
-3.5003937334679233e+02
-3.4999999995758367e+02
-3.4996100509900805e+02
-3.4999999995847918e+02
-3.5003937272055583e+02
-3.4999999995759845e+02
-3.4996100565164318e+02
-3.4999999995844274e+02
-3.5003937223295486e+02
-3.4999999995760754e+02
-3.4996100608176630e+02
-3.4999999995844058e+02
-3.5003937185359496e+02
-3.4999999995744054e+02
