0.0000000000000000e+00
-1.2325682425382272e-04
-3.7901884453670777e-07
-9.9096244613457976e-05
-4.2564187844629264e-04
-9.8552433668705692e-04
-1.7836111130982832e-03
-2.8242037853493706e-03
-4.1111037163789575e-03
-5.6476709482321192e-03
-7.4368751919785623e-03
-9.4813414646294832e-03
-1.1783390221531981e-02
-1.4345073130179424e-02
-1.7168203950825252e-02
-2.0254386951316105e-02
-2.3605040441756944e-02
-2.7221419464316009e-02
-3.1104633821388117e-02
-3.5255666010526050e-02
1.3785035734821192e-08
3.5500808695787672e-02
4.3467962683773988e-08
-3.6138048227152560e-02
4.4602368328630271e-08
3.6280392685529503e-02
4.3096706244030216e-08
-3.6826762196442930e-02
4.4348546886074704e-08
3.6888827732032024e-02
4.2967280312087688e-08
-3.7364276986588035e-02
4.4002145269075165e-08
3.7363687782540622e-02
4.2591836605534446e-08
-3.7783786867900709e-02
4.3810434114435421e-08
3.7734298079119794e-02
4.2266619215342137e-08
-3.8111198831793647e-02
4.3430309738414837e-08
3.8023545694339751e-02
4.1918959715756032e-08
-3.8366732004135831e-02
4.3143739888943051e-08
3.8249293116169085e-02
4.1829186527650866e-08
-3.8566166488140777e-02
4.3004441769905910e-08
3.8425481036546749e-02
4.1675415566386703e-08
-3.8721818213955018e-02
4.2871314666842055e-08
3.8562989897362149e-02
4.1604687072916134e-08
-3.8843299302851957e-02
4.2894484978082281e-08
3.8670311264062063e-02
4.1622506192973782e-08
-3.8938111647072025e-02
4.2900195342968980e-08
3.8754072558126365e-02
4.1641016429267656e-08
-3.9012110082432272e-02
4.2827088879493359e-08
3.8819445788477978e-02
4.1485503656301465e-08
-3.9069864047883068e-02
4.2702525634711029e-08
3.8870468211717857e-02
4.1389492435569811e-08
-3.9114939888709940e-02
4.2679805370136262e-08
3.8910290406365393e-02
4.1314529597843473e-08
-3.9150121090907784e-02
4.2454611616338055e-08
3.8941370962837667e-02
4.1063591810401930e-08
-3.9177580014188522e-02
4.2289833467831212e-08
3.8965629536357627e-02
4.1055340470644423e-08
-3.9199011527181631e-02
4.2449925203891741e-08
3.8984563867911333e-02
4.1221479925793551e-08
-3.9215739213866778e-02
4.2524704888164699e-08
3.8999342395449693e-02
4.1176535891738578e-08
-3.9228795744389838e-02
4.2557160528779217e-08
3.9010877784022104e-02
4.1288971669873737e-08
-3.9238986942213824e-02
4.2709017667300263e-08
3.9019881966132895e-02
4.1331454531967257e-08
-3.9246942068181731e-02
4.2714188869052728e-08
3.9026910439392382e-02
4.1279921321086130e-08
-3.9253151944478315e-02
4.2595952743854075e-08
3.9032396920944047e-02
4.1277754324882255e-08
-3.9257999686433454e-02
4.2573302763167822e-08
3.9036680110187412e-02
4.1227999204301336e-08
-3.9261784275351035e-02
4.2501750085791082e-08
3.9040024246784280e-02
4.1200472938889849e-08
-3.9264739339285176e-02
4.2486191623732337e-08
3.9042635297876188e-02
4.1182259485480558e-08
-3.9267046677309188e-02
4.2581951426860267e-08
3.9044674597233930e-02
4.1251263652592714e-08
-3.9268848685174843e-02
4.2673748687909948e-08
3.9046267157490884e-02
4.1336437923065249e-08
-3.9270256261172302e-02
4.2505020047004388e-08
3.9047511261106699e-02
4.1159293370846928e-08
-3.9271356347978119e-02
4.2444730513320436e-08
3.9048483495209015e-02
4.1210264250118660e-08
-3.9272215739235769e-02
4.2621827363837329e-08
3.9049243746209009e-02
4.1313756195511897e-08
-3.9272887859662778e-02
4.2416679548236585e-08
3.9049838002639184e-02
4.1232826003453492e-08
-3.9273413644979195e-02
4.2572359853313985e-08
3.9050303273364555e-02
4.1252197296806543e-08
-3.9273825179727453e-02
4.2613105738196740e-08
3.9050667571804899e-02
4.1348555169263357e-08
-3.9274147479894043e-02
4.2612857584940793e-08
3.9050952970848728e-02
4.1370312492719687e-08
-3.9274400325443035e-02
4.2585129765575892e-08
3.9051176855999306e-02
4.1363206839378851e-08
-3.9274598770520662e-02
4.2684414002368079e-08
