0.0000000000000000e+00
3.5000013364797007e+02
3.5000000974090119e+02
3.5000004603895786e+02
3.5000022388277216e+02
3.5000052678886863e+02
3.5000094019590858e+02
3.5000145124038181e+02
3.5000204855909431e+02
3.5000272211352319e+02
3.5000346303594898e+02
3.5000426349253871e+02
3.5000511656305144e+02
3.5000601613421395e+02
3.5000695680564820e+02
3.5000793380653681e+02
3.5000894292250223e+02
3.5000998043058138e+02
3.5001104304195735e+02
3.5001212785131014e+02
3.5000000000606042e+02
3.4998942951809750e+02
3.5000000001538911e+02
3.5000948622029074e+02
3.5000000001404112e+02
3.4999176324490827e+02
3.5000000001153199e+02
3.5000742451301761e+02
3.5000000001061363e+02
3.4999358462492103e+02
3.5000000000870807e+02
3.5000581543371220e+02
3.5000000000808291e+02
3.4999500613875477e+02
3.5000000000647884e+02
3.5000455961203403e+02
3.5000000000611681e+02
3.4999611557317303e+02
3.5000000000492241e+02
3.5000357949399097e+02
3.5000000000478497e+02
3.4999698144222589e+02
3.5000000000377815e+02
3.5000281455134365e+02
3.5000000000375815e+02
3.4999765721818375e+02
3.5000000000285604e+02
3.5000221754440651e+02
3.5000000000295637e+02
3.4999818463409088e+02
3.5000000000217074e+02
3.5000175160446952e+02
3.5000000000226265e+02
3.4999859626092001e+02
3.5000000000155705e+02
3.5000138795716475e+02
3.5000000000175658e+02
3.4999891751913560e+02
3.5000000000116449e+02
3.5000110414506787e+02
3.5000000000141199e+02
3.4999916824829734e+02
3.5000000000084765e+02
3.5000088264114021e+02
3.5000000000114198e+02
3.4999936393234827e+02
3.5000000000067769e+02
3.5000070976633253e+02
3.5000000000101096e+02
3.4999951665587662e+02
3.5000000000053899e+02
3.5000057484452719e+02
3.5000000000083804e+02
3.4999963585040547e+02
3.5000000000040501e+02
3.5000046954343293e+02
3.5000000000074294e+02
3.4999972887689324e+02
3.5000000000017906e+02
3.5000038736008219e+02
3.5000000000051284e+02
3.4999980148030431e+02
3.5000000000008538e+02
3.5000032321928927e+02
3.5000000000038835e+02
3.4999985814433546e+02
3.4999999999999000e+02
3.5000027316003832e+02
3.5000000000041797e+02
3.4999990236842734e+02
3.5000000000006264e+02
3.5000023409084957e+02
3.5000000000035311e+02
3.4999993688353942e+02
3.4999999999988233e+02
3.5000020359875310e+02
3.5000000000035891e+02
3.4999996382125886e+02
3.4999999999987187e+02
3.5000017980091900e+02
3.5000000000024772e+02
3.4999998484508956e+02
3.4999999999988842e+02
3.5000016122777959e+02
3.5000000000026398e+02
3.5000000125325477e+02
3.4999999999988870e+02
3.5000014673209131e+02
3.5000000000032730e+02
3.5000001405927043e+02
3.4999999999986670e+02
3.5000013541888785e+02
3.5000000000025790e+02
3.5000002405375346e+02
3.4999999999978093e+02
3.5000012658928392e+02
3.5000000000022419e+02
3.5000003185395957e+02
3.4999999999981605e+02
3.5000011969820707e+02
3.5000000000022487e+02
3.5000003794176655e+02
3.4999999999985624e+02
3.5000011432003890e+02
3.5000000000017963e+02
3.5000004269301473e+02
3.4999999999976836e+02
3.5000011012254379e+02
3.5000000000013324e+02
3.5000004640120954e+02
3.4999999999977405e+02
3.5000010684662465e+02
3.5000000000011221e+02
3.5000004929520287e+02
3.4999999999977217e+02
3.5000010428991385e+02
3.5000000000012795e+02
3.5000005155395701e+02
3.4999999999981372e+02
3.5000010229448731e+02
3.5000000000019458e+02
3.5000005331688760e+02
3.4999999999980628e+02
3.5000010073700616e+02
3.5000000000011005e+02
3.5000005469273628e+02
3.4999999999976831e+02
3.5000009952157313e+02
3.5000000000014410e+02
3.5000005576649539e+02
3.4999999999975932e+02
3.5000009857302121e+02
3.5000000000017735e+02
3.5000005660457174e+02
3.4999999999974142e+02
3.5000009783254404e+02
3.5000000000014546e+02
3.5000005725861359e+02
3.4999999999976774e+02
3.5000009725476804e+02
3.5000000000011232e+02
