0.0000000000000000e+00
0.0000000000000000e+00
0.0000000000000000e+00
0.0000000000000000e+00
0.0000000000000000e+00
0.0000000000000000e+00
0.0000000000000000e+00
-3.8096009386655338e-01
-2.7485201732613413e+00
-6.5347659399917513e+00
-1.1334411527559329e+01
-1.2667436821926330e+01
-1.2667436821926330e+01
-1.2667436821926330e+01
-1.2667436821926330e+01
-1.2667436821926330e+01
-1.2667436821926330e+01
-1.2667436821926330e+01
-1.2667436821926330e+01
-1.2667436821926330e+01
-1.2667436821926330e+01
-1.2667436821926330e+01
-1.2667436821926330e+01
-1.2667436821926330e+01
-1.2667436821926330e+01
-1.2667436821926330e+01
-1.2667436821926330e+01
-1.2667436821926330e+01
-1.2000904431950978e+01
-9.4297461578369930e+00
-5.4978701006702604e+00
-4.7845230103495400e+00
-4.7845230103495400e+00
-4.7845230103495400e+00
-4.7845230103495409e+00
-4.7845230103495409e+00
-4.7845230103495409e+00
-4.7845230103495400e+00
-4.7845230103495364e+00
-4.7845230103495355e+00
-4.7845230103495355e+00
-4.7845230103495355e+00
-4.7845230103495346e+00
-4.7845230103495346e+00
-4.7845230103495346e+00
-4.7845230103495346e+00
-4.7845230103495346e+00
-4.7845230103495346e+00
-4.7845230103495346e+00
-4.7845230103495346e+00
-6.7059919784494681e+00
-6.7059919784494681e+00
-6.7059919784494681e+00
-6.7059919784494681e+00
-6.7059919784494681e+00
-6.7059919784494681e+00
-6.7059919784494681e+00
-6.7059919784494681e+00
-6.7059919784494681e+00
-6.7059919784494681e+00
-6.7059919784494681e+00
-6.7059919784494681e+00
-6.7059919784494681e+00
-6.7059919784494681e+00
-6.7059919784494681e+00
-6.7059919784494681e+00
-6.7059919784494681e+00
-6.7059919784494681e+00
-6.7059919784494681e+00
-6.4709569540685301e+00
-4.2080585920155551e+00
-4.2080585920155551e+00
-4.2080585920155542e+00
-4.2080585920155533e+00
-4.2080585920155533e+00
-4.2080585920155533e+00
-4.2080585920155533e+00
-4.2080585920155542e+00
-4.2080585920155533e+00
-4.2080585920155542e+00
-4.2080585920155507e+00
-4.2080585920155498e+00
-4.2080585920155489e+00
-4.2080585920155489e+00
-4.2080585920155453e+00
-4.2080585920155480e+00
-4.2080585920155480e+00
-4.2080585920155480e+00
-4.2080585920155480e+00
-4.2080585920155480e+00
-5.2235440272575531e+00
-5.2235440272575531e+00
-5.2235440272575531e+00
-5.2235440272575531e+00
-5.2235440272575531e+00
-5.2235440272575531e+00
-5.2235440272575531e+00
-5.2235440272575531e+00
-5.2235440272575531e+00
-5.2235440272575531e+00
-5.2235440272575531e+00
-5.2235440272575531e+00
-5.2235440272575531e+00
-5.2235440272575531e+00
-5.2235440272575531e+00
-5.2235440272575531e+00
-5.2235440272575531e+00
-5.2235440272575531e+00
-5.2235440272575531e+00
-5.2235440272575531e+00
-3.7521514618336544e+00
-3.7521514618336544e+00
-3.7521514618336544e+00
-3.7521514618336544e+00
-3.7521514618336553e+00
-3.7521514618336553e+00
-3.7521514618336531e+00
-3.7521514618336536e+00
-3.7521514618336531e+00
-3.7521514618336536e+00
-3.7521514618336536e+00
-3.7521514618336549e+00
-3.7521514618336540e+00
-3.7521514618336558e+00
-3.7521514618336558e+00
-3.7521514618336558e+00
-3.7521514618336558e+00
-3.7521514618336558e+00
-3.7521514618336558e+00
-3.7521514618336558e+00
-4.2672577271891621e+00
-4.2672577271891621e+00
-4.2672577271891621e+00
-4.2672577271891621e+00
-4.2672577271891621e+00
-4.2672577271891621e+00
-4.2672577271891621e+00
-4.2672577271891621e+00
-4.2672577271891621e+00
-4.2672577271891621e+00
-4.2672577271891621e+00
-4.2672577271891621e+00
-4.2672577271891621e+00
-4.2672577271891621e+00
-4.2672577271891621e+00
-4.2672577271891621e+00
-4.2672577271891621e+00
-4.2672577271891621e+00
-4.2672577271891621e+00
-4.2672577271891621e+00
-3.2897833400215042e+00
-3.2897833400215042e+00
-3.2897833400215042e+00
-3.2897833400215042e+00
-3.2897833400215033e+00
-3.2897833400215033e+00
-3.2897833400215033e+00
-3.2897833400215033e+00
-3.2897833400215033e+00
-3.2897833400215033e+00
-3.2897833400215011e+00
