0.0000000000000000e+00
0.0000000000000000e+00
0.0000000000000000e+00
0.0000000000000000e+00
0.0000000000000000e+00
0.0000000000000000e+00
0.0000000000000000e+00
1.9048004693329113e-01
1.3742600866308043e+00
3.2673829699962429e+00
5.6672057637802506e+00
6.3337184109637050e+00
6.3337184109637050e+00
6.3337184109637015e+00
6.3337184109636908e+00
6.3337184109636855e+00
6.3337184109636864e+00
6.3337184109636917e+00
6.3337184109636828e+00
6.3337184109636828e+00
6.3337184109636953e+00
6.3337184109637068e+00
6.3337184109636935e+00
6.3337184109636864e+00
6.3337184109636926e+00
6.3337184109636917e+00
6.3337184109636819e+00
6.3337184109636846e+00
6.0004522159761180e+00
4.7148730789192745e+00
2.7489350503363044e+00
2.3922615051760507e+00
2.3922615051760570e+00
2.3922615051760561e+00
2.3922615051760556e+00
2.3922615051760556e+00
2.3922615051760534e+00
2.3922615051760534e+00
2.3922615051760534e+00
2.3922615051760499e+00
2.3922615051760476e+00
2.3922615051760485e+00
2.3922615051760472e+00
2.3922615051760494e+00
2.3922615051760530e+00
2.3922615051760538e+00
2.3922615051760516e+00
2.3922615051760530e+00
2.3922615051760543e+00
2.3922615051760552e+00
3.3529959892258425e+00
3.3529959892258434e+00
3.3529959892258399e+00
3.3529959892258421e+00
3.3529959892258376e+00
3.3529959892258363e+00
3.3529959892258336e+00
3.3529959892258465e+00
3.3529959892258399e+00
3.3529959892258399e+00
3.3529959892258412e+00
3.3529959892258479e+00
3.3529959892258443e+00
3.3529959892258412e+00
3.3529959892258394e+00
3.3529959892258381e+00
3.3529959892258390e+00
3.3529959892258403e+00
3.3529959892258399e+00
3.2354784770353682e+00
2.1040292960089331e+00
2.1040292960089348e+00
2.1040292960089313e+00
2.1040292960089317e+00
2.1040292960089291e+00
2.1040292960089291e+00
2.1040292960089286e+00
2.1040292960089273e+00
2.1040292960089282e+00
2.1040292960089308e+00
2.1040292960089313e+00
2.1040292960089322e+00
2.1040292960089344e+00
2.1040292960089313e+00
2.1040292960089304e+00
2.1040292960089326e+00
2.1040292960089335e+00
2.1040292960089322e+00
2.1040292960089304e+00
2.1040292960089313e+00
2.6117720136296771e+00
2.6117720136296789e+00
2.6117720136296807e+00
2.6117720136296811e+00
2.6117720136296820e+00
2.6117720136296785e+00
2.6117720136296732e+00
2.6117720136296705e+00
2.6117720136296696e+00
2.6117720136296727e+00
2.6117720136296732e+00
2.6117720136296803e+00
2.6117720136296754e+00
2.6117720136296718e+00
2.6117720136296763e+00
2.6117720136296758e+00
2.6117720136296754e+00
2.6117720136296794e+00
2.6117720136296754e+00
2.6117720136296789e+00
1.8760757309178389e+00
1.8760757309178380e+00
1.8760757309178371e+00
1.8760757309178386e+00
1.8760757309178395e+00
1.8760757309178375e+00
1.8760757309178389e+00
1.8760757309178417e+00
1.8760757309178460e+00
1.8760757309178462e+00
1.8760757309178464e+00
1.8760757309178453e+00
1.8760757309178411e+00
1.8760757309178413e+00
1.8760757309178386e+00
1.8760757309178400e+00
1.8760757309178382e+00
1.8760757309178380e+00
1.8760757309178371e+00
1.8760757309178371e+00
2.1336288635956095e+00
2.1336288635956038e+00
2.1336288635956038e+00
2.1336288635956011e+00
2.1336288635955993e+00
2.1336288635956024e+00
2.1336288635956051e+00
2.1336288635956029e+00
2.1336288635956029e+00
2.1336288635956020e+00
2.1336288635956056e+00
2.1336288635956020e+00
2.1336288635956007e+00
2.1336288635956051e+00
2.1336288635956011e+00
2.1336288635955976e+00
2.1336288635955949e+00
2.1336288635955949e+00
2.1336288635955949e+00
2.1336288635955927e+00
1.6448916700118283e+00
1.6448916700118281e+00
1.6448916700118263e+00
1.6448916700118257e+00
1.6448916700118259e+00
1.6448916700118237e+00
1.6448916700118217e+00
1.6448916700118221e+00
1.6448916700118239e+00
1.6448916700118223e+00
1.6448916700118243e+00
