0.0000000000000000e+00
0.0000000000000000e+00
0.0000000000000000e+00
0.0000000000000000e+00
0.0000000000000000e+00
0.0000000000000000e+00
0.0000000000000000e+00
1.9048004693326243e-01
1.3742600866305359e+00
3.2673829699955030e+00
5.6672057637790738e+00
6.3337184109626179e+00
6.3337184109626197e+00
6.3337184109626135e+00
6.3337184109626019e+00
6.3337184109625984e+00
6.3337184109626046e+00
6.3337184109626010e+00
6.3337184109625966e+00
6.3337184109625975e+00
6.3337184109626001e+00
6.3337184109626037e+00
6.3337184109625930e+00
6.3337184109625868e+00
6.3337184109625957e+00
6.3337184109626028e+00
6.3337184109625939e+00
6.3337184109625921e+00
6.0004522159748230e+00
4.7148730789176634e+00
2.7489350503338992e+00
2.3922615051734257e+00
2.3922615051734275e+00
2.3922615051734257e+00
2.3922615051734266e+00
2.3922615051734262e+00
2.3922615051734248e+00
2.3922615051734235e+00
2.3922615051734240e+00
2.3922615051734217e+00
2.3922615051734191e+00
2.3922615051734200e+00
2.3922615051734191e+00
2.3922615051734217e+00
2.3922615051734217e+00
2.3922615051734217e+00
2.3922615051734208e+00
2.3922615051734244e+00
2.3922615051734253e+00
2.3922615051734262e+00
3.3529959892235612e+00
3.3529959892235612e+00
3.3529959892235603e+00
3.3529959892235599e+00
3.3529959892235555e+00
3.3529959892235559e+00
3.3529959892235528e+00
3.3529959892235564e+00
3.3529959892235532e+00
3.3529959892235492e+00
3.3529959892235515e+00
3.3529959892235559e+00
3.3529959892235524e+00
3.3529959892235506e+00
3.3529959892235497e+00
3.3529959892235492e+00
3.3529959892235501e+00
3.3529959892235497e+00
3.3529959892235488e+00
3.2354784770330745e+00
2.1040292960065345e+00
2.1040292960065345e+00
2.1040292960065319e+00
2.1040292960065328e+00
2.1040292960065292e+00
2.1040292960065283e+00
2.1040292960065270e+00
2.1040292960065261e+00
2.1040292960065274e+00
2.1040292960065301e+00
2.1040292960065314e+00
2.1040292960065314e+00
2.1040292960065328e+00
2.1040292960065305e+00
2.1040292960065292e+00
2.1040292960065323e+00
2.1040292960065319e+00
2.1040292960065310e+00
2.1040292960065283e+00
2.1040292960065283e+00
2.6117720136277902e+00
2.6117720136277920e+00
2.6117720136277929e+00
2.6117720136277938e+00
2.6117720136277938e+00
2.6117720136277880e+00
2.6117720136277836e+00
2.6117720136277800e+00
2.6117720136277791e+00
2.6117720136277827e+00
2.6117720136277853e+00
2.6117720136277889e+00
2.6117720136277822e+00
2.6117720136277778e+00
2.6117720136277831e+00
2.6117720136277809e+00
2.6117720136277818e+00
2.6117720136277831e+00
2.6117720136277813e+00
2.6117720136277844e+00
1.8760757309157217e+00
1.8760757309157194e+00
1.8760757309157183e+00
1.8760757309157210e+00
1.8760757309157217e+00
1.8760757309157201e+00
1.8760757309157214e+00
1.8760757309157243e+00
1.8760757309157285e+00
1.8760757309157294e+00
1.8760757309157290e+00
1.8760757309157285e+00
1.8760757309157248e+00
1.8760757309157241e+00
1.8760757309157219e+00
1.8760757309157223e+00
1.8760757309157214e+00
1.8760757309157219e+00
1.8760757309157192e+00
1.8760757309157199e+00
2.1336288635934495e+00
2.1336288635934442e+00
2.1336288635934451e+00
2.1336288635934428e+00
2.1336288635934424e+00
2.1336288635934451e+00
2.1336288635934473e+00
2.1336288635934459e+00
2.1336288635934451e+00
2.1336288635934455e+00
2.1336288635934477e+00
2.1336288635934451e+00
2.1336288635934419e+00
2.1336288635934419e+00
2.1336288635934402e+00
2.1336288635934371e+00
2.1336288635934366e+00
2.1336288635934353e+00
2.1336288635934357e+00
2.1336288635934344e+00
1.6448916700095380e+00
1.6448916700095386e+00
1.6448916700095377e+00
1.6448916700095366e+00
1.6448916700095362e+00
1.6448916700095348e+00
1.6448916700095322e+00
1.6448916700095322e+00
1.6448916700095348e+00
1.6448916700095331e+00
1.6448916700095344e+00
