0.0000000000000000e+00
-4.0000000002097868e-04
-8.0000000001612494e-04
-1.2001600640391729e-03
-1.6000000001420945e-03
-1.9999998721693217e-03
-2.4001598081227035e-03
-2.8571463815496396e-03
-3.6123436226872946e-03
-4.5802481044857546e-03
-5.7001785629554533e-03
-5.5001155265700782e-03
-5.1001507520506573e-03
-4.7003458853963819e-03
-4.3001155234985537e-03
-3.9000452818600088e-03
-3.5001350324131921e-03
-3.1001155233333962e-03
-2.7001155233011072e-03
-2.3001155233050080e-03
-1.9001155233049479e-03
-1.5001155233051546e-03
-1.1001155233041110e-03
-7.0027545933192567e-04
-3.0011552342857549e-04
9.9884348549057286e-05
4.9972428460102320e-04
8.9988447657111579e-04
1.3998569486794645e-03
2.1854776379929275e-03
3.1752884476682155e-03
2.8823215455089399e-03
2.4823078205189974e-03
2.0821340205146549e-03
1.6823215482828914e-03
1.2823491621005657e-03
8.8221673399342562e-04
4.8232154835186534e-04
8.2266382573819265e-05
-3.1767845159638296e-04
-7.1767845155856487e-04
-1.1176784515673083e-03
-1.5176784515672141e-03
-1.9178385155950630e-03
-2.3176784516926734e-03
-2.7176783237148824e-03
-3.1178382596628407e-03
-3.5176784516924692e-03
-3.9176785798525860e-03
-4.3178387721424828e-03
-5.0059599570384051e-03
-4.6059124897182297e-03
-4.2060249963798736e-03
-3.8062973491301108e-03
-3.4058987972214075e-03
-3.0056605001487005e-03
-2.6058987968438519e-03
-2.2058987968734266e-03
-1.8058987967816485e-03
-1.4058987967817448e-03
-1.0058987967815883e-03
-6.0589879678155480e-04
-2.0589879678229838e-04
1.9394126719012158e-04
5.9410120309313376e-04
9.9410107507108113e-04
1.3939410111244088e-03
1.7941012030931475e-03
2.1941013309318539e-03
2.6293555290028540e-03
3.3687227455540055e-03
2.9687847354493467e-03
2.5686867109350996e-03
2.1684285439171305e-03
1.7687912107913215e-03
1.3689941038137804e-03
9.6903709517895485e-04
5.6892005692784709e-04
1.6879121121026133e-04
-2.3120878887619738e-04
-6.3120878881645223e-04
-1.0312087888160353e-03
-1.4312087888167764e-03
-1.8313688528447183e-03
-2.2312087889411261e-03
-2.6312086609639792e-03
-3.0313685969123060e-03
-3.4312087889413652e-03
-3.8312089171008297e-03
-4.2313691093909473e-03
-4.7835486284632245e-03
-4.3835815342443416e-03
-3.9837743497443861e-03
-3.5835316043069244e-03
-3.1834489890363747e-03
-2.7835263758535390e-03
-2.3835316041172241e-03
-1.9836967642286570e-03
-1.5835316042410253e-03
-1.1835265123568178e-03
-7.8353160409798297e-04
-3.8353160410463545e-04
1.6468395897527447e-05
4.1630845987214617e-04
8.1646839577359152e-04
1.2164682677489780e-03
1.6163082037991771e-03
2.0164683957730987e-03
2.4164685236174798e-03
2.8163087153322513e-03
3.4371411090471718e-03
3.0371472528311857e-03
2.6369933375044855e-03
2.2371772805683636e-03
1.8372013068129363e-03
1.4370652882619620e-03
1.0371772806362272e-03
6.3712929861822190e-04
2.3717728067966596e-04
-1.6282271927761286e-04
-5.6282271928826397e-04
-9.6282271928816072e-04
-1.3628227192879570e-03
-1.7629827833157909e-03
-2.1628227194128193e-03
-2.5628225914354325e-03
-2.9629825273831227e-03
-3.3628227194126697e-03
-3.7628228475715285e-03
-4.1629830398607097e-03
-4.6400930089945122e-03
-4.2401683199665202e-03
-3.8404035067595441e-03
-3.4400886593833647e-03
-3.0399339998606568e-03
-2.6399394000442386e-03
-2.2401047319370463e-03
-1.8400886591450885e-03
-1.4400886590883921e-03
-1.0400886590906443e-03
-6.4008865909056134e-04
-2.4008865909069756e-04
1.5991134091003322e-04
5.5975140488292074e-04
9.5991134078584185e-04
1.3599112127631752e-03
1.7597511488156147e-03
2.1599113407850699e-03
2.5599114686245331e-03
2.9597516603343125e-03
3.5065164960028814e-03
3.1064790452872944e-03
2.7062815005642910e-03
2.3065324987706021e-03
1.9066236338049240e-03
1.5065547777553694e-03
1.1063258025550509e-03
7.0653249879422419e-04
3.0657929641824701e-04
-9.3533932526093292e-05
-4.9346750108016492e-04
