0.0000000000000000e+00
1.0000000000568904e-04
2.0000000000893988e-04
2.9999000101229645e-04
4.0000000008175190e-04
4.9999999815219468e-04
5.9998999722285398e-04
7.2857148015210418e-04
1.0061248052793859e-03
1.3901001654319342e-03
1.8500771327781430e-03
1.8500577623070634e-03
1.7500555523229681e-03
1.6500433408975523e-03
1.5500577617666238e-03
1.4500621845188267e-03
1.3500566071564144e-03
1.2500577616704075e-03
1.1500577616514076e-03
1.0500577616533344e-03
9.5005776165333472e-04
8.5005776165359207e-04
7.5005776165397713e-04
6.5004776065348785e-04
5.5005776172688074e-04
4.5005776380132255e-04
3.5004776487543299e-04
2.5005776172797392e-04
1.0006623387785374e-04
-1.9278207378877830e-04
-5.8766636662115198e-04
-5.4116077363902746e-04
-4.4116163371658748e-04
-3.4117249262123075e-04
-2.4116077412417210e-04
-1.4115905697113952e-04
-4.1167339161464532e-05
5.8839225834342482e-05
1.5883579051845811e-04
2.5883922580497809e-04
3.5883922578258340e-04
4.5883922578771768e-04
5.5883922578766568e-04
6.5882922678693492e-04
7.5883922586080811e-04
8.5883922393437139e-04
9.5882922300814712e-04
1.0588392258603957e-03
1.1588392277118655e-03
1.2588292305628886e-03
1.5029360869363668e-03
1.4029485090728587e-03
1.3029509326943748e-03
1.2029433558002703e-03
1.1029493986095299e-03
1.0029454416284503e-03
9.0294939840994913e-04
8.0294939843454259e-04
7.0294939839462417e-04
6.0294939839504555e-04
5.0294939839515696e-04
4.0294939839502253e-04
3.0294939839514094e-04
2.0293939739574545e-04
1.0294939846861731e-04
2.9494005415834929e-06
-9.7060598384648983e-05
-1.9705060153121478e-04
-2.9705060367862351e-04
-4.1467842623515240e-04
-6.8441038929818081e-04
-5.8439598635958096e-04
-4.8439158530157807e-04
-3.8439718412378298e-04
-2.8439560540014630e-04
-1.8440402599255630e-04
-8.4422443900824653e-05
1.5549142872756045e-05
1.1560439442637513e-04
2.1560439441783343e-04
3.1560439441300967e-04
4.1560439441335590e-04
5.1560439441320806e-04
6.1559439541243263e-04
7.1560439448591301e-04
8.1560439255945049e-04
9.1559439163330135e-04
1.0156043944852286e-03
1.1156043963368649e-03
1.2155943991886216e-03
1.3917620785132748e-03
1.2917626216318555e-03
1.1917531638594308e-03
1.0917658021705955e-03
9.9176844200854811e-04
8.9176108137464880e-04
7.9176580206801058e-04
6.9176052270443998e-04
5.9176580212757330e-04
4.9176108160746065e-04
3.9176580205669848e-04
2.9176580205579530e-04
1.9176580205598304e-04
9.1755801056364638e-05
-8.2341978703972991e-06
-1.0823419579768473e-04
-2.0824419472451958e-04
-3.0823419787034224e-04
-4.0823420001606610e-04
-5.0824420316240718e-04
-7.1859641133177631e-04
-6.1859046873677230e-04
-5.1859452633034187e-04
-4.1858864027522326e-04
-3.1859275439691031e-04
-2.1860686669596460e-04
-1.1858864029248284e-04
-1.8580416533625329e-05
8.1411359660021312e-05
1.8141135964807464e-04
2.8141135965183991e-04
3.8141135965218652e-04
4.8141135965186374e-04
5.8140136065153235e-04
6.8141135972485606e-04
7.8141135779916777e-04
8.8140135687385043e-04
9.8141135972467449e-04
1.0814113615758428e-03
1.1814013644268111e-03
1.3200433684241279e-03
1.2200392779080653e-03
1.1200251855728689e-03
1.0200443297239802e-03
9.2005347670407443e-04
8.2005262451362749e-04
7.2004177115199180e-04
6.2004432958713790e-04
5.2004432955243319e-04
4.2004432955456761e-04
3.2004432955434260e-04
2.2004432955488912e-04
1.2004432955510879e-04
2.0034328555111670e-05
-7.9955670371919193e-05
-1.7995566829870965e-04
-2.7996566722550593e-04
-3.7995567037270707e-04
-4.7995567251976233e-04
-5.7996567566734737e-04
-7.5326967502520163e-04
-6.5326952822225440e-04
-5.5327938044792528e-04
-4.5326624936446698e-04
-3.5326311990694411e-04
-2.5326999007515324e-04
-1.5328685786998776e-04
-5.3266249361905651e-05
4.6744356024865810e-05
1.4674496029133726e-04
2.4673375053978647e-04
