0.0000000000000000e+00
1.0000000000565927e-04
2.0000000000928119e-04
2.9999000101309345e-04
4.0000000008233764e-04
4.9999999815223306e-04
5.9998999722191127e-04
7.2857148015183476e-04
1.0061248052789487e-03
1.3901001654313386e-03
1.8500771327775503e-03
1.8500577623068327e-03
1.7500555523233111e-03
1.6500433408969764e-03
1.5500577617659542e-03
1.4500621845182995e-03
1.3500566071563407e-03
1.2500577616687781e-03
1.1500577616503555e-03
1.0500577616517372e-03
9.5005776165256375e-04
8.5005776165249084e-04
7.5005776165253200e-04
6.5004776065162584e-04
5.5005776172538075e-04
4.5005776379965646e-04
3.5004776487354490e-04
2.5005776172605434e-04
1.0006623387541524e-04
-1.9278207379070498e-04
-5.8766636662351305e-04
-5.4116077364187751e-04
-4.4116163371879280e-04
-3.4117249262370701e-04
-2.4116077412673827e-04
-1.4115905697381973e-04
-4.1167339163777420e-05
5.8839225831843199e-05
1.5883579051509974e-04
2.5883922580203209e-04
3.5883922577948881e-04
4.5883922578497465e-04
5.5883922578574058e-04
6.5882922678459446e-04
7.5883922585740209e-04
8.5883922393082031e-04
9.5882922300515624e-04
1.0588392258578079e-03
1.1588392277094733e-03
1.2588292305609010e-03
1.5029360869347401e-03
1.4029485090708564e-03
1.3029509326920258e-03
1.2029433557980954e-03
1.1029493986080027e-03
1.0029454416267121e-03
9.0294939840869298e-04
8.0294939843334107e-04
7.0294939839308710e-04
6.0294939839268752e-04
5.0294939839298823e-04
4.0294939839371108e-04
3.0294939839284102e-04
2.0293939739311678e-04
1.0294939846648989e-04
2.9494005399248380e-06
-9.7060598385601902e-05
-1.9705060153268141e-04
-2.9705060368092424e-04
-4.1467842623663217e-04
-6.8441038929977144e-04
-5.8439598636159833e-04
-4.8439158530360813e-04
-3.8439718412575238e-04
-2.8439560540232338e-04
-1.8440402599510263e-04
-8.4422443903829790e-05
1.5549142870955317e-05
1.1560439442446020e-04
2.1560439441688451e-04
3.1560439441248464e-04
4.1560439441235204e-04
5.1560439441188110e-04
6.1559439541207896e-04
7.1560439448549755e-04
8.1560439255916729e-04
9.1559439163331957e-04
1.0156043944847064e-03
1.1156043963363486e-03
1.2155943991878344e-03
1.3917620785134318e-03
1.2917626216317900e-03
1.1917531638594909e-03
1.0917658021698990e-03
9.9176844200764194e-04
8.9176108137369969e-04
7.9176580206593639e-04
6.9176052270301263e-04
5.9176580212668306e-04
4.9176108160700789e-04
3.9176580205558739e-04
2.9176580205492831e-04
1.9176580205529093e-04
9.1755801055821575e-05
-8.2341978710751270e-06
-1.0823419579790658e-04
-2.0824419472421820e-04
-3.0823419787092234e-04
-4.0823420001792556e-04
-5.0824420316558389e-04
-7.1859641133355430e-04
-6.1859046873829506e-04
-5.1859452633236066e-04
-4.1858864027664449e-04
-3.1859275439827684e-04
-2.1860686669657566e-04
-1.1858864029394499e-04
-1.8580416536375807e-05
8.1411359658822334e-05
1.8141135964635426e-04
2.8141135964915602e-04
3.8141135964901945e-04
4.8141135964924084e-04
5.8140136064909159e-04
6.8141135972230808e-04
7.8141135779701346e-04
8.8140135687130353e-04
9.8141135972276694e-04
1.0814113615740908e-03
1.1814013644255168e-03
1.3200433684223468e-03
1.2200392779062152e-03
1.1200251855716145e-03
1.0200443297225402e-03
9.2005347670253812e-04
8.2005262451176418e-04
7.2004177114951082e-04
6.2004432958498066e-04
5.2004432955022066e-04
4.2004432955179032e-04
3.2004432955154210e-04
2.2004432955171306e-04
1.2004432955238834e-04
2.0034328552736414e-05
-7.9955670374332654e-05
-1.7995566830130821e-04
-2.7996566722779983e-04
-3.7995567037455330e-04
-4.7995567252203243e-04
-5.7996567567026171e-04
-7.5326967502724763e-04
-6.5326952822358547e-04
-5.5327938044885563e-04
-4.5326624936532474e-04
-3.5326311990828966e-04
-2.5326999007681727e-04
-1.5328685787147713e-04
-5.3266249362748225e-05
4.6744356024725175e-05
1.4674496029144055e-04
2.4673375053918810e-04
