0.0000000000000000e+00
0.0000000000000000e+00
0.0000000000000000e+00
0.0000000000000000e+00
0.0000000000000000e+00
0.0000000000000000e+00
0.0000000000000000e+00
5.7144014079983030e-05
4.1227802598920121e-04
9.8021489099876314e-04
1.7001617291339008e-03
1.9001155232889505e-03
1.9001155232889505e-03
1.9001155232889505e-03
1.9001155232889505e-03
1.9001155232889505e-03
1.9001155232889505e-03
1.9001155232889505e-03
1.9001155232889505e-03
1.9001155232889505e-03
1.9001155232889505e-03
1.9001155232889505e-03
1.9001155232889505e-03
1.9001155232889505e-03
1.9001155232889505e-03
1.9001155232889505e-03
1.9001155232889505e-03
1.9001155232889505e-03
2.0000953817852535e-03
2.3857691229023504e-03
2.9755505314773625e-03
3.0825525950254704e-03
3.0825525950254704e-03
3.0825525950254704e-03
3.0825525950254704e-03
3.0825525950254704e-03
3.0825525950254704e-03
3.0825525950254704e-03
3.0825525950254704e-03
3.0825525950254704e-03
3.0825525950254704e-03
3.0825525950254704e-03
3.0825525950254704e-03
3.0825525950254704e-03
3.0825525950254704e-03
3.0825525950254704e-03
3.0825525950254704e-03
3.0825525950254704e-03
3.0825525950254704e-03
3.0825525950254704e-03
3.3707729402404590e-03
3.3707729402404590e-03
3.3707729402404590e-03
3.3707729402404590e-03
3.3707729402404590e-03
3.3707729402404590e-03
3.3707729402404590e-03
3.3707729402404590e-03
3.3707729402404590e-03
3.3707729402404590e-03
3.3707729402404590e-03
3.3707729402404590e-03
3.3707729402404590e-03
3.3707729402404590e-03
3.3707729402404590e-03
3.3707729402404590e-03
3.3707729402404590e-03
3.3707729402404590e-03
3.3707729402404590e-03
3.4060281938975987e-03
3.7454629482055464e-03
3.7454629482055464e-03
3.7454629482055464e-03
3.7454629482055464e-03
3.7454629482055464e-03
3.7454629482055464e-03
3.7454629482055464e-03
3.7454629482055464e-03
3.7454629482055464e-03
3.7454629482055464e-03
3.7454629482055464e-03
3.7454629482055464e-03
3.7454629482055464e-03
3.7454629482055464e-03
3.7454629482055464e-03
3.7454629482055464e-03
3.7454629482055464e-03
3.7454629482055464e-03
3.7454629482055464e-03
3.7454629482055464e-03
3.8977857634918474e-03
3.8977857634918474e-03
3.8977857634918474e-03
3.8977857634918474e-03
3.8977857634918474e-03
3.8977857634918474e-03
3.8977857634918474e-03
3.8977857634918474e-03
3.8977857634918474e-03
3.8977857634918474e-03
3.8977857634918474e-03
3.8977857634918474e-03
3.8977857634918474e-03
3.8977857634918474e-03
3.8977857634918474e-03
3.8977857634918474e-03
3.8977857634918474e-03
3.8977857634918474e-03
3.8977857634918474e-03
3.8977857634918474e-03
4.1184946483054322e-03
4.1184946483054322e-03
4.1184946483054322e-03
4.1184946483054322e-03
4.1184946483054322e-03
4.1184946483054322e-03
4.1184946483054322e-03
4.1184946483054322e-03
4.1184946483054322e-03
4.1184946483054322e-03
4.1184946483054322e-03
4.1184946483054322e-03
4.1184946483054322e-03
4.1184946483054322e-03
4.1184946483054322e-03
4.1184946483054322e-03
4.1184946483054322e-03
4.1184946483054322e-03
4.1184946483054322e-03
4.1184946483054322e-03
4.1957605881087559e-03
4.1957605881087559e-03
4.1957605881087559e-03
4.1957605881087559e-03
4.1957605881087559e-03
4.1957605881087559e-03
4.1957605881087559e-03
4.1957605881087559e-03
4.1957605881087559e-03
4.1957605881087559e-03
4.1957605881087559e-03
4.1957605881087559e-03
4.1957605881087559e-03
4.1957605881087559e-03
4.1957605881087559e-03
4.1957605881087559e-03
4.1957605881087559e-03
4.1957605881087559e-03
4.1957605881087559e-03
4.1957605881087559e-03
4.3423817461839083e-03
4.3423817461839083e-03
4.3423817461839083e-03
4.3423817461839083e-03
4.3423817461839083e-03
4.3423817461839083e-03
4.3423817461839083e-03
4.3423817461839083e-03
4.3423817461839083e-03
4.3423817461839083e-03
4.3423817461839083e-03
