0.0000000000000000e+00
4.4000000002345438e+01
8.8000000002228603e+01
1.3201320572457576e+02
1.7600000001973805e+02
2.1999998858829042e+02
2.6401318287036554e+02
3.0800016197119749e+02
3.5200452223048956e+02
3.9600228214090623e+02
4.4000115297886964e+02
3.9600000034706250e+02
3.5200290571077483e+02
3.0801900283972276e+02
2.6400000002917068e+02
2.1999420796719915e+02
1.7600161520799125e+02
1.3200000000613215e+02
8.8000000001647535e+01
4.4000000002150479e+01
2.1740234823167188e-09
4.3999999997803336e+01
8.7999999997879172e+01
1.3198680571549875e+02
1.7599999998053212e+02
2.1999998853200674e+02
2.6398678281005988e+02
3.0799999998040238e+02
3.5199949065526090e+02
3.9599582856202443e+02
4.3999785165081647e+02
3.9599999969005034e+02
3.5199886757773743e+02
3.0798452876097912e+02
2.6399999997685910e+02
2.2000227888333868e+02
1.7599135404266451e+02
1.3199999998657560e+02
8.7995447705965091e+01
4.3999999993760547e+01
9.4512136491075602e-10
4.4000000002176023e+01
8.8000000002196657e+01
1.3201320572456987e+02
1.7600000001960868e+02
2.1999998858803696e+02
2.6401318286997042e+02
3.0800000001960382e+02
3.5200001146064096e+02
3.9601322863304762e+02
4.4000421069638685e+02
3.9600112672021271e+02
3.5201124058512079e+02
3.0803454086047054e+02
2.6400000005975028e+02
2.1997868170301319e+02
1.7600000000898228e+02
1.3200000001377060e+02
8.8000000002158686e+01
4.4000000002166416e+01
2.1692120144444640e-09
4.3999999997806007e+01
8.7999999997775717e+01
1.3198680571528075e+02
1.7599999998032180e+02
2.1999998853193864e+02
2.6398678281010257e+02
3.0799999998026726e+02
3.5200001141908700e+02
3.9599993575153894e+02
4.3999527598893741e+02
3.9599946364116823e+02
3.5199045019080302e+02
3.0796822418957697e+02
2.6399999994684634e+02
2.2001859554495536e+02
1.7602399956102573e+02
1.3201620055880045e+02
8.7999999998953570e+01
4.3999999992062833e+01
2.2669338926834652e-09
4.4000000002244633e+01
8.8000000002291941e+01
1.3201320572472810e+02
1.7600000001967192e+02
2.1999998858816707e+02
2.6401318287013271e+02
3.0800000001963934e+02
3.5200001146061288e+02
3.9601322863308656e+02
4.4000117047427165e+02
3.9600411397742482e+02
3.5202024945743631e+02
3.0800000003029982e+02
2.6399296219224539e+02
2.1999912449637137e+02
1.7600000000453383e+02
1.3201406951035531e+02
8.8000000020690436e+01
4.3999136529116512e+01
1.8458986690237700e-09
4.3999999997634127e+01
8.7999999997808374e+01
1.3198680571555002e+02
1.7599999998043168e+02
2.1999998853185051e+02
2.6398678280979738e+02
3.0799999998037231e+02
3.5200001141955198e+02
3.9598682856738850e+02
4.3999750073777091e+02
3.9599751844239103e+02
3.5198433096188575e+02
3.0799999997863893e+02
2.6400247633085507e+02
2.1999174858066391e+02
1.7599999998612310e+02
1.3199505387780658e+02
8.7999999994118170e+01
4.3999999998961407e+01
2.2634554688000606e-09
4.4000000002258759e+01
8.8000000002256698e+01
1.3201320572468370e+02
1.7600000001966521e+02
2.1999998858819760e+02
2.6401318287014527e+02
3.0800000001965088e+02
3.5200001146054638e+02
3.9601322863289812e+02
4.4000029821437869e+02
3.9600656561448045e+02
3.5202602192679956e+02
3.0800000004299028e+02
2.6398719493922306e+02
2.1998759516261512e+02
1.7600118927334040e+02
1.3200000000996246e+02
8.8000000001908504e+01
4.4000000002281368e+01
2.2520060314956082e-09
4.3999999997700662e+01
8.7999999997717438e+01
1.3198680571531742e+02
1.7599999998035813e+02
2.1999998853191639e+02
2.6398678281008256e+02
3.0799999998033093e+02
3.5200001141916448e+02
3.9598682856664544e+02
4.3999889318299927e+02
3.9599558460133443e+02
3.5197906766154438e+02
3.0799999996835493e+02
2.6400774445915152e+02
2.2000228970159685e+02
1.7598362424990901e+02
1.3199999997021305e+02
8.8003184887057955e+01
4.3993167564501441e+01
1.0102804097064740e-08
