2.9999999999999983e+02
2.9999999999999983e+02
2.9999999999999983e+02
2.9999999999999983e+02
2.9999999999999983e+02
2.9999999999999983e+02
2.9999999999999983e+02
3.0742872183039759e+02
3.4788174197059755e+02
3.8620013323091848e+02
4.2299953568753051e+02
3.7699884511417326e+02
3.5700346569866838e+02
3.5700346569866838e+02
3.5700346569866838e+02
3.5700346569866838e+02
3.5700346569866838e+02
3.5700346569866838e+02
3.5700346569866838e+02
3.5700346569866838e+02
3.5700346569866838e+02
3.5700346569866838e+02
3.5700346569866838e+02
3.5700346569866838e+02
3.5700346569866838e+02
3.5700346569866838e+02
3.5700346569866838e+02
3.5700346569866838e+02
3.7000084730318753e+02
4.1014044779877992e+02
4.4824465680182158e+02
4.0317678420557479e+02
3.9247657785076376e+02
3.9247657785076376e+02
3.9247657785076376e+02
3.9247657785076376e+02
3.9247657785076376e+02
3.9247657785076376e+02
3.9247657785076376e+02
3.9247657785076376e+02
3.9247657785076376e+02
3.9247657785076376e+02
3.9247657785076376e+02
3.9247657785076376e+02
3.9247657785076376e+02
3.9247657785076376e+02
3.9247657785076376e+02
3.9247657785076376e+02
3.9247657785076376e+02
3.9247657785076376e+02
4.2994522272871234e+02
4.0112318820721362e+02
4.0112318820721362e+02
4.0112318820721362e+02
4.0112318820721362e+02
4.0112318820721362e+02
4.0112318820721362e+02
4.0112318820721362e+02
4.0112318820721362e+02
4.0112318820721362e+02
4.0112318820721362e+02
4.0112318820721362e+02
4.0112318820721362e+02
4.0112318820721362e+02
4.0112318820721362e+02
4.0112318820721362e+02
4.0112318820721362e+02
4.0112318820721362e+02
4.0112318820721362e+02
4.0570637118264199e+02
4.4630736387696066e+02
4.1236388844616613e+02
4.1236388844616613e+02
4.1236388844616613e+02
4.1236388844616613e+02
4.1236388844616613e+02
4.1236388844616613e+02
4.1236388844616613e+02
4.1236388844616613e+02
4.1236388844616613e+02
4.1236388844616613e+02
4.1236388844616613e+02
4.1236388844616613e+02
4.1236388844616613e+02
4.1236388844616613e+02
4.1236388844616613e+02
4.1236388844616613e+02
4.1236388844616613e+02
4.1236388844616613e+02
4.1236388844616613e+02
4.3216585443338522e+02
4.1693357290475518e+02
4.1693357290475518e+02
4.1693357290475518e+02
4.1693357290475518e+02
4.1693357290475518e+02
4.1693357290475518e+02
4.1693357290475518e+02
4.1693357290475518e+02
4.1693357290475518e+02
4.1693357290475518e+02
4.1693357290475518e+02
4.1693357290475518e+02
4.1693357290475518e+02
4.1693357290475518e+02
4.1693357290475518e+02
4.1693357290475518e+02
4.1693357290475518e+02
4.1693357290475518e+02
4.1693357290475518e+02
4.4562572793052095e+02
4.2355483944916244e+02
4.2355483944916244e+02
4.2355483944916244e+02
4.2355483944916244e+02
4.2355483944916244e+02
4.2355483944916244e+02
4.2355483944916244e+02
4.2355483944916244e+02
4.2355483944916244e+02
4.2355483944916244e+02
4.2355483944916244e+02
4.2355483944916244e+02
4.2355483944916244e+02
4.2355483944916244e+02
4.2355483944916244e+02
4.2355483944916244e+02
4.2355483944916244e+02
4.2355483944916244e+02
4.2355483944916244e+02
4.3359941162359519e+02
4.2587281764326247e+02
4.2587281764326247e+02
4.2587281764326247e+02
4.2587281764326247e+02
4.2587281764326247e+02
4.2587281764326247e+02
4.2587281764326247e+02
4.2587281764326247e+02
4.2587281764326247e+02
4.2587281764326247e+02
4.2587281764326247e+02
4.2587281764326247e+02
4.2587281764326247e+02
4.2587281764326247e+02
4.2587281764326247e+02
4.2587281764326247e+02
4.2587281764326247e+02
4.2587281764326247e+02
4.2587281764326247e+02
4.4493356819303176e+02
4.3027145238551685e+02
4.3027145238551685e+02
4.3027145238551685e+02
4.3027145238551685e+02
4.3027145238551685e+02
4.3027145238551685e+02
4.3027145238551685e+02
4.3027145238551685e+02
4.3027145238551685e+02
4.3027145238551685e+02
