0.0000000000000000e+00
7.4285577069685568e-11
9.0183751180335365e-10
-8.8026394366523923e-03
8.2476780665981065e-09
5.2993433617902083e-06
-8.7920463052160100e-03
-1.9690094262600873e-04
-5.3868126240391046e-03
-2.7426853331799900e-03
-1.3974830075055168e-03
-2.7724569405091416e-08
-1.9389060016883936e-03
-1.2673984199243480e-02
1.2232969217909130e-08
3.8690487508373796e-03
-1.0615913331604616e-03
2.4517435500101619e-09
6.0224633705065330e-10
7.2025344078873108e-10
8.2817978787670721e-10
8.2666437963079206e-10
8.9917781022381052e-10
-8.7973604546287415e-03
8.2354722608712905e-09
-5.2597006048563044e-06
-8.8078843764204367e-03
8.3818383597529516e-09
-6.0634672684896308e-04
-4.9535570484289249e-03
-2.5314925753913060e-03
-2.6666329357045458e-08
-7.5529978269219954e-04
-1.0313667239382335e-02
1.0013352365000388e-08
1.5172369071011541e-03
-5.7672652561030265e-03
5.7361268205058297e-09
-3.0319042212935865e-03
2.7777555706696048e-09
5.0741255773313432e-10
1.0542233157490001e-09
1.1413079593795962e-09
-8.8026402713538565e-03
8.3095270106023141e-09
5.3002661533998074e-06
-8.7920444086073378e-03
8.3696489001114051e-09
-5.3047832611739735e-06
-8.8132636997389751e-03
-5.0338668111905467e-03
-7.5900874187344878e-04
-5.2827444966893015e-03
-1.8599798864686136e-02
1.9659396020049860e-08
9.7886621592262156e-03
1.1680950124616366e-09
4.2203136705290476e-09
1.1442999692661662e-09
1.1127819560481258e-09
1.1465642983500805e-09
1.2347184380663126e-09
1.0959369091134490e-09
-8.7973600336651962e-03
8.5861090909456016e-09
-5.2595020576671193e-06
-8.8078840660662655e-03
8.6980305218924642e-09
5.2555520944297254e-06
-7.5638250154676321e-05
-5.6144195507198489e-03
-3.5194700841714157e-04
-3.8904394287674971e-03
-1.6235180898355604e-02
1.6880656697881464e-08
7.4452855728545818e-03
6.0953537420608932e-03
-4.0550570341099804e-03
4.8355664901276095e-09
-3.6255871421108135e-10
1.4594301352359461e-09
1.4774007312984858e-09
1.3954236998755985e-09
-8.8026398417620395e-03
8.8353224912693812e-09
5.3008137954977923e-06
-8.7920438901268640e-03
8.7000799768923283e-09
-5.3044482812426407e-06
-8.8132633273224070e-03
-1.4044138511410493e-03
-2.7566793837407772e-03
-1.2905129355817861e-02
1.2573264720218850e-08
4.0996959607093241e-03
-6.0079557239700772e-04
2.7250086937545745e-09
-8.1962101171431049e-03
7.8578138871746459e-09
-6.0676073098645997e-04
1.6209126016598406e-09
1.2258257497897245e-09
1.3606454336666606e-09
-8.7973596906263211e-03
8.8619226432116707e-09
-5.2593735080141540e-06
-8.8078842034941696e-03
8.8692739353148280e-09
5.2562047176205997e-06
-8.7868622783958041e-03
-2.9592446394445474e-03
-1.6430213932072532e-03
-9.1294323167640905e-03
8.2865269555272529e-09
3.3307764863325939e-04
-8.1355031386972157e-03
8.2409326163989458e-09
-6.6381917333347947e-04
1.8160617917053248e-09
1.5085794267648328e-09
1.5782004555134931e-09
1.5573570806469474e-09
1.5880915426496757e-09
-8.8026396921078044e-03
8.9275905897538469e-09
5.3010407397144217e-06
-8.7920435801119943e-03
8.9803147318640173e-09
-5.3041988981541515e-06
-8.8132630873804102e-03
-3.6055286089417993e-04
-4.3941665100937655e-03
-1.7222636320231154e-02
1.8802472015327759e-08
8.4149062726030111e-03
8.0273126666070040e-03
-1.1574823340127856e-03
5.1534159540487465e-09
1.5111837877948199e-09
1.7294880498239094e-09
1.6875898426787682e-09
1.7389217270658070e-09
1.8982649209429111e-09
-8.7973592561836136e-03
9.3043581479340777e-09
-5.2588328544358225e-06
-8.8078835930910839e-03
9.2347183265726751e-09
5.2562318767913445e-06
-8.7868626033427120e-03
-1.3070247397617871e-03
-2.9290188556410734e-03
-1.3354978339445192e-02
1.3428149180942845e-08
4.5607394067736081e-03
3.2192358209712983e-04
-1.2721717092961767e-02
1.4922607753209230e-08
3.9256585434059924e-03
-9.5006408049115815e-04
3.1964229421182671e-09
