0.0000000000000000e+00
-4.4000000002269850e+01
-8.8000000001335735e+01
-1.3202200836403799e+02
-1.7600000001151182e+02
-2.1999998328894972e+02
-2.6402197491662872e+02
-3.0800035887213227e+02
-3.5200990904310163e+02
-3.9600502482622312e+02
-4.4000255046186385e+02
-3.9600000037479504e+02
-3.5200484461681197e+02
-3.0803167682392353e+02
-2.6400000001693604e+02
-2.1999033891844692e+02
-1.7600267679934737e+02
-1.3200000000364432e+02
-8.8000000001040760e+01
-4.4000000001414762e+01
-1.3544782537070202e-09
4.3999999998630663e+01
8.7999999998789747e+01
1.3197800835505808e+02
1.7599999998876461e+02
2.1999998327232043e+02
2.6397797492569720e+02
3.0799999998880241e+02
3.5199888430857209e+02
3.9599087500499337e+02
4.3999532015827259e+02
3.9599999966342648e+02
3.5199811227796715e+02
3.0797421509376096e+02
2.6399999998690021e+02
2.2000379612027487e+02
1.7598558677741460e+02
1.3199999999231855e+02
8.7992415801784148e+01
4.3999999996571162e+01
-4.0496245762503316e-10
-4.4000000001093071e+01
-8.8000000001058808e+01
-1.3202200836482820e+02
-1.7600000001125878e+02
-2.1999998328772236e+02
-2.6402197491434538e+02
-3.0800000001122612e+02
-3.5200001676542354e+02
-3.9602204189676326e+02
-4.4000924456322269e+02
-3.9600188572895547e+02
-3.5201652332961112e+02
-3.0805314065932953e+02
-2.6400000004010991e+02
-2.1996889304085357e+02
-1.7600000000782842e+02
-1.3200000000956123e+02
-8.8000000001012666e+01
-4.4000000001031822e+01
-1.0014975926638960e-09
4.3999999999034792e+01
8.7999999998899995e+01
1.3197800835527875e+02
1.7599999998890831e+02
2.1999998327244407e+02
2.6397797492601575e+02
3.0799999998897010e+02
3.5200001667467689e+02
3.9599986011329361e+02
4.3998966156939463e+02
3.9599911169418334e+02
3.5198655975140053e+02
3.0795198900870236e+02
2.6399999996376243e+02
2.2002604083057355e+02
1.7603009491482425e+02
1.3201214550179861e+02
8.8000000003817831e+01
4.3999999991690679e+01
-8.3339822618511334e-10
-4.4000000000767145e+01
-8.8000000000890950e+01
-1.3202200836460949e+02
-1.7600000001087679e+02
-2.1999998328741273e+02
-2.6402197491408708e+02
-3.0800000001097749e+02
-3.5200001676510044e+02
-3.9602204189645101e+02
-4.4000257488819489e+02
-3.9600687065686930e+02
-3.5203315458685728e+02
-3.0800000001776147e+02
-2.6398886249630789e+02
-2.1999972529196782e+02
-1.7600000000179847e+02
-1.3202226572049102e+02
-8.8000000012867275e+01
-4.3999743289901581e+01
-2.3819424921779371e-10
4.3999999998820876e+01
8.7999999999136321e+01
1.3197800835582444e+02
1.7599999998926529e+02
2.1999998327242835e+02
2.6397797492551848e+02
3.0799999998921226e+02
3.5200001667578351e+02
3.9597804170519044e+02
4.3999454149315517e+02
3.9599587542101165e+02
3.5197520152960476e+02
3.0799999998692823e+02
2.6400280940850303e+02
2.1998361307749872e+02
1.7599999999436622e+02
1.3199439005869431e+02
8.7999999995928519e+01
4.4000000000477897e+01
-6.4638814939768028e-10
-4.4000000000638693e+01
-8.8000000000620574e+01
-1.3202200836433300e+02
-1.7600000001069026e+02
-2.1999998328712317e+02
-2.6402197491367735e+02
-3.0800000001065229e+02
-3.5200001676473130e+02
-3.9602204189599451e+02
-4.4000065876722624e+02
-3.9601095978097885e+02
-3.5204324456312042e+02
-3.0800000002418039e+02
-2.6397878003294414e+02
-2.1997956784994585e+02
-1.7600234675564195e+02
-1.3200000000479304e+02
-8.8000000000367677e+01
-4.4000000000503299e+01
-5.1163482340111334e-10
4.3999999999509704e+01
8.7999999999670166e+01
1.3197800835610064e+02
1.7599999998970571e+02
2.1999998327313349e+02
2.6397797492652307e+02
3.0799999998957821e+02
3.5200001667542654e+02
3.9597804170409637e+02
4.3999758615828080e+02
3.9599265558247265e+02
3.5196571268318604e+02
3.0799999998176219e+02
2.6401230519854903e+02
2.2000261162518132e+02
1.7597090253280999e+02
1.3199999998509725e+02
8.8007110545529287e+01
4.3992217500338100e+01
-6.9622355458324899e-09
