0.0000000000000000e+00
7.6904062990227029e-11
8.8388450175422823e-10
-8.8026394877570094e-03
8.2046344427899974e-09
5.2993381505851388e-06
-8.7920462209292033e-03
-1.9690092725456316e-04
-5.3868126002259830e-03
-2.7426853004761647e-03
-1.3974829806146310e-03
-2.7740580817858501e-08
-1.9389060725851532e-03
-1.2673984202389556e-02
1.2236319852672208e-08
3.8690487538183293e-03
-1.0615913787255116e-03
2.5239302584082976e-09
6.1133013534442630e-10
7.5112555720765874e-10
8.0962170711000249e-10
8.2807608572689916e-10
9.2204673361182929e-10
-8.7973604266958806e-03
8.2296000825150610e-09
-5.2596718343383887e-06
-8.8078843486245895e-03
8.4181652103335052e-09
-6.0634665128558147e-04
-4.9535570133586032e-03
-2.5314925127340980e-03
-2.6581540039333303e-08
-7.5529975814364071e-04
-1.0313667196952868e-02
1.0069216480457934e-08
1.5172369653851828e-03
-5.7672652435846478e-03
5.7497514928898660e-09
-3.0319041405552968e-03
2.8434605285175634e-09
5.7115046842080557e-10
1.1117178286781453e-09
1.1343158116026273e-09
-8.8026402453849940e-03
8.3901729721945784e-09
5.3003630808263645e-06
-8.7920443415012185e-03
8.3859123838021443e-09
-5.3047822788843514e-06
-8.8132637311060073e-03
-5.0338668603247009e-03
-7.5900874405434790e-04
-5.2827444840399607e-03
-1.8599798853127465e-02
1.9621114103989547e-08
9.7886621598760395e-03
1.1399195365809554e-09
4.1986643383004987e-09
1.1477376894074656e-09
1.1564517537505473e-09
1.1918211251909351e-09
1.2228346404874691e-09
1.1525113707832185e-09
-8.7973599701660563e-03
8.5869597392655587e-09
-5.2594871023548189e-06
-8.8078841076874841e-03
8.7075274866040193e-09
5.2556273545382268e-06
-7.5638240657545537e-05
-5.6144195348375404e-03
-3.5194696087684305e-04
-3.8904393767452486e-03
-1.6235180851397472e-02
1.6951681951789823e-08
7.4452856635439059e-03
6.0953538549799414e-03
-4.0550569696623639e-03
4.8930222930933025e-09
-3.8177856504062255e-10
1.4062204744768832e-09
1.4775748021386587e-09
1.4066521474850245e-09
-8.8026399211218777e-03
8.7551900491682118e-09
5.3006949216392156e-06
-8.7920440188788574e-03
8.6233751019965288e-09
-5.3045267416827968e-06
-8.8132634017683963e-03
-1.4044139960259201e-03
-2.7566795052203193e-03
-1.2905129486135114e-02
1.2503602471969696e-08
4.0996959147386464e-03
-6.0079562045625993e-04
2.7458381283001635e-09
-8.1962101542174207e-03
7.7885352154189512e-09
-6.0676083914696396e-04
1.5910161193167263e-09
1.1476987078786125e-09
1.2953467371419175e-09
-8.7973597605230693e-03
8.8050794254809850e-09
-5.2594708291394091e-06
-8.8078843541258989e-03
8.8106746117361220e-09
5.2562579702800543e-06
-8.7868621176953061e-03
-2.9592445919145974e-03
-1.6430213655742082e-03
-9.1294322452618107e-03
8.2920496719254603e-09
3.3307764738657646e-04
-8.1355031920245374e-03
8.2452670741450070e-09
-6.6381905115523332e-04
1.8046015834572578e-09
1.5243818097748806e-09
1.6577014790182542e-09
1.6827649181608159e-09
1.6841636233185763e-09
-8.8026396066445481e-03
9.0223700811821789e-09
5.3011080761352839e-06
-8.7920434840784364e-03
9.0172774044369767e-09
-5.3041706640869863e-06
-8.8132631056855142e-03
-3.6055283414459008e-04
-4.3941664867780741e-03
-1.7222636321583461e-02
1.8817206186814286e-08
8.4149062852070210e-03
8.0273126719919673e-03
-1.1574822692437226e-03
5.1852835706670323e-09
1.5704049219741874e-09
1.8266546100890610e-09
1.7913736196212892e-09
1.8792130073119456e-09
2.0071318863221277e-09
-8.7973591775455575e-03
9.3908335614139776e-09
-5.2587329972287475e-06
-8.8078835259756856e-03
9.2596140341204071e-09
5.2562916898106518e-06
-8.7868624949564329e-03
-1.3070246978218849e-03
-2.9290188678391901e-03
-1.3354978377099589e-02
1.3386294105631175e-08
4.5607393883817455e-03
3.2192358707612410e-04
-1.2721717104958334e-02
1.4845709081345819e-08
3.9256583992829568e-03
-9.5006424620556920e-04
3.0817174442865117e-09
