0.0000000000000000e+00
0.0000000000000000e+00
0.0000000000000000e+00
0.0000000000000000e+00
-3.3333470252480546e-01
-1.2179538124401499e+00
-2.0689221739019099e+00
-2.8867841636138394e+00
-3.6731899103013559e+00
-4.4293492843952524e+00
-5.1564256047566177e+00
-5.2914348767591344e+00
-5.2914348767591344e+00
-5.2914348767591344e+00
-5.2914348767591344e+00
-5.2914348767591344e+00
-5.2914348767591379e+00
-5.2914348767591504e+00
-5.2914348767591459e+00
-5.2914348767591415e+00
-5.2914348767591317e+00
-5.2914348767591317e+00
-5.2914348767591317e+00
-5.2914348767591317e+00
-5.0598606131325967e+00
-4.2730937576129993e+00
-3.5169585446909033e+00
-2.7895301049762180e+00
-2.0900796902669416e+00
-1.4175312105943136e+00
-7.7084997945440936e-01
-7.1314365942341096e-01
-7.1314365942341096e-01
-7.1314365942341096e-01
-7.1314365942341096e-01
-7.1314365942341118e-01
-7.1314365942341140e-01
-7.1314365942340918e-01
-7.1314365942340785e-01
-7.1314365942340630e-01
-7.1314365942340330e-01
-7.1314365942340330e-01
-7.1314365942340330e-01
-7.1314365942340330e-01
-7.5491622230849664e-01
-1.3591886375579398e+00
-1.9405911201856441e+00
-2.4992567243383510e+00
-3.0364351812776533e+00
-3.5529529300208793e+00
-4.0496046110938142e+00
-4.0496046110938142e+00
-4.0496046110938142e+00
-4.0496046110938142e+00
-4.0496046110938142e+00
-4.0496046110938142e+00
-4.0496046110938160e+00
-4.0496046110938204e+00
-4.0496046110938231e+00
-4.0496046110938186e+00
-4.0496046110938151e+00
-4.0496046110938151e+00
-4.0496046110938151e+00
-4.0496046110938151e+00
-4.0496046110938151e+00
-3.4941818846362862e+00
-2.9604917582795967e+00
-2.4469540157020435e+00
-1.9531677304181387e+00
-1.4783732226185500e+00
-1.0218400416993529e+00
-1.0218400416993538e+00
-1.0218400416993538e+00
-1.0218400416993538e+00
-1.0218400416993538e+00
-1.0218400416993538e+00
-1.0218400416993545e+00
-1.0218400416993543e+00
-1.0218400416993565e+00
-1.0218400416993563e+00
-1.0218400416993563e+00
-1.0218400416993563e+00
-1.0218400416993563e+00
-1.0218400416993563e+00
-1.0218400416993563e+00
-1.4411656675546320e+00
-1.8447354119647876e+00
-2.2324090441140378e+00
-2.6051721458823613e+00
-2.9635982064703854e+00
-3.3082386491462499e+00
-3.3082386491462499e+00
-3.3082386491462499e+00
-3.3082386491462499e+00
-3.3082386491462499e+00
-3.3082386491462499e+00
-3.3082386491462406e+00
-3.3082386491462406e+00
-3.3082386491462397e+00
-3.3082386491462437e+00
-3.3082386491462517e+00
-3.3082386491462517e+00
-3.3082386491462517e+00
-3.3082386491462517e+00
-3.3082386491462517e+00
-2.9132356596822193e+00
-2.5337964106743929e+00
-2.1685776382952522e+00
-1.8174057456762962e+00
-1.4797404623973347e+00
-1.1550623052241247e+00
-1.1550623052241247e+00
-1.1550623052241247e+00
-1.1550623052241247e+00
-1.1550623052241247e+00
-1.1550623052241247e+00
-1.1550623052241251e+00
-1.1550623052241249e+00
-1.1550623052241249e+00
-1.1550623052241238e+00
-1.1550623052241220e+00
-1.1550623052241220e+00
-1.1550623052241220e+00
-1.1550623052241220e+00
-1.1550623052241220e+00
-1.4450411382863568e+00
-1.7242393813732055e+00
-1.9923257614064478e+00
-2.2501011224627074e+00
-2.4979620473608417e+00
-2.7362898596688003e+00
-2.7362898596688003e+00
-2.7362898596688003e+00
-2.7362898596688003e+00
-2.7362898596688003e+00
-2.7362898596688003e+00
-2.7362898596687963e+00
-2.7362898596687923e+00
-2.7362898596688003e+00
-2.7362898596687968e+00
-2.7362898596688003e+00
-2.7362898596688003e+00
-2.7362898596688003e+00
-2.7362898596688003e+00
-2.7362898596688003e+00
-2.4545085831056568e+00
-2.1839367693251375e+00
-1.9233988032202500e+00
-1.6728815307388565e+00
-1.4319995365828995e+00
-1.2003822344212813e+00
-1.2003822344212813e+00
-1.2003822344212813e+00
-1.2003822344212813e+00
-1.2003822344212813e+00
-1.2003822344212818e+00
-1.2003822344212813e+00
-1.2003822344212842e+00
-1.2003822344212858e+00
-1.2003822344212851e+00
-1.2003822344212853e+00
