0.0000000000000000e+00
0.0000000000000000e+00
0.0000000000000000e+00
0.0000000000000000e+00
1.6666735126242152e-01
6.0897690622014078e-01
1.0344610869511737e+00
1.4433920818071484e+00
1.8365949551509240e+00
2.2146746421979686e+00
2.5782128023787205e+00
2.6457174383799931e+00
2.6457174383799931e+00
2.6457174383799948e+00
2.6457174383799944e+00
2.6457174383799962e+00
2.6457174383799971e+00
2.6457174383800015e+00
2.6457174383799944e+00
2.6457174383799944e+00
2.6457174383799913e+00
2.6457174383799917e+00
2.6457174383799944e+00
2.6457174383799948e+00
2.5299303065667167e+00
2.1365468788068354e+00
1.7584792723456948e+00
1.3947650524883100e+00
1.0450398451334941e+00
7.0876560529701660e-01
3.8542498972693218e-01
3.5657182971142010e-01
3.5657182971142032e-01
3.5657182971142032e-01
3.5657182971142004e-01
3.5657182971141971e-01
3.5657182971142010e-01
3.5657182971141949e-01
3.5657182971141888e-01
3.5657182971141788e-01
3.5657182971141743e-01
3.5657182971141732e-01
3.5657182971141754e-01
3.5657182971141721e-01
3.7745811115395467e-01
6.7959431877854304e-01
9.7029556009227103e-01
1.2496283621684654e+00
1.5182175906379372e+00
1.7764764650093920e+00
2.0248023055457467e+00
2.0248023055457427e+00
2.0248023055457431e+00
2.0248023055457471e+00
2.0248023055457467e+00
2.0248023055457502e+00
2.0248023055457538e+00
2.0248023055457502e+00
2.0248023055457547e+00
2.0248023055457547e+00
2.0248023055457525e+00
2.0248023055457516e+00
2.0248023055457520e+00
2.0248023055457516e+00
2.0248023055457534e+00
1.7470909423166938e+00
1.4802458791380451e+00
1.2234770078490009e+00
9.7658386520680840e-01
7.3918661130675911e-01
5.1092002084694021e-01
5.1092002084693999e-01
5.1092002084693966e-01
5.1092002084693922e-01
5.1092002084693899e-01
5.1092002084693966e-01
5.1092002084694177e-01
5.1092002084694199e-01
5.1092002084694244e-01
5.1092002084694310e-01
5.1092002084694443e-01
5.1092002084694466e-01
5.1092002084694454e-01
5.1092002084694366e-01
5.1092002084694355e-01
7.2058283377433341e-01
9.2236770597919604e-01
1.1162045220536054e+00
1.3025860729376009e+00
1.4817991032314619e+00
1.6541193245692514e+00
1.6541193245692569e+00
1.6541193245692560e+00
1.6541193245692551e+00
1.6541193245692545e+00
1.6541193245692527e+00
1.6541193245692489e+00
1.6541193245692476e+00
1.6541193245692472e+00
1.6541193245692489e+00
1.6541193245692511e+00
1.6541193245692511e+00
1.6541193245692505e+00
1.6541193245692503e+00
1.6541193245692525e+00
1.4566178298370485e+00
1.2668982053329714e+00
1.0842888191432738e+00
9.0870287283369311e-01
7.3987023119410100e-01
5.7753115260738941e-01
5.7753115260738930e-01
5.7753115260738885e-01
5.7753115260738952e-01
5.7753115260738952e-01
5.7753115260738863e-01
5.7753115260738785e-01
5.7753115260738785e-01
5.7753115260738785e-01
5.7753115260738797e-01
5.7753115260738896e-01
5.7753115260738874e-01
5.7753115260738852e-01
5.7753115260738785e-01
5.7753115260738752e-01
7.2252056913841622e-01
8.6211969068172245e-01
9.9616288069825931e-01
1.1250505612263038e+00
1.2489810236753027e+00
1.3681449298292288e+00
1.3681449298292288e+00
1.3681449298292294e+00
1.3681449298292296e+00
1.3681449298292307e+00
1.3681449298292314e+00
1.3681449298292310e+00
1.3681449298292283e+00
1.3681449298292327e+00
1.3681449298292363e+00
1.3681449298292376e+00
1.3681449298292376e+00
1.3681449298292376e+00
1.3681449298292381e+00
1.3681449298292385e+00
1.2272542915475717e+00
1.0919683846572261e+00
9.6169940160471479e-01
8.3644076536394452e-01
7.1599976828591583e-01
6.0019111720504370e-01
6.0019111720504392e-01
6.0019111720504348e-01
6.0019111720504359e-01
6.0019111720504315e-01
6.0019111720504426e-01
6.0019111720504148e-01
6.0019111720504303e-01
6.0019111720504170e-01
6.0019111720504204e-01
6.0019111720504359e-01
