0.0000000000000000e+00
-8.0000000033825149e-04
-1.6000000002501838e-03
-2.4000000002503785e-03
-3.2500028751195850e-03
-4.1827004280719955e-03
-4.3109499133171724e-03
-4.4330176651017966e-03
-4.5509785054381174e-03
-4.6644024152766167e-03
-4.7734638616205409e-03
-3.9937152320641215e-03
-3.1937157492724221e-03
-2.3937152317642287e-03
-1.5937152317629759e-03
-7.9371523151403501e-04
-7.9371523151414679e-04
-7.9371523151443020e-04
-7.9371523151530060e-04
-7.9371523151505795e-04
-7.9371523151422799e-04
6.2847681491216796e-06
8.0628476823756752e-04
1.6062847682380647e-03
2.4410195452227454e-03
3.3590282415264499e-03
3.4718466825845945e-03
3.5815704735082414e-03
3.6864880218302819e-03
3.7873703006976399e-03
3.8843724867011925e-03
3.0930284505349148e-03
2.2930283721278671e-03
1.4930284508343477e-03
6.9302845083464538e-04
-1.0697154891450074e-04
-1.0697154891457658e-04
-1.0697154891500189e-04
-1.0697154891508861e-04
-1.0697154891444119e-04
-1.0697154891469307e-04
-9.0697154925335885e-04
-1.7069715491652032e-03
-2.5069715491653072e-03
-3.3132374685943197e-03
-4.2038859693759442e-03
-4.2916974438188694e-03
-4.3748885309615616e-03
-4.4554652848931234e-03
-4.5329429500398592e-03
-4.6074407014041613e-03
-3.8074408713287787e-03
-3.0074406919141541e-03
-2.2074406919129976e-03
-1.4074406919136430e-03
-6.0744069166474479e-04
-6.0744069166462813e-04
-6.0744069166422795e-04
-6.0744069166388350e-04
-6.0744069166441509e-04
-6.0744069166415227e-04
1.9255930799789766e-04
9.9255930808626641e-04
1.7925593080864457e-03
2.5925593080874899e-03
3.4758650258231664e-03
3.5553188677451553e-03
3.6329568939439810e-03
3.7070248269380859e-03
3.7782440077661190e-03
3.8467239855702337e-03
3.0467235368829490e-03
2.2467239934945192e-03
1.4467239934965340e-03
6.4672399349622863e-04
-1.5327600625408093e-04
-1.5327600625415674e-04
-1.5327600625385877e-04
-1.5327600625409581e-04
-1.5327600625427725e-04
-1.5327600625471597e-04
-9.5327600659161991e-04
-1.7532760065037799e-03
-2.5532760065039139e-03
-3.3532760065036857e-03
-4.2161790953576250e-03
-4.2773172264996768e-03
-4.3348613698648061e-03
-4.3907758248953096e-03
-4.4445397360375581e-03
-4.4962358020563800e-03
-3.6962371980428159e-03
-2.8962357976217972e-03
-2.0962357976186366e-03
-1.2962357976197558e-03
-4.9623579737053910e-04
-4.9623579737130910e-04
-4.9623579737159240e-04
-4.9623579737197090e-04
-4.9623579737150556e-04
-4.9623579737103122e-04
3.0376420229173272e-04
1.1037642023787749e-03
1.9037642023784006e-03
2.7037642023778415e-03
3.5630107391706653e-03
3.6193246607922097e-03
3.6747133533702936e-03
3.7273891304282426e-03
3.7780389261632503e-03
3.8267406500775659e-03
3.0267388728595869e-03
2.2267406539628479e-03
1.4267406539671013e-03
6.2674065396599462e-04
-1.7325934578423384e-04
-1.7325934578412287e-04
-1.7325934578428948e-04
-1.7325934578404155e-04
-1.7325934578436527e-04
-1.7325934578499096e-04
-9.7325934612175601e-04
-1.7732593460340195e-03
-2.5732593460335530e-03
-3.3732593460334046e-03
-4.2167581840655824e-03
-4.2592415234309197e-03
-4.2988488725024089e-03
-4.3375151693749534e-03
-4.3746943095253525e-03
-4.4104434811890565e-03
-3.6104464192748121e-03
-2.8104434792040425e-03
-2.0104434791971488e-03
-1.2104434791991906e-03
-4.1044347895080152e-04
-4.1044347894979055e-04
-4.1044347894912252e-04
-4.1044347894843411e-04
-4.1044347894813042e-04
-4.1044347894810077e-04
3.8955652071316513e-04
1.1895565208006503e-03
1.9895565208003390e-03
2.7895565208014218e-03
3.6318217064094287e-03
3.6718046611091998e-03
3.7114901795841479e-03
3.7490677657922508e-03
3.7852000672341573e-03
3.8199426627306674e-03
3.0199394263020814e-03
2.2199426645825395e-03
1.4199426645902418e-03
6.1994266458741294e-04
-1.8005733516234462e-04
-1.8005733516263724e-04
-1.8005733516259105e-04
-1.8005733516373296e-04
-1.8005733516352027e-04
-1.8005733516436806e-04
