0.0000000000000000e+00
2.0000000008920152e-04
4.0000000014636428e-04
6.0000000014644780e-04
8.2499986015150198e-04
1.0913458770214527e-03
1.1552256128859256e-03
1.2165088107846693e-03
1.2754892410266308e-03
1.3322011943989864e-03
1.3867319185717343e-03
1.1968576158990431e-03
9.9685758741331967e-04
7.9685761590309338e-04
5.9685761590244201e-04
3.9685761575649709e-04
3.9685761575712430e-04
3.9685761575625493e-04
3.9685761575552716e-04
3.9685761575559346e-04
3.9685761575562300e-04
1.9685761584536181e-04
-3.1423840967336585e-06
-2.0314238409699533e-04
-4.2051056404947062e-04
-6.7951861384043188e-04
-7.3617224214334660e-04
-7.9078524398719255e-04
-8.4324402462701358e-04
-8.9368516076044420e-04
-9.4218625297832939e-04
-7.4651422540023395e-04
-5.4651423203495972e-04
-3.4651422539711977e-04
-1.4651422539719677e-04
5.3485774456278296e-05
5.3485774456276704e-05
5.3485774456686749e-05
5.3485774456868041e-05
5.3485774457436624e-05
5.3485774457413246e-05
2.5348577454588627e-04
4.5348577460290780e-04
6.5348577460285200e-04
8.5661871236501199e-04
1.1019384634936326e-03
1.1456007863068481e-03
1.1874442538906084e-03
1.2277326375392330e-03
1.2664714688486157e-03
1.3037203449971107e-03
1.1037203324120791e-03
9.0372034597973228e-04
7.0372034597976862e-04
5.0372034597967312e-04
3.0372034583337040e-04
3.0372034583303262e-04
3.0372034583279149e-04
3.0372034583273273e-04
3.0372034583247529e-04
3.0372034583187626e-04
1.0372034592287475e-04
-9.6279654020299077e-05
-2.9627965402015204e-04
-4.9627965401975672e-04
-7.3793700600214554e-04
-7.7790720095362190e-04
-8.1647844965974708e-04
-8.5351242082806170e-04
-8.8912200907437797e-04
-9.2336199758476494e-04
-7.2336202181700433e-04
-5.2336199672271995e-04
-3.2336199672319094e-04
-1.2336199672277690e-04
7.6638003131413579e-05
7.6638003131079699e-05
7.6638003130691257e-05
7.6638003130426549e-05
7.6638003130290481e-05
7.6638003130141132e-05
2.7663800322064950e-04
4.7663800327778520e-04
6.7663800327824554e-04
8.7663800327825593e-04
1.1080870430742657e-03
1.1384116072617758e-03
1.1674306783320211e-03
1.1953879104430150e-03
1.2222698650522241e-03
1.2481178982858560e-03
1.0481178049690034e-03
8.4811789883860989e-04
6.4811789883641960e-04
4.4811789883728747e-04
2.4811789869092903e-04
2.4811789869033884e-04
2.4811789868998816e-04
2.4811789868973408e-04
2.4811789868974579e-04
2.4811789869028800e-04
4.8117898779775987e-05
-1.5188210116310325e-04
-3.5188210116383418e-04
-5.5188210116394209e-04
-7.8150765085705171e-04
-8.0990931509888984e-04
-8.3735667744242088e-04
-8.6369456931127090e-04
-8.8901946570799821e-04
-9.1337032746648095e-04
-7.1337043137033752e-04
-5.1337032695755540e-04
-3.1337032695982482e-04
-1.1337032695836959e-04
8.6629672894464026e-05
8.6629672894734778e-05
8.6629672894804560e-05
8.6629672895683469e-05
8.6629672895067479e-05
8.6629672894647852e-05
2.8662967298509750e-04
4.8662967304171788e-04
6.8662967304197471e-04
8.8662967304242463e-04
1.1083779011987586e-03
1.1293744047353709e-03
1.1494244323317861e-03
1.1687575839674600e-03
1.1873471533472822e-03
1.2052217392857954e-03
1.0052215467476213e-03
8.0522173962817702e-04
6.0522173962365179e-04
4.0522173962611165e-04
2.0522173947941692e-04
2.0522173947940016e-04
2.0522173947962375e-04
2.0522173948028512e-04
2.0522173948015409e-04
2.0522173948012910e-04
5.2217395695562298e-06
-1.9477826037377991e-04
-3.9477826037344208e-04
-5.9477826037288885e-04
-8.1591202032776943e-04
-8.3614876310703209e-04
-8.5574508979326613e-04
-8.7453388524982097e-04
-8.9260003494924544e-04
-9.0997133259580428e-04
-7.0997152531175394e-04
-5.0997133226385826e-04
-3.0997133226829050e-04
-1.0997133226722180e-04
9.0028667586086020e-05
9.0028667585704327e-05
9.0028667586848404e-05
9.0028667586871593e-05
9.0028667587637974e-05
9.0028667588131015e-05
