0.0000000000000000e+00
0.0000000000000000e+00
0.0000000000000000e+00
0.0000000000000000e+00
5.0000205378720801e-05
1.8269307186602246e-04
3.1033832608528671e-04
4.3301762454207588e-04
5.5097848654520303e-04
6.6440239265928781e-04
7.7346384071349335e-04
7.9371523151387108e-04
7.9371523151387108e-04
7.9371523151387108e-04
7.9371523151387108e-04
7.9371523151387108e-04
7.9371523151387108e-04
7.9371523151387108e-04
7.9371523151387108e-04
7.9371523151387108e-04
7.9371523151387108e-04
7.9371523151387108e-04
7.9371523151387108e-04
7.9371523151387108e-04
8.2845137105785091e-04
9.4646639938579101e-04
1.0598866813241049e-03
1.1690009472813084e-03
1.2739185094877000e-03
1.3748007814385942e-03
1.4718029661095796e-03
1.4804589141142299e-03
1.4804589141142299e-03
1.4804589141142299e-03
1.4804589141142299e-03
1.4804589141142299e-03
1.4804589141142299e-03
1.4804589141142299e-03
1.4804589141142299e-03
1.4804589141142299e-03
1.4804589141142299e-03
1.4804589141142299e-03
1.4804589141142299e-03
1.4804589141142299e-03
1.4867247985469935e-03
1.5773656608344109e-03
1.6645760332285665e-03
1.7483758738514718e-03
1.8289526423923676e-03
1.9064303047038518e-03
1.9809280568647927e-03
1.9809280568647927e-03
1.9809280568647927e-03
1.9809280568647927e-03
1.9809280568647927e-03
1.9809280568647927e-03
1.9809280568647927e-03
1.9809280568647927e-03
1.9809280568647927e-03
1.9809280568647927e-03
1.9809280568647927e-03
1.9809280568647927e-03
1.9809280568647927e-03
1.9809280568647927e-03
1.9809280568647927e-03
2.0642414658334205e-03
2.1442949847869240e-03
2.2213256461735575e-03
2.2953935889661430e-03
2.3666127651360801e-03
2.4350927422739604e-03
2.4350927422739604e-03
2.4350927422739604e-03
2.4350927422739604e-03
2.4350927422739604e-03
2.4350927422739604e-03
2.4350927422739604e-03
2.4350927422739604e-03
2.4350927422739604e-03
2.4350927422739604e-03
2.4350927422739604e-03
2.4350927422739604e-03
2.4350927422739604e-03
2.4350927422739604e-03
2.4350927422739604e-03
2.4979915861522515e-03
2.5585270478137748e-03
2.6166780926361625e-03
2.6725925579014109e-03
2.7263564669896142e-03
2.7780525333909950e-03
2.7780525333909950e-03
2.7780525333909950e-03
2.7780525333909950e-03
2.7780525333909950e-03
2.7780525333909950e-03
2.7780525333909950e-03
2.7780525333909950e-03
2.7780525333909950e-03
2.7780525333909950e-03
2.7780525333909950e-03
2.7780525333909950e-03
2.7780525333909950e-03
2.7780525333909950e-03
2.7780525333909950e-03
2.8373029818105984e-03
2.8942188691617739e-03
2.9490016850186435e-03
3.0016774689114872e-03
3.0523272614033322e-03
3.1010289849793143e-03
3.1010289849793143e-03
3.1010289849793143e-03
3.1010289849793143e-03
3.1010289849793143e-03
3.1010289849793143e-03
3.1010289849793143e-03
3.1010289849793143e-03
3.1010289849793143e-03
3.1010289849793143e-03
3.1010289849793143e-03
3.1010289849793143e-03
3.1010289849793143e-03
3.1010289849793143e-03
3.1010289849793143e-03
3.1445258099386487e-03
3.1864055464016763e-03
3.2266185034066633e-03
3.2652848075651023e-03
3.3024639462998205e-03
3.3382131181460147e-03
3.3382131181460147e-03
3.3382131181460147e-03
3.3382131181460147e-03
3.3382131181460147e-03
3.3382131181460147e-03
3.3382131181460147e-03
3.3382131181460147e-03
3.3382131181460147e-03
3.3382131181460147e-03
3.3382131181460147e-03
3.3382131181460147e-03
3.3382131181460147e-03
3.3382131181460147e-03
3.3382131181460147e-03
3.3804803096304861e-03
3.4210660816975658e-03
3.4601467766132996e-03
3.4977243674855075e-03
3.5338566666089002e-03
3.5685992619331436e-03
3.5685992619331436e-03
3.5685992619331436e-03
3.5685992619331436e-03
3.5685992619331436e-03
3.5685992619331436e-03
3.5685992619331436e-03
3.5685992619331436e-03
3.5685992619331436e-03
3.5685992619331436e-03
3.5685992619331436e-03
