0.0000000000000000e+00
8.3736809491947507e-10
1.4789851229885055e-08
1.4815037882839785e-08
-1.6015523894788295e-04
-4.3964142322025192e-04
-1.6974665631419153e-02
-2.0462140756250666e-06
-1.2265965331329266e-06
-1.3348850189780878e-06
-1.2340395409506116e-06
8.1939327019340567e-10
-2.7769874949432680e-05
1.4743381296818380e-08
1.4606859371511615e-08
-5.1814270414675253e-11
-3.7492740765382954e-11
-1.1231469542010377e-10
-1.9415841965298662e-10
-2.1424414406733699e-10
-1.9096150455856340e-10
7.7075247109741689e-10
1.4687102471066574e-08
1.4772603887323615e-08
-7.9329609260726395e-05
-4.5220910482434551e-04
-1.6986978596020413e-02
-8.0032850628107650e-07
-1.3298475894352448e-06
-1.0533149511135484e-06
-9.7396297982016673e-07
6.9821911894028868e-10
-4.6168564810390014e-06
1.4555142770159255e-08
1.4523917590489501e-08
-2.5930248687023275e-10
-2.5044988799451573e-10
-2.4143048692485637e-10
-2.0881493863321203e-10
-1.2378982907941889e-10
-1.4705892917431397e-10
6.0846567709802413e-10
1.4492788269498105e-08
1.4468658258782517e-08
-2.3093217318986331e-06
-4.5808575656273201e-04
-1.6850531481839168e-02
-1.0585160405754480e-06
-5.2520292617782376e-07
-6.2287852136961988e-07
-5.7578541752217696e-07
-1.0267535864467320e-05
1.4467990549706470e-08
1.4509472806543430e-08
1.4504028450288936e-08
-2.9513993594536750e-10
-2.5307799803881495e-10
-2.2982215701941934e-10
-1.0419295390588515e-10
-1.6120456285593941e-10
-1.8961404860126202e-10
7.1966342380595200e-10
1.4607587661908657e-08
1.4660608662752342e-08
1.4767280100513744e-08
-4.5235920640547902e-04
-1.6882792174335661e-02
-3.1064009118630981e-07
-7.0162482803867261e-07
-5.2515259732568159e-07
-4.8548223178760943e-07
-2.4492503755840168e-05
1.4907489524559497e-08
1.4924324621346887e-08
1.4994370152258110e-08
3.1625851630332604e-10
2.6944186651003732e-10
2.6324100825548805e-10
2.3678748039714803e-10
1.7144648062946692e-10
1.2532401849454039e-10
1.1322633155693879e-09
1.4973526016907013e-08
1.5081102274629367e-08
1.5133574775782298e-08
-2.5402105363246354e-04
-1.6768807358301416e-02
-5.7923929930550450e-07
-2.2062691979386636e-07
-2.9953411882806697e-07
-2.7691128864979812e-07
-7.8124219432460551e-05
1.5245400362548660e-08
1.5015265983670093e-08
1.5141352562404121e-08
3.3241296025084143e-10
2.6611495632520054e-10
1.7836446571077020e-10
1.0743917279946311e-10
1.3621985378452015e-10
1.8220469533117758e-10
1.1276400010768904e-09
1.5005470547902801e-08
1.4962459136111299e-08
1.4882558066848440e-08
-2.2938177877070365e-04
-1.6810693506651295e-02
-9.4765575366745477e-08
-3.8180836896685900e-07
-2.6567686437014767e-07
-2.4559900446731370e-07
-9.6730186174191898e-05
1.4887810592325163e-08
1.4617454324436237e-08
1.4783284459377730e-08
-2.0518292678769871e-11
-4.7852740657577322e-11
4.9054078894270422e-12
3.0720456423530086e-11
-1.5154192054402325e-11
-5.4392330172754764e-11
9.4140334234968477e-10
1.4840007812147685e-08
1.4840961648562433e-08
1.4956459503916685e-08
-1.2100113937991420e-04
-1.6711715253648261e-02
-3.2553838076758908e-07
-8.3070341889452855e-08
-1.4311043756718100e-07
-1.3230947397974524e-07
-1.6329488738263623e-04
1.5296398301150538e-08
1.4875899839460085e-08
1.5121449776354147e-08
3.0374270358944166e-10
3.4223617544410900e-10
3.5752234222075134e-10
3.8620491634169982e-10
3.4728998114772268e-10
3.9662501294494290e-10
1.2745234981958115e-09
1.5130828878951620e-08
1.5108728917396284e-08
1.5231432855335986e-08
-1.1714482224611511e-04
-1.6759896186737139e-02
-3.7309803420762003e-09
-2.1258946373132802e-07
-1.3471337765934388e-07
-1.2444743799956656e-07
-1.7644523840920810e-04
1.5619966477915953e-08
1.5082789585271774e-08
1.5201115229284578e-08
3.7113688388600594e-10
3.2751470143574456e-10
4.0169288334886438e-10
2.4478463880872069e-10
4.3285781476811633e-10
3.4070875347433773e-10
