0.0000000000000000e+00
8.2336907499522110e-10
1.4766633031084886e-08
1.4772588064697049e-08
-1.6015526594716312e-04
-4.3964145490410923e-04
-1.6974665736381154e-02
-2.0462239180187043e-06
-1.2266108375525167e-06
-1.3349594995078370e-06
-1.2340951406005619e-06
7.5155669110558529e-10
-2.7769928803217512e-05
1.4661498235013237e-08
1.4555660118509490e-08
-1.3537078461211175e-10
-6.5022038166438561e-11
-1.5871790290247916e-10
-2.9941680900371952e-10
-3.0490338835867267e-10
-2.5683661467799413e-10
7.5166879801559731e-10
1.4781491077905754e-08
1.4787084458408815e-08
-7.9329595364806973e-05
-4.5220904206894270e-04
-1.6986978528477654e-02
-8.0029473391549782e-07
-1.3296974029840440e-06
-1.0531731789965218e-06
-9.7384246753680066e-07
8.0287816902384699e-10
-4.6167798034103520e-06
1.4595753731784762e-08
1.4573148258947321e-08
-1.6251678841433767e-10
-1.6277859133174774e-10
-1.4240425031401410e-10
-1.0747140265299722e-10
1.3644405180698814e-11
-2.9286203896249304e-12
6.8516471861625688e-10
1.4605612884416474e-08
1.4575233570159557e-08
-2.3092173625925232e-06
-4.5808562773616074e-04
-1.6850531357514957e-02
-1.0583492374720640e-06
-5.2500807990632825e-07
-6.2269880349019394e-07
-5.7565082343614475e-07
-1.0267293913621334e-05
1.4769947429230438e-08
1.4794751690453849e-08
1.4783176182882333e-08
-2.5282199213064127e-11
1.0991573174324833e-11
4.4419639864504658e-12
8.4569284813828740e-11
3.6161168026315636e-11
-3.7992027169128841e-11
9.9486221642824712e-10
1.4910127213933460e-08
1.4937189527963065e-08
1.5068688666661451e-08
-4.5235888499318934e-04
-1.6882791833764049e-02
-3.1032831747070599e-07
-7.0133551069720089e-07
-5.2483193125667760e-07
-4.8519230406548154e-07
-2.4492296234590076e-05
1.5181599673384408e-08
1.5169570340742970e-08
1.5239235035074589e-08
5.3099246597532149e-10
4.9680492026099800e-10
4.6139588467040234e-10
4.3565272715179247e-10
3.9226988331522219e-10
3.5603897220640906e-10
1.4473380220598956e-09
1.5324954531269426e-08
1.5421636861284661e-08
1.5434624028129029e-08
-2.5402070230232934e-04
-1.6768807042375385e-02
-5.7891088899292398e-07
-2.2035867666974875e-07
-2.9927949857802364e-07
-2.7666436451673366e-07
-7.8123897441669736e-05
1.5628831917084623e-08
1.5368273954750766e-08
1.5472565622917108e-08
6.6289522703668491e-10
5.9347145852526209e-10
5.0997306442854129e-10
4.3182667207161077e-10
4.5550638160016783e-10
5.3683309134603504e-10
1.4445166131483924e-09
1.5337875417263595e-08
1.5216141098919807e-08
1.5178193995695155e-08
-2.2938148625828599e-04
-1.6810693241934349e-02
-9.4552414779037131e-08
-3.8162555536375039e-07
-2.6546941974097899e-07
-2.4539576495027594e-07
-9.6730040614038937e-05
1.5116972136107428e-08
1.4897039384324478e-08
1.5077627180799796e-08
1.9585841927524092e-10
1.8337314501850603e-10
2.0008095121841353e-10
2.7987753590063441e-10
1.8894239753002792e-10
9.5990363478676992e-11
1.1715339317247290e-09
1.5019902164272131e-08
1.5065833054217137e-08
1.5162275615844108e-08
-1.2100095228870834e-04
-1.6711714997146132e-02
-3.2534291744741865e-07
-8.2862163749722070e-08
-1.4294261562296477e-07
-1.3216834817584750e-07
-1.6329470567889366e-04
1.5430499787686712e-08
1.4980702474999915e-08
1.5271284766809917e-08
4.1564271612104265e-10
4.1974364171960207e-10
4.6666823083194577e-10
5.7033971548968750e-10
5.4374236767399369e-10
5.7363837805650856e-10
1.3924778568164351e-09
1.5236688772332171e-08
1.5264808105517521e-08
1.5403042624358252e-08
-1.1714460710602500e-04
-1.6759895989035427e-02
-3.5668113142844025e-09
-2.1240177222421075e-07
-1.3457986564989155e-07
-1.2427896847394412e-07
-1.7644511337895071e-04
1.5687706706303327e-08
1.5219554142214910e-08
1.5311172875739187e-08
5.1994973626905709e-10
4.7872107228210961e-10
6.3910000188362063e-10
5.5468090349513667e-10
7.2211851990898005e-10
7.0685527466515328e-10
