0.0000000000000000e+00
8.8000000037622826e+01
1.7600000003491249e+02
2.6400000003494097e+02
3.5200021359386926e+02
4.4000058936194239e+02
4.4005878726267554e+02
4.4000000343847205e+02
4.4000000146493517e+02
4.4000000182045557e+02
4.4000000168274511e+02
3.5200000006093211e+02
2.6400004306849110e+02
1.7600000003489430e+02
8.8000000034696143e+01
5.2301033473753567e-12
-1.9078879464990227e-11
-2.3924130742589575e-11
2.4667769556814505e-11
1.1660156068208284e-11
-2.4145770496989156e-11
8.7999999962574307e+01
1.7599999996532796e+02
2.6399999996535081e+02
3.5199988975601610e+02
4.3999937967309381e+02
4.3994144456100094e+02
4.3999999921817761e+02
4.3999999795562172e+02
4.3999999857816022e+02
4.3999999868509099e+02
3.5199999993894119e+02
2.6399999362297785e+02
1.7599999996499565e+02
8.7999999965030781e+01
-9.0664084407705274e-12
-6.9354775698276865e-12
2.9511322383013107e-11
5.6228554763081064e-11
1.0883384359620213e-10
1.2002983902559671e-10
8.8000000037694946e+01
1.7600000003495111e+02
2.6400000003494603e+02
3.5200000272263617e+02
4.4000061506878552e+02
4.4005854007129085e+02
4.4000000192495719e+02
4.4000000058458272e+02
4.4000000084763047e+02
4.4000000078352446e+02
3.5200001462938832e+02
2.6400000003480039e+02
1.7600000003467852e+02
8.8000000034751736e+01
1.2070912758146331e-10
1.1295777174496335e-10
1.0292291449047360e-10
8.1819279756584132e-11
1.2621744697645961e-10
1.3729520659551125e-10
8.7999999962480445e+01
1.7599999996526998e+02
2.6399999996525878e+02
3.5199999996531045e+02
4.3999938011667723e+02
4.3994163085969137e+02
4.3999999974828626e+02
4.3999999886594287e+02
4.3999999929009289e+02
4.3999999934354901e+02
3.5199996199144579e+02
2.6399999996502328e+02
1.7599999996521379e+02
8.7999999965120310e+01
1.5717796272941657e-10
1.7166486643375109e-10
1.9106407405533264e-10
1.9595680126699565e-10
1.9697874340919188e-10
2.4748340830502974e-10
8.8000000037621263e+01
1.7600000003488788e+02
2.6400000003495455e+02
3.5200000003494478e+02
4.4000033996419052e+02
4.4005837621388355e+02
4.4000000116764289e+02
4.4000000022111396e+02
4.4000000040759710e+02
4.4000000037682855e+02
3.5200011501169581e+02
2.6400000003513873e+02
1.7600000003466792e+02
8.8000000034851865e+01
3.4263672579647588e-10
3.0402993541851074e-10
2.8468213661764277e-10
2.3777688361404023e-10
2.4402872264991675e-10
2.0375858136380177e-10
8.7999999962412971e+01
1.7599999996504263e+02
2.6399999996503072e+02
3.5199999996501157e+02
4.3999968438439879e+02
4.3994175881001536e+02
4.3999999994998734e+02
4.3999999934167317e+02
4.3999999964034771e+02
4.3999999966752443e+02
3.5199985241584631e+02
2.6399999996465948e+02
1.7599999996524792e+02
8.7999999965021743e+01
2.5023629559567674e-10
2.6641174438178065e-10
2.2836251820838375e-10
2.6885835678811551e-10
2.1657376331313593e-10
2.5904477789654821e-10
8.8000000037677438e+01
1.7600000003496936e+02
2.6400000003492431e+02
3.5200000003495677e+02
4.4000016096492431e+02
4.4005826192713693e+02
4.4000000074929562e+02
4.4000000006908590e+02
4.4000000019475601e+02
4.4000000018007728e+02
3.5200024178823105e+02
2.6400000003552009e+02
1.7600000003454772e+02
8.8000000034903167e+01
3.2838987674377557e-10
2.5552445954312300e-10
2.4407763974382794e-10
2.5480697179125229e-10
2.3779535088376583e-10
2.0608350190430533e-10
8.7999999962362423e+01
1.7599999996507876e+02
2.6399999996504414e+02
3.5199999996510667e+02
4.3999983789872726e+02
4.3994184936401672e+02
4.4000000000930140e+02
4.3999999960066577e+02
4.3999999981678621e+02
4.3999999983060491e+02
3.5199973198387875e+02
2.6399999996432575e+02
1.7599999996542934e+02
8.7999999965073130e+01
2.6949979135835702e-10
2.5643738549853248e-10
2.5284714261899252e-10
2.9325235761321838e-10
3.3661560209033702e-10
3.7980264211175214e-10
