0.0000000000000000e+00
-8.0000000033825149e-04
-1.6000000002501838e-03
-2.4000000002503785e-03
-3.2500028751195850e-03
-4.1827004280719955e-03
-4.3109499133171724e-03
-4.4330176651017966e-03
-4.5509785054381174e-03
-4.6644024152766167e-03
-4.7734638616205409e-03
-4.8783306368924166e-03
-4.9791640745985698e-03
-5.0761193031124202e-03
-5.1693454843295657e-03
-5.2589860431491667e-03
-5.3451788881278724e-03
-5.4280566236495128e-03
-5.5077467539232962e-03
-5.5843718791556548e-03
-5.6580498841577740e-03
-5.7288941197098436e-03
-5.7970135769465740e-03
-5.8625130550366261e-03
-5.9254933224089489e-03
-5.9860512717866020e-03
-6.0442800692466006e-03
-6.1002692975572871e-03
-6.1541050939946792e-03
-6.2058702828618204e-03
-6.2556445029136390e-03
-6.3035043298741321e-03
-6.3495233942473667e-03
-6.3937724945961538e-03
-6.4363197064609993e-03
-6.4772304870913053e-03
-6.5165677761501234e-03
-6.5543920925450463e-03
-6.5907616275330061e-03
-6.6257323342454677e-03
-6.6593580137719877e-03
-6.6916903979263448e-03
-6.7227792288384334e-03
-6.7526723354801718e-03
-6.7814157072465658e-03
-6.8090535647099054e-03
-6.8356284276518105e-03
-6.8611811804761532e-03
-6.8857511351123257e-03
-6.9093760914904524e-03
-6.9330016060208223e-03
-6.9540334366649022e-03
-6.9750657096563163e-03
-6.9960984250137144e-03
-7.0147355895120818e-03
-7.0333731013605232e-03
-7.0520109605722199e-03
-7.0686712556495158e-03
-7.0853318282971230e-03
-7.1019926785249182e-03
-7.1166414230304153e-03
-7.1312903821259387e-03
-7.1459395558163483e-03
-7.1592274155601841e-03
-7.1725154518721065e-03
-7.1858036647592010e-03
-7.1971652552297420e-03
-7.2085269747881407e-03
-7.2198888234367587e-03
-7.2312508011773968e-03
-7.2411518081906311e-03
-7.2510529132348818e-03
-7.2609541163124033e-03
-7.2699106431065585e-03
-7.2788672501212922e-03
-7.2878239373578464e-03
-7.2955190557835378e-03
-7.3032142334260438e-03
-7.3109094702843731e-03
-7.3186047663587953e-03
-7.3252427491028171e-03
-7.3318807759091232e-03
-7.3385188467786841e-03
-7.3451569617132527e-03
-7.3506484877774959e-03
-7.3561400439981668e-03
-7.3619031206528917e-03
-7.3676662305210945e-03
-7.3723562277656987e-03
-7.3770462470066087e-03
-7.3819767616640185e-03
-7.3869073006323453e-03
-7.3909088842873880e-03
-7.3949104839548885e-03
-7.3991324590460712e-03
-7.4033544519627945e-03
-7.4067650154612348e-03
-7.4101755905914965e-03
-7.4137943828531446e-03
-7.4174131882117737e-03
-7.4203165355971939e-03
-7.4232198914105929e-03
-7.4263250406358273e-03
-7.4294301995029583e-03
-7.4318984002459025e-03
-7.4343666070815296e-03
-7.4370342419870367e-03
-7.4397018840093605e-03
-7.4417968838084870e-03
-7.4438918879970875e-03
-7.4461867597122675e-03
-7.4484816366927904e-03
-7.4502566542822566e-03
-7.4520316750219346e-03
-7.4540088771284929e-03
-7.4559860831453356e-03
-7.4574868199397707e-03
-7.4589875589872075e-03
-7.4606939834778556e-03
-7.4624004108803091e-03
-7.4636660972965865e-03
-7.4649317853150970e-03
-7.4664073558322868e-03
-7.4678829285271522e-03
-7.4689472280611889e-03
-7.4700115287278995e-03
-7.4712902458154758e-03
-7.4725689645383214e-03
-7.4734607541850039e-03
-7.4743525446269868e-03
-7.4754633721759393e-03
-7.4765742009578508e-03
-7.4773182443040181e-03
-7.4780622882043377e-03
-7.4790299056309052e-03
-7.4799975239933101e-03
-7.4806150512783907e-03
-7.4812325789456978e-03
-7.4820780197787217e-03
-7.4829234613260119e-03
-7.4834326689828118e-03
-7.4839418768993240e-03
-7.4846830711778108e-03
-7.4854242660069943e-03
-7.4858407465713869e-03
-7.4862572273099708e-03
-7.4869094625009082e-03
-7.4875616981173324e-03
-7.4878988100027495e-03
-7.4882359220022352e-03
-7.4888122348340507e-03
-7.4893885479970761e-03
-7.4896577333683654e-03
-7.4899269188126250e-03
-7.4904384285133085e-03
-7.4909499384756099e-03
-7.4911609963791721e-03
-7.4913720543272212e-03
-7.4918282461366344e-03
-7.4922844381546195e-03
-7.4924457590929364e-03
