0.0000000000000000e+00
2.0000000008920152e-04
4.0000000014636428e-04
6.0000000014644780e-04
8.2499986015150198e-04
1.0913458770214527e-03
1.1552256128859256e-03
1.2165088107846693e-03
1.2754892410266308e-03
1.3322011943989864e-03
1.3867319185717343e-03
1.4391653071319324e-03
1.4895820268400399e-03
1.5380596418870754e-03
1.5846727332260949e-03
1.6294930133119369e-03
1.6725894364262423e-03
1.7140283047630427e-03
1.7538733704335293e-03
1.7921859335437204e-03
1.8290249365007934e-03
1.8644470546982997e-03
1.8985067837069102e-03
1.9312565231112346e-03
1.9627466571307734e-03
1.9930256321272089e-03
2.0221400311412644e-03
2.0501346455599565e-03
2.0770525440214987e-03
2.1029351386798881e-03
2.1278222489139144e-03
2.1517521625857641e-03
2.1747616949508927e-03
2.1968862452896283e-03
2.2181598513729989e-03
2.2386152418282486e-03
2.2582838864874054e-03
2.2771960448055833e-03
2.2953808124109654e-03
2.3128661658697166e-03
2.3296790057280581e-03
2.3458451978924963e-03
2.3613896134288305e-03
2.3763361668237230e-03
2.3907078527767981e-03
2.4045267815724948e-03
2.4178142131037117e-03
2.4305905895714128e-03
2.4428755669402102e-03
2.4546880451761606e-03
2.4665003838780643e-03
2.4770167140228051e-03
2.4875329335760214e-03
2.4980490425394897e-03
2.5073677910801215e-03
2.5166864527820633e-03
2.5260050276480774e-03
2.5343356253229093e-03
2.5426661535992573e-03
2.5509966124785100e-03
2.5583207089241626e-03
2.5656447517271343e-03
2.5729687408892091e-03
2.5796137065982054e-03
2.5862586281536039e-03
2.5929035055529443e-03
2.5985826252370361e-03
2.6042617126684755e-03
2.6099407678480042e-03
2.6156197907761807e-03
2.6205759027431745e-03
2.6255319901477580e-03
2.6304880529897908e-03
2.6349553209760591e-03
2.6394225690066181e-03
2.6438897970805994e-03
2.6477595269155697e-03
2.6516292417748926e-03
2.6554989416599705e-03
2.6593686265707567e-03
2.6626213737698393e-03
2.6658741103888551e-03
2.6691268364270986e-03
2.6723795518857193e-03
2.6753242433591963e-03
2.6782689261616818e-03
2.6809515604921223e-03
2.6836341876264611e-03
2.6861781136285571e-03
2.6887220331588968e-03
2.6909883809994152e-03
2.6932547237036538e-03
2.6954544420257371e-03
2.6976541555096974e-03
2.6995662296895222e-03
2.7014783002123300e-03
2.7033825077037010e-03
2.7052867115698381e-03
2.7068971915911429e-03
2.7085076690200219e-03
2.7101582678338296e-03
2.7118088639233248e-03
2.7131625204829804e-03
2.7145161752104058e-03
2.7159492002007631e-03
2.7173822231370062e-03
2.7185171211580061e-03
2.7196520178899841e-03
2.7208984420087857e-03
2.7221448645732855e-03
2.7230933800187914e-03
2.7240418945645110e-03
2.7251283272634592e-03
2.7262147587828359e-03
2.7270044387265741e-03
2.7277941180467820e-03
2.7287434101060681e-03
2.7296927012635409e-03
2.7303469919023899e-03
2.7310012821132349e-03
2.7318330487935590e-03
2.7326648147824976e-03
2.7332036780791484e-03
2.7337425410862816e-03
2.7344736141811654e-03
2.7352046867412556e-03
2.7356451230700499e-03
2.7360855592045447e-03
2.7367303772459681e-03
2.7373751948717015e-03
2.7377316862490972e-03
2.7380881774998721e-03
2.7386591223076987e-03
2.7392300667895535e-03
2.7395149529767823e-03
2.7397998390825762e-03
2.7403075257979677e-03
2.7408152122539329e-03
2.7410390100505097e-03
2.7412628077965449e-03
2.7417163346502163e-03
2.7421698612977675e-03
2.7423415357513028e-03
2.7425132101735489e-03
2.7429203734457164e-03
2.7433275365526242e-03
2.7434547314125167e-03
2.7435819262562888e-03
2.7439494051628805e-03
2.7443168839349553e-03
2.7444061175778450e-03
2.7444953512137243e-03
2.7448288668459886e-03
2.7451623823678555e-03
2.7452192144197672e-03
2.7452760464674085e-03
2.7455804983523790e-03
2.7458849501443882e-03
2.7459141232315768e-03
2.7459432963178642e-03
2.7462228797106667e-03
