0.0000000000000000e+00
2.0000000008936049e-04
4.0000000014677720e-04
6.0000000014697841e-04
8.2499986015178951e-04
1.0913458770219252e-03
1.1552256128870106e-03
1.2165088107848393e-03
1.2754892410266937e-03
1.3322011943998910e-03
1.3867319185722712e-03
1.4391653071325072e-03
1.4895820268407656e-03
1.5380596418884613e-03
1.5846727332275636e-03
1.6294930133120135e-03
1.6725894364264392e-03
1.7140283047638164e-03
1.7538733704347063e-03
1.7921859335440883e-03
1.8290249365005354e-03
1.8644470546982930e-03
1.8985067837063172e-03
1.9312565231111270e-03
1.9627466571304686e-03
1.9930256321268628e-03
2.0221400311415212e-03
2.0501346455599188e-03
2.0770525440211283e-03
2.1029351386789566e-03
2.1278222489128249e-03
2.1517521625848911e-03
2.1747616949503558e-03
2.1968862452893478e-03
2.2181598513728194e-03
2.2386152418281879e-03
2.2582838864869336e-03
2.2771960448049341e-03
2.2953808124095100e-03
2.3128661658690093e-03
2.3296790057269227e-03
2.3458451978915821e-03
2.3613896134279701e-03
2.3763361668225659e-03
2.3907078527753097e-03
2.4045267815712024e-03
2.4178142131008997e-03
2.4305905895682404e-03
2.4428755669373393e-03
2.4546880451723984e-03
2.4665003838755827e-03
2.4770167140198297e-03
2.4875329335718559e-03
2.4980490425342630e-03
2.5073677910757231e-03
2.5166864527786672e-03
2.5260050276456601e-03
2.5343356253181909e-03
2.5426661535921276e-03
2.5509966124685106e-03
2.5583207089174007e-03
2.5656447517250656e-03
2.5729687408916268e-03
2.5796137065913190e-03
2.5862586281364449e-03
2.5929035055269191e-03
2.5985826252303990e-03
2.6042617126817652e-03
2.6099407678807974e-03
2.6156197908288803e-03
2.6205759027363214e-03
2.6255319900803297e-03
2.6304880528621425e-03
2.6349553209676240e-03
2.6394225691168892e-03
2.6438897973091566e-03
2.6477595269092345e-03
2.6516292415338545e-03
2.6554989411836506e-03
2.6593686258598497e-03
2.6626213737570201e-03
2.6658741110749101e-03
2.6691268378117115e-03
2.6723795539685675e-03
2.6753242433618183e-03
2.6782689240835707e-03
2.6809515604855252e-03
2.6836341896913684e-03
2.6861781136268180e-03
2.6887220310905235e-03
2.6909883809904229e-03
2.6932547257536299e-03
2.6954544420217082e-03
2.6976541534515920e-03
2.6995662296789018e-03
2.7014783022495958e-03
2.7033825076988767e-03
2.7052867095224442e-03
2.7068971915810468e-03
2.7085076710462916e-03
2.7101582678273647e-03
2.7118088618839566e-03
2.7131625204711877e-03
2.7145161772262529e-03
2.7159492001922166e-03
2.7173822211053363e-03
2.7185171211456184e-03
2.7196520198985658e-03
2.7208984420008442e-03
2.7221448625497934e-03
2.7230933800078492e-03
2.7240418965662101e-03
2.7251283272554595e-03
2.7262147567642813e-03
2.7270044387154540e-03
2.7277941200428302e-03
2.7287434100966429e-03
2.7296926992495447e-03
2.7303469918898305e-03
2.7310012841024849e-03
2.7318330487835440e-03
2.7326648127733028e-03
2.7332036780673159e-03
2.7337425430711050e-03
2.7344736141716283e-03
2.7352046847369891e-03
2.7356451230578487e-03
2.7360855611858982e-03
2.7367303772362333e-03
2.7373751928710644e-03
2.7377316862388429e-03
2.7380881794782344e-03
2.7386591222986734e-03
2.7392300647930260e-03
2.7395149529668809e-03
2.7397998410596904e-03
2.7403075257886635e-03
2.7408152102597846e-03
2.7410390100401213e-03
2.7412628097709781e-03
2.7417163346413606e-03
2.7421698593063175e-03
2.7423415357409843e-03
2.7425132121461824e-03
2.7429203734366035e-03
2.7433275345612271e-03
2.7434547314013338e-03
2.7435819282253231e-03
2.7439494051522185e-03
2.7443168819438002e-03
2.7444061175683275e-03
2.7444953531845055e-03
2.7448288668350191e-03
2.7451623803743854e-03
2.7452192144070933e-03
2.7452760484357012e-03
2.7455804983389882e-03
2.7458849481502190e-03
2.7459141232174036e-03
2.7459432982845458e-03
2.7462228796967690e-03
