0.0000000000000000e+00
0.0000000000000000e+00
0.0000000000000000e+00
0.0000000000000000e+00
5.0000205378720699e-05
1.8269307186602246e-04
3.1033832608528644e-04
4.3301762454207583e-04
5.5097848654520314e-04
6.6440239265928738e-04
7.7346384071349302e-04
8.7833061756626308e-04
9.7916405673455372e-04
1.0761192865994568e-03
1.1693454690652047e-03
1.2589860290390536e-03
1.3451788750851752e-03
1.4280566115917311e-03
1.5077467427774512e-03
1.5843718688523896e-03
1.6580498746333620e-03
1.7288941109055067e-03
1.7970135688079964e-03
1.8625130475127829e-03
1.9254933154541436e-03
1.9860512653571156e-03
2.0442800633031183e-03
2.1002692920626519e-03
2.1541050889147271e-03
2.2058702781658323e-03
2.2556444985721890e-03
2.3035043258605994e-03
2.3495233905375529e-03
2.3937724911667862e-03
2.4363197032902417e-03
2.4772304841596858e-03
2.5165677734400810e-03
2.5543920900400210e-03
2.5907616252175882e-03
2.6257323321055254e-03
2.6593580117930510e-03
2.6916903960964443e-03
2.7227792271466798e-03
2.7526723339158401e-03
2.7814157058001728e-03
2.8090535633728247e-03
2.8356284264156586e-03
2.8611811793342015e-03
2.8857511340568956e-03
2.9093760905148161e-03
2.9321947658922966e-03
2.9540334293111331e-03
2.9750359299619104e-03
2.9953250060634189e-03
3.0147355832383068e-03
3.0333966075108149e-03
3.0514181010870842e-03
3.0686712513757798e-03
3.0852688342852385e-03
3.1013070749940815e-03
3.1166414186055875e-03
3.1313751795089906e-03
3.1455965099139579e-03
3.1592274135354664e-03
3.1723545499803317e-03
3.1850518608930278e-03
3.1971652511721830e-03
3.2087804229257114e-03
3.2199705008192905e-03
3.2307978779125670e-03
3.2411518058655712e-03
3.2511017724917222e-03
3.2607070677343904e-03
3.2699106421273647e-03
3.2787714558152308e-03
3.2873398160886045e-03
3.2955190540663792e-03
3.3033662797554760e-03
3.3109302218306941e-03
3.3182524576597038e-03
3.3252427478429082e-03
3.3319498104669608e-03
3.3384152138651612e-03
3.3446744258988858e-03
3.3506484865520655e-03
3.3563792455927380e-03
3.3619031207621163e-03
3.3672504758105216e-03
3.3723562268371272e-03
3.3772558322531249e-03
3.3819767617808004e-03
3.3865452389185671e-03
3.3909088836467185e-03
3.3950977575333110e-03
3.3991324591651521e-03
3.4030356155684079e-03
3.4067650150227708e-03
3.4103461582959647e-03
3.4137943829749295e-03
3.4171291966727632e-03
3.4203165353023802e-03
3.4233780423907905e-03
3.4263250407582822e-03
3.4291743360253613e-03
3.4318984000548292e-03
3.4345156117957698e-03
3.4370342421091806e-03
3.4394687590142228e-03
3.4417968836909238e-03
3.4440342302287123e-03
3.4461867598332093e-03
3.4482669203685147e-03
3.4502566542185661e-03
3.4521692323417567e-03
3.4540088772495557e-03
3.4557862926981762e-03
3.4574868199161671e-03
3.4591217429432914e-03
3.4606939835973953e-03
3.4622127411845674e-03
3.4636660973037955e-03
3.4650636501911041e-03
3.4664073559511838e-03
3.4677051172052088e-03
3.4689472280905629e-03
3.4701418557710703e-03
3.4712902459321667e-03
3.4723991843931276e-03
3.4734607542309340e-03
3.4744819071833000e-03
3.4754633722903251e-03
3.4764109741311183e-03
3.4773182443622722e-03
3.4781911019743377e-03
3.4790299057435277e-03
3.4798396533969591e-03
3.4806150513475246e-03
3.4813611406871907e-03
3.4820780198905835e-03
3.4827699758193604e-03
3.4834326690603421e-03
3.4840703941417133e-03
3.4846830712892849e-03
3.4852743765187728e-03
3.4858407466552186e-03
3.4863858411156579e-03
3.4869094626105751e-03
3.4874147624932893e-03
3.4878988100917030e-03
3.4883647243401246e-03
3.4888122349419752e-03
3.4892440427980089e-03
3.4896577334611110e-03
3.4900559657656282e-03
3.4904384286204831e-03
3.4908074363328608e-03
3.4911609964749860e-03
3.4915013760928003e-03
3.4918282462428397e-03
3.4921435895588614e-03
3.4924457591919830e-03
