0.0000000000000000e+00
8.8000000037622826e+01
1.7600000003491249e+02
2.6400000003494097e+02
3.5200021359386926e+02
4.4000058936194239e+02
4.4005878726267554e+02
4.4000000343847205e+02
4.4000000146493517e+02
4.4000000182045585e+02
4.4000000168274522e+02
4.4000000155542000e+02
4.4000000143767255e+02
4.4000000132888096e+02
4.4000000122835587e+02
4.4000000113541125e+02
4.4000000104952812e+02
4.4000000097022513e+02
4.4000000089681771e+02
4.4000000082903330e+02
4.4000000076630693e+02
4.4000000070836404e+02
4.4000000065480918e+02
4.4000000060529749e+02
4.4000000055952660e+02
4.4000000051725624e+02
4.4000000047812682e+02
4.4000000044204035e+02
4.4000000040866331e+02
4.4000000037773765e+02
4.4000000034924346e+02
4.4000000032283435e+02
4.4000000029845489e+02
4.4000000027590465e+02
4.4000000025506466e+02
4.4000000023583129e+02
4.4000000021799883e+02
4.4000000020153942e+02
4.4000000018627117e+02
4.4000000017215910e+02
4.4000000015924775e+02
4.4000000014724958e+02
4.4000000013610247e+02
4.4000000012579380e+02
4.4000000011633898e+02
4.4000000010756423e+02
4.4000000009946052e+02
4.4000000009191263e+02
4.4000000008496681e+02
4.4000000007851349e+02
4.4010646601317234e+02
4.4000000059128058e+02
4.4000393784925461e+02
4.4010207634404503e+02
4.4000000050441872e+02
4.3999688857293950e+02
4.4007821761975447e+02
4.4000000034372670e+02
4.4000833628086724e+02
4.4009052370860735e+02
4.4000000035572810e+02
4.3998876808376434e+02
4.4004519080152460e+02
4.4000000016292512e+02
4.4002131844407984e+02
4.4009938534841535e+02
4.4000000032604294e+02
4.3996638867055606e+02
4.3998889792635111e+02
4.4005929220977731e+02
4.4000000018762853e+02
4.3999403752581787e+02
4.4003357795204340e+02
4.4000000007806835e+02
4.4001167192047592e+02
4.4006195291691785e+02
4.4000000014042939e+02
4.3998187687931534e+02
4.4000115094844625e+02
4.4005233413539747e+02
4.4000000009692064e+02
4.3998505504273066e+02
4.4000201195280653e+02
4.4004618906968005e+02
4.4000000011526242e+02
4.3998592886437996e+02
4.3999999999986449e+02
4.4003737408082708e+02
4.4000000010008932e+02
4.3998983870612130e+02
4.3999999999890758e+02
4.4003028669451083e+02
4.4000000007401962e+02
4.3999278418792539e+02
4.3999999999844607e+02
4.4002458102599235e+02
4.4000000005527193e+02
4.3999498960503371e+02
4.3999999999796228e+02
4.4001998156474241e+02
4.4000000004171295e+02
4.3999662878404195e+02
4.3999999999782375e+02
4.4001626870809389e+02
4.4000000003166195e+02
4.3999783621276976e+02
4.3999999999777822e+02
4.4001326726561075e+02
4.4000000002433711e+02
4.3999871574693680e+02
4.3999999999782682e+02
4.4001083735004545e+02
4.4000000001879266e+02
4.3999934741686036e+02
4.3999999999778277e+02
4.4000886715654644e+02
4.4000000001463889e+02
4.3999979274485480e+02
4.3999999999800082e+02
4.4000726723455665e+02
4.4000000001137914e+02
4.4000009889495061e+02
4.3999999999812587e+02
4.4000596594223407e+02
4.4000000000897711e+02
4.4000030191134846e+02
4.3999999999838485e+02
4.4000490583668636e+02
4.4000000000704364e+02
4.4000042923969653e+02
4.3999999999863701e+02
4.4000404080603880e+02
4.4000000000564427e+02
4.4000050169103918e+02
4.3999999999893083e+02
4.4000333378931026e+02
4.4000000000446573e+02
4.4000053496715293e+02
4.3999999999901610e+02
4.4000275496154978e+02
4.4000000000339594e+02
4.4000054084704021e+02
4.3999999999914149e+02
4.4000228029023879e+02
4.4000000000265379e+02
4.4000052810506605e+02
4.3999999999934118e+02
4.4000189038244537e+02
4.4000000000208058e+02
4.4000050322202713e+02
4.3999999999952860e+02
4.4000156956795297e+02
4.4000000000154648e+02
4.4000047093514229e+02
4.3999999999967633e+02
4.4000130516568913e+02
4.4000000000112459e+02
4.4000043466152670e+02
4.3999999999975273e+02
4.4000108689837623e+02
4.4000000000080195e+02
