2.9999999999999983e+02
2.9999999999999983e+02
2.9999999999999983e+02
2.9999999999999983e+02
3.5200021359386938e+02
4.4000058936194227e+02
4.4005878726267525e+02
4.4000000343847199e+02
4.4000000146493539e+02
4.4000000182045574e+02
4.4000000168274494e+02
4.4000000155542000e+02
4.4000000143767249e+02
4.4000000132888101e+02
4.4000000122835564e+02
4.4000000113541131e+02
4.4000000104952790e+02
4.4000000097022473e+02
4.4000000089681805e+02
4.4000000082903341e+02
4.4000000076630715e+02
4.4000000070836427e+02
4.4000000065480941e+02
4.4000000060529771e+02
4.4000000055952637e+02
4.4000000051725635e+02
4.4000000047812694e+02
4.4000000044204057e+02
4.4000000040866303e+02
4.4000000037773782e+02
4.4000000034924352e+02
4.4000000032283435e+02
4.4000000029845518e+02
4.4000000027590448e+02
4.4000000025506506e+02
4.4000000023583118e+02
4.4000000021799883e+02
4.4000000020153965e+02
4.4000000018627065e+02
4.4000000017215910e+02
4.4000000015924780e+02
4.4000000014724992e+02
4.4000000013610270e+02
4.4000000012579380e+02
4.4000000011633921e+02
4.4000000010756423e+02
4.4000000009946041e+02
4.4000000009191223e+02
4.4000000008496687e+02
4.4000000007851349e+02
4.4010646601317217e+02
4.4000000059128058e+02
4.4000393784925444e+02
4.4010207634404526e+02
4.4000000050441867e+02
4.3999688857293927e+02
4.4007821761975447e+02
4.4000000034372692e+02
4.4000833628086713e+02
4.4009052370860712e+02
4.4000000035572810e+02
4.3998876808376440e+02
4.4004519080152471e+02
4.4000000016292489e+02
4.4002131844408007e+02
4.4009938534841524e+02
4.4000000032604288e+02
4.3996638867055589e+02
4.3998889792635094e+02
4.4005929220977714e+02
4.4000000018762859e+02
4.3999403752581782e+02
4.4003357795204340e+02
4.4000000007806852e+02
4.4001167192047637e+02
4.4006195291691739e+02
4.4000000014042934e+02
4.3998187687931539e+02
4.4000115094844625e+02
4.4005233413539747e+02
4.4000000009692042e+02
4.3998505504273083e+02
4.4000201195280613e+02
4.4004618906968000e+02
4.4000000011526254e+02
4.3998592886438013e+02
4.3999999999986403e+02
4.4003737408082691e+02
4.4000000010008966e+02
4.3998983870612153e+02
4.3999999999890736e+02
4.4003028669451078e+02
4.4000000007401962e+02
4.3999278418792539e+02
4.3999999999844613e+02
4.4002458102599235e+02
4.4000000005527193e+02
4.3999498960503360e+02
4.3999999999796233e+02
4.4001998156474218e+02
4.4000000004171307e+02
4.3999662878404172e+02
4.3999999999782398e+02
4.4001626870809366e+02
4.4000000003166156e+02
4.3999783621276976e+02
4.3999999999777827e+02
4.4001326726561126e+02
4.4000000002433688e+02
4.3999871574693651e+02
4.3999999999782699e+02
4.4001083735004511e+02
4.4000000001879272e+02
4.3999934741686019e+02
4.3999999999778277e+02
4.4000886715654656e+02
4.4000000001463889e+02
4.3999979274485480e+02
4.3999999999800087e+02
4.4000726723455665e+02
4.4000000001137892e+02
4.4000009889495072e+02
4.3999999999812599e+02
4.4000596594223384e+02
4.4000000000897700e+02
4.4000030191134840e+02
4.3999999999838462e+02
4.4000490583668625e+02
4.4000000000704392e+02
4.4000042923969642e+02
4.3999999999863724e+02
4.4000404080603846e+02
4.4000000000564449e+02
4.4000050169103889e+02
4.3999999999893060e+02
4.4000333378931009e+02
4.4000000000446556e+02
4.4000053496715293e+02
4.3999999999901593e+02
4.4000275496154978e+02
4.4000000000339588e+02
4.4000054084704016e+02
4.3999999999914127e+02
4.4000228029023873e+02
4.4000000000265391e+02
4.4000052810506628e+02
4.3999999999934124e+02
4.4000189038244548e+02
4.4000000000208058e+02
4.4000050322202691e+02
4.3999999999952871e+02
4.4000156956795252e+02
4.4000000000154643e+02
4.4000047093514235e+02
4.3999999999967628e+02
4.4000130516568959e+02
4.4000000000112482e+02
4.4000043466152670e+02
4.3999999999975273e+02
4.4000108689837629e+02
4.4000000000080183e+02
