0.0000000000000000e+00
8.3736809491947507e-10
1.4789851229885055e-08
1.4815037882839785e-08
-1.6015523890975508e-04
-4.3964142322025192e-04
-1.6974665631413949e-02
-2.0462140704235330e-06
-1.2265965033174709e-06
-1.3348850085750201e-06
-1.2340395499599320e-06
-1.1409105849639767e-06
-1.0547355096304962e-06
-9.7505466657183329e-07
-9.0139981280476824e-07
-8.3339037734294444e-07
-7.7033997357616728e-07
-7.1222553165439405e-07
-6.5842211826768835e-07
-6.0863761427598891e-07
-5.6273354470276519e-07
-5.2020943310440372e-07
-4.8087803136102795e-07
-4.4463654454336629e-07
-4.1099279203424546e-07
-3.7995585365730219e-07
-3.5127376099104044e-07
-3.2469680900320190e-07
-3.0024694996443431e-07
-2.7765296454444584e-07
-2.5665525371663589e-07
-2.3732224835929283e-07
-2.1924712113044786e-07
-2.0262901834464245e-07
-1.8739744495636954e-07
-1.7323845691969238e-07
-1.6017542912520961e-07
-1.4798472837530101e-07
-1.3685211780370296e-07
-1.2643993304058763e-07
-1.1686034056672096e-07
-1.0805010845413978e-07
-9.9961564120023509e-08
-9.2553410892414418e-08
-8.5500207269609543e-08
-7.9038276698489512e-08
-7.3084319650675358e-08
-6.7467280929818150e-08
-6.2319490605500888e-08
-5.7691785820227225e-08
3.5427198050687073e-02
-4.3527688358674521e-07
1.3241656632231634e-03
3.4000518932216714e-02
-3.7144054159779483e-07
-1.0515010733757049e-03
2.6006152784969202e-02
-2.5282170474387481e-07
2.8138789837797384e-03
3.0214640143403460e-02
-2.6214010113833974e-07
-3.8084081385028504e-03
1.4911504791119464e-02
-1.1972392977769621e-07
7.2384713792641719e-03
3.3373845284987540e-02
-2.4073958257548672e-07
-1.1464067890849930e-02
-4.2351215586251215e-03
1.8941303736772355e-02
-1.3643195700821306e-07
-1.1759146555057364e-03
1.2805211491471000e-02
-5.9469697448952107e-08
2.2690986435861655e-03
1.7399164815986530e-02
-9.7028914096983096e-08
-2.7960593017082587e-03
6.8672164001063307e-03
2.7160326021018640e-02
-8.3593517016049629e-08
-1.4702281383084695e-02
-1.8775274340721390e-02
-1.3779648197970003e-02
-3.9032164671870485e-08
2.4481988203395595e-02
2.3543149647847180e-08
-1.6717783880297234e-02
-4.2242448413925469e-09
2.5786075531070332e-02
2.3160568190595280e-08
-1.9080097869686643e-02
6.8292343483692189e-09
2.6768472618322561e-02
2.2675948716723580e-08
-2.0981865176957035e-02
1.3833390501918714e-08
2.7504015006895893e-02
2.2305927639340648e-08
-2.2514920034206271e-02
1.8219186645093727e-08
2.8050694010087598e-02
2.2077370897892940e-08
-2.3752460232417737e-02
2.0871079462734626e-08
2.8453373308929560e-02
2.1937422330738171e-08
-2.4752879363585410e-02
2.2450448054914658e-08
2.8746695852506519e-02
2.1847154937964667e-08
-2.5562803176756230e-02
2.3204497361830740e-08
2.8957355332435573e-02
2.1762648475672158e-08
-2.6219497453410900e-02
2.3708866137007041e-08
2.9105871549724195e-02
2.1817810164042716e-08
-2.6752776419293911e-02
2.3857656862533740e-08
2.9207974186869590e-02
2.1825612088901370e-08
-2.7186519145684956e-02
2.3872692350422810e-08
2.9275683921307791e-02
2.1830039297995111e-08
-2.7539871473647688e-02
2.3677541424407130e-08
2.9318153725321136e-02
2.1969268836904269e-08
-2.7828202817978355e-02
2.3625341881713958e-08
2.9342323535012864e-02
2.2091790024990955e-08
-2.8063865706795539e-02
2.3634835810948619e-08
2.9353429613266604e-02
2.2098816486151489e-08
-2.8256801588098970e-02
2.3321920682415095e-08
2.9355399680901062e-02
2.2275862313590307e-08
-2.8415020271175710e-02
2.3205281287182714e-08
2.9351159652294234e-02
2.2232748677931108e-08
-2.8544985823841570e-02
2.3148144861668048e-08
2.9342870705349931e-02
2.2347050197243931e-08
-2.8651921215531360e-02
2.2995040064670808e-08
2.9332112215910523e-02
2.2393050052603903e-08
-2.8740053431147040e-02
2.2768333694634124e-08
2.9320023742457742e-02
2.2298889019702140e-08
-2.8812807779697455e-02
2.2751096794466043e-08
