0.0000000000000000e+00
-8.8000000036792486e+01
-1.7600000002013431e+02
-2.6400000002014724e+02
-3.5200037374912199e+02
-4.4000102900338152e+02
-4.4007576192835910e+02
-4.4000000548469109e+02
-4.4000000269153912e+02
-4.4000000315537784e+02
-4.4000000291681249e+02
-4.4000000269635802e+02
-4.4000000249244329e+02
-4.4000000230399627e+02
-4.4000000212982184e+02
-4.4000000196880717e+02
-4.4000000181987718e+02
-4.4000000168248766e+02
-4.4000000155528164e+02
-4.4000000143769159e+02
-4.4000000132903961e+02
-4.4000000122858324e+02
-4.4000000113567432e+02
-4.4000000104993597e+02
-4.4000000097051350e+02
-4.4000000089720561e+02
-4.4000000082941284e+02
-4.4000000076673473e+02
-4.4000000070889587e+02
-4.4000000065535448e+02
-4.4000000060585165e+02
-4.4000000056011805e+02
-4.4000000051767915e+02
-4.4000000047852052e+02
-4.4000000044245195e+02
-4.4000000040906986e+02
-4.4000000037815937e+02
-4.4000000034950034e+02
-4.4000000032306326e+02
-4.4000000029856443e+02
-4.4000000027605671e+02
-4.4000000025525310e+02
-4.4000000023602291e+02
-4.4000000021829237e+02
-4.4000000020176719e+02
-4.4000000018652986e+02
-4.4000000017241189e+02
-4.4000000015924303e+02
-4.4000000014714772e+02
-4.4000000013604517e+02
-4.4007103881501587e+02
-4.4000000102643185e+02
-4.4000261368341916e+02
-4.4006807582491427e+02
-4.4000000087569629e+02
-4.3999794007388368e+02
-4.4005221146687285e+02
-4.4000000059636500e+02
-4.4000552240159334e+02
-4.4006030906802533e+02
-4.4000000061757288e+02
-4.3999257649183437e+02
-4.4003027929685618e+02
-4.4000000028236923e+02
-4.4001407997197612e+02
-4.4006601150200692e+02
-4.4000000056650140e+02
-4.3997785273904765e+02
-4.3999313304937067e+02
-4.4004035090837255e+02
-4.4000000032378216e+02
-4.3999521343754071e+02
-4.4002077273499958e+02
-4.4000000013722888e+02
-4.4000940282673668e+02
-4.4004455376219306e+02
-4.4000000023720344e+02
-4.3998467292807373e+02
-4.3999428371121934e+02
-4.4002517377829713e+02
-4.4000000018014725e+02
-4.3999975735442894e+02
-4.4002078728807430e+02
-4.4005996880937096e+02
-4.4000000015426195e+02
-4.3996144678473456e+02
-4.3999999997605369e+02
-4.4005409195544189e+02
-4.4000000010412958e+02
-4.3996405253960688e+02
-4.3999999997536639e+02
-4.4004936688249222e+02
-4.4000000006692159e+02
-4.3996601562479560e+02
-4.3999999997533024e+02
-4.4004556298072760e+02
-4.4000000004113173e+02
-4.3996748549994180e+02
-4.3999999997522917e+02
-4.4004249657382866e+02
-4.4000000002311941e+02
-4.3996857800030284e+02
-4.3999999997522110e+02
-4.4004002125694785e+02
-4.4000000001033294e+02
-4.3996938275004823e+02
-4.3999999997527823e+02
-4.4003802023324585e+02
-4.4000000000144752e+02
-4.3996996896200562e+02
-4.3999999997546990e+02
-4.4003640024120938e+02
-4.3999999999512795e+02
-4.3997038997267072e+02
-4.3999999997547076e+02
-4.4003508674172701e+02
-4.3999999999042433e+02
-4.3997068678462841e+02
-4.3999999997556631e+02
-4.4003402009838732e+02
-4.3999999998695415e+02
-4.3997089083225001e+02
-4.3999999997566044e+02
-4.4003315254855016e+02
-4.3999999998454206e+02
-4.3997102613912671e+02
-4.3999999997591812e+02
-4.4003244579520788e+02
-4.3999999998280708e+02
-4.3997111099785337e+02
-4.3999999997611951e+02
-4.4003186909577573e+02
-4.3999999998148553e+02
-4.3997115927952672e+02
-4.3999999997625275e+02
-4.4003139774186752e+02
-4.3999999998029227e+02
-4.3997118144966646e+02
-4.3999999997632858e+02
-4.4003101184984553e+02
-4.3999999997950448e+02
-4.3997118535956133e+02
-4.3999999997625923e+02
-4.4003069539711328e+02
-4.3999999997886965e+02
-4.3997117685763334e+02
-4.3999999997647001e+02
-4.4003043545478647e+02
-4.3999999997832617e+02
-4.3997116026358225e+02
-4.3999999997664395e+02
-4.4003022157575657e+02
-4.3999999997797130e+02
-4.3997113873515178e+02
-4.3999999997666725e+02
-4.4003004530564465e+02
-4.3999999997772704e+02
-4.3997111454997616e+02
-4.3999999997680095e+02
-4.4002989979262082e+02
-4.3999999997736745e+02
