0.0000000000000000e+00
8.2336907499522110e-10
1.4766633031084886e-08
1.4772588064697049e-08
-1.6015526591093912e-04
-4.3964145494293402e-04
-1.6974665736395365e-02
-2.0462239374310927e-06
-1.2266108569649050e-06
-1.3349594995078378e-06
-1.2340951534176695e-06
-1.1409652675625358e-06
-1.0548060139313828e-06
-9.7517568060878807e-07
-9.0153231342372058e-07
-8.3340168089881450e-07
-7.7035857854528768e-07
-7.1229972886379849e-07
-6.5850581430329565e-07
-6.0867859606649808e-07
-5.6273141851829996e-07
-5.2022842652668742e-07
-4.8085208504493231e-07
-4.4464024608338614e-07
-4.1098123196134932e-07
-3.7994307000352812e-07
-3.5129807877545664e-07
-3.2469131528235736e-07
-3.0021773860045707e-07
-2.7758080475909661e-07
-2.5656103294697992e-07
-2.3724497020909914e-07
-2.1920078409599328e-07
-2.0260242922878016e-07
-1.8737707999473942e-07
-1.7323887373131448e-07
-1.6014580321418624e-07
-1.4793745064220090e-07
-1.3673206935500548e-07
-1.2637035581582503e-07
-1.1675739204703398e-07
-1.0795689330127309e-07
-9.9878998325818181e-08
-9.2444015011691257e-08
-8.5355973127356719e-08
-7.8892418811078606e-08
-7.2818629398051556e-08
-6.7193700077245523e-08
-6.2042071426483312e-08
-5.7371348041275164e-08
3.5427198261516218e-02
-4.3502510522129829e-07
1.3241660080603140e-03
3.4000519329193298e-02
-3.7111486190945747e-07
-1.0515008149803845e-03
2.6006152978099596e-02
-2.5245437525568362e-07
2.8138795637746503e-03
3.0214641020307211e-02
-2.6154956889667530e-07
-3.8084080020719785e-03
1.4911504545315772e-02
-1.1916426709857373e-07
7.2384728281699130e-03
3.3373847531949705e-02
-2.4017734858389336e-07
-1.1464069093038898e-02
-4.2351244805595269e-03
1.8941299072903199e-02
-1.3587463072697495e-07
-1.1759087902044553e-03
1.2805222596254020e-02
-5.8850801684215819e-08
2.2690888352477189e-03
1.7399144633114916e-02
-9.6518940798212178e-08
-2.7960382148236726e-03
6.8672580537703460e-03
2.7160388179699371e-02
-8.2859170907341662e-08
-1.4702342013236717e-02
-1.8775396194522044e-02
-1.3779831183799187e-02
-3.8966879936421041e-08
2.4482171086709744e-02
2.4078646017065050e-08
-1.6717965349131794e-02
-3.8560825476767373e-09
2.5786257498022457e-02
2.3922021362719722e-08
-1.9080278093381954e-02
7.3666889576089085e-09
2.6768653641190611e-02
2.3555379116788592e-08
-2.0982044293424547e-02
1.4446945523244891e-08
2.7504195176926042e-02
2.3160160090673654e-08
-2.2515098138435486e-02
1.8967655210147892e-08
2.8050873468486677e-02
2.3127736275955237e-08
-2.3752637475754412e-02
2.1786486499857072e-08
2.8453552133865342e-02
2.3062059595017194e-08
-2.4753055906720348e-02
2.3328911279888807e-08
2.8746874009651917e-02
2.2867056641184949e-08
-2.5562979151159796e-02
2.4125134050964006e-08
2.8957533046854181e-02
2.2860741637727746e-08
-2.6219672907908588e-02
2.4720123887292346e-08
2.9106048902783770e-02
2.3051053997804209e-08
-2.6752951241864987e-02
2.4992476785175831e-08
2.9208151213975634e-02
2.3105572430591354e-08
-2.7186693487104611e-02
2.4997036371476848e-08
2.9275860522335453e-02
2.3103239922341497e-08
-2.7540045569481926e-02
2.4795653291682758e-08
2.9318329960559053e-02
2.3065050193444482e-08
-2.7828376655903583e-02
2.4691892277533388e-08
2.9342499490343281e-02
2.3264606674036153e-08
-2.8064039408198689e-02
2.4711477697109924e-08
2.9353605360090424e-02
2.3276114802406837e-08
-2.8256975003693834e-02
2.4460958779460870e-08
2.9355575276888209e-02
2.3488784274618342e-08
-2.8415193477535947e-02
2.4363292781796506e-08
2.9351335213057821e-02
2.3509764420990692e-08
-2.8545158858392816e-02
2.4360515481147080e-08
2.9343046184512844e-02
2.3422617105395301e-08
-2.8652094391746992e-02
2.4155698506126278e-08
2.9332287765213134e-02
2.3625972873152903e-08
-2.8740226479152788e-02
2.4026733255348307e-08
2.9320199358611302e-02
2.3604425051942430e-08
-2.8812980709237011e-02
2.4117749829354719e-08
