0.0000000000000000e+00
-5.0000000013411200e-03
-5.7142863937095084e-03
-6.2245362387522854e-03
-6.5889559297073142e-03
-6.8492549604408995e-03
-7.0351824907878080e-03
-7.1679876856542996e-03
-7.2628484450809761e-03
-7.3306060823352878e-03
-7.3790043701179846e-03
-7.4135745631474567e-03
-7.4382675517724291e-03
-7.4559053975259068e-03
-7.4685038571116504e-03
-7.4775027559666491e-03
-7.4839305404281317e-03
-7.4885218148224072e-03
-7.4931131102970831e-03
-7.4945985148276145e-03
-7.4960839215652665e-03
-7.4975693305089604e-03
-7.4990547416593908e-03
-7.5005401550160477e-03
-7.4998149584926989e-03
-7.4990897624944378e-03
-7.4998149574049666e-03
-7.5005401528414071e-03
-7.5012653488035659e-03
-7.5019905452917961e-03
-7.5008709880168374e-03
-7.5012193805545427e-03
-7.5015677732144072e-03
-7.5019161659952323e-03
-7.5022645588975201e-03
-7.5026129519217112e-03
-7.5013274097985609e-03
-7.5018583735565582e-03
-7.5023893375953613e-03
-7.5013274096535658e-03
-7.5018583726418663e-03
-7.5023893359121695e-03
-7.5013274096537132e-03
-7.5018583726422072e-03
-7.5023893359117124e-03
-7.5013274096535640e-03
-7.5018583726421976e-03
-7.5023893359129753e-03
-7.5013274096542102e-03
-7.5018583726426235e-03
-7.5023893359129831e-03
-7.5013274096543663e-03
-7.5018583726429383e-03
-7.5023893359134437e-03
-7.5013274096547809e-03
-7.5018583726433000e-03
-7.5023893359131748e-03
-7.5013274096544626e-03
-7.5018583726430043e-03
-7.5023893359125312e-03
-7.5013274096538528e-03
-7.5018583726425827e-03
-7.5023893359127437e-03
-7.5013274096546994e-03
-7.5018583726434197e-03
-7.5023893359133717e-03
-7.5013274096546604e-03
-7.5018583726434006e-03
-7.5023893359137585e-03
-7.5013274096552719e-03
-7.5018583726431144e-03
-7.5023893359127541e-03
-7.5013274096543993e-03
-7.5018583726432723e-03
-7.5023893359132451e-03
-7.5013274096546248e-03
-7.5018583726435255e-03
-7.5023893359131375e-03
-7.5013274096546647e-03
-7.5018583726436548e-03
-7.5023893359134584e-03
-7.5013274096555321e-03
-7.5018583726445022e-03
-7.5023893359144177e-03
-7.5013274096559944e-03
-7.5018583726440347e-03
-7.5023893359137013e-03
-7.5013274096551582e-03
-7.5018583726433625e-03
-7.5023893359132824e-03
-7.5013274096545329e-03
-7.5018583726429704e-03
-7.5023893359135070e-03
-7.5013274096545797e-03
-7.5018583726430476e-03
-7.5023893359128374e-03
-7.5013274096551903e-03
-7.5018583726434510e-03
-7.5023893359138210e-03
-7.5013274096546196e-03
-7.5018583726427154e-03
-7.5023893359131254e-03
-7.5013274096538216e-03
-7.5018583726415428e-03
-7.5023893359118590e-03
-7.5013274096532752e-03
-7.5018583726418819e-03
-7.5023893359113568e-03
-7.5013274096521997e-03
-7.5018583726410900e-03
-7.5023893359111513e-03
-7.5013274096514468e-03
-7.5018583726400231e-03
-7.5023893359104877e-03
-7.5013274096515795e-03
-7.5018583726399069e-03
-7.5023893359097964e-03
-7.5013274096508258e-03
-7.5018583726392885e-03
-7.5023893359092344e-03
-7.5013274096510530e-03
-7.5018583726391853e-03
-7.5023893359084312e-03
-7.5013274096500087e-03
-7.5018583726387030e-03
-7.5023893359085648e-03
-7.5013274096497121e-03
-7.5018583726380967e-03
-7.5023893359088094e-03
-7.5013274096501102e-03
-7.5018583726384116e-03
-7.5023893359084338e-03
-7.5013274096504571e-03
-7.5018583726380993e-03
-7.5023893359084780e-03
-7.5013274096498508e-03
-7.5018583726374939e-03
-7.5023893359083636e-03
-7.5013274096500365e-03
-7.5018583726386354e-03
-7.5023893359093125e-03
-7.5013274096503635e-03
-7.5018583726387950e-03
-7.5023893359095024e-03
-7.5013274096503452e-03
-7.5018583726382945e-03
-7.5023893359079091e-03
-7.5013274096495603e-03
-7.5018583726379345e-03
-7.5023893359083315e-03
-7.5013274096499116e-03
-7.5018583726380464e-03
-7.5023893359081901e-03
-7.5013274096498404e-03
-7.5018583726383899e-03
-7.5023893359097461e-03
-7.5013274096499749e-03
-7.5018583726385495e-03
-7.5023893359090869e-03
-7.5013274096500972e-03
-7.5018583726380889e-03
