0.0000000000000000e+00
1.5000000006665478e-03
1.8571430351439692e-03
2.1122460194215277e-03
2.2944666887811951e-03
2.4246217328558564e-03
2.5175883142540038e-03
2.5839923477790658e-03
2.6314234599186049e-03
2.6653026521312952e-03
2.6895019865911390e-03
2.7067871803210112e-03
2.7191337242279388e-03
2.7279526724076518e-03
2.7342519151083758e-03
2.7387513711216406e-03
2.7419652667126401e-03
2.7442609056239752e-03
2.7465565392659754e-03
2.7472992523055089e-03
2.7480419647930715e-03
2.7487846767296066e-03
2.7495273881138257e-03
2.7502700989461434e-03
2.7499074766562967e-03
2.7495448542360938e-03
2.7499074772810816e-03
2.7502701001943337e-03
2.7506327229766805e-03
2.7509953456272551e-03
2.7504354922053787e-03
2.7506096888215235e-03
2.7507838854071601e-03
2.7509580819631801e-03
2.7511322784890468e-03
2.7513064749830978e-03
2.7506637034842162e-03
2.7509291845485714e-03
2.7511946655426243e-03
2.7506637034805615e-03
2.7509291846053601e-03
2.7511946656590832e-03
2.7506637034800403e-03
2.7509291846048237e-03
2.7511946656595732e-03
2.7506637034805863e-03
2.7509291846058558e-03
2.7511946656599956e-03
2.7506637034810403e-03
2.7509291846055913e-03
2.7511946656591331e-03
2.7506637034806322e-03
2.7509291846052539e-03
2.7511946656600707e-03
2.7506637034814601e-03
2.7509291846059434e-03
2.7511946656608261e-03
2.7506637034813109e-03
2.7509291846057075e-03
2.7511946656602992e-03
2.7506637034822919e-03
2.7509291846059556e-03
2.7511946656604449e-03
2.7506637034815911e-03
2.7509291846059460e-03
2.7511946656592380e-03
2.7506637034801391e-03
2.7509291846045457e-03
2.7511946656586283e-03
2.7506637034796578e-03
2.7509291846044312e-03
2.7511946656588633e-03
2.7506637034799058e-03
2.7509291846051615e-03
2.7511946656601444e-03
2.7506637034804193e-03
2.7509291846049035e-03
2.7511946656597753e-03
2.7506637034807211e-03
2.7509291846051580e-03
2.7511946656594284e-03
2.7506637034800576e-03
2.7509291846047525e-03
2.7511946656593985e-03
2.7506637034804132e-03
2.7509291846043653e-03
2.7511946656585107e-03
2.7506637034802194e-03
2.7509291846048102e-03
2.7511946656587970e-03
2.7506637034800390e-03
2.7509291846044013e-03
2.7511946656585216e-03
2.7506637034803135e-03
2.7509291846045656e-03
2.7511946656585619e-03
2.7506637034800116e-03
2.7509291846046762e-03
2.7511946656584340e-03
2.7506637034802545e-03
2.7509291846045752e-03
2.7511946656583186e-03
2.7506637034800871e-03
2.7509291846047976e-03
2.7511946656597693e-03
2.7506637034801712e-03
2.7509291846049802e-03
2.7511946656603769e-03
2.7506637034815460e-03
2.7509291846061386e-03
2.7511946656614693e-03
2.7506637034822789e-03
2.7509291846065770e-03
2.7511946656613656e-03
2.7506637034826493e-03
2.7509291846075702e-03
2.7511946656624841e-03
2.7506637034837964e-03
2.7509291846085412e-03
2.7511946656636581e-03
2.7506637034846199e-03
2.7509291846094072e-03
2.7511946656646963e-03
2.7506637034853555e-03
2.7509291846103284e-03
2.7511946656652636e-03
2.7506637034865229e-03
2.7509291846115318e-03
2.7511946656661448e-03
2.7506637034865468e-03
2.7509291846112838e-03
2.7511946656661305e-03
2.7506637034865498e-03
2.7509291846111641e-03
2.7511946656655541e-03
2.7506637034867905e-03
2.7509291846119239e-03
2.7511946656665421e-03
2.7506637034876102e-03
2.7509291846120492e-03
2.7511946656666466e-03
2.7506637034877789e-03
2.7509291846128979e-03
2.7511946656672958e-03
2.7506637034883053e-03
2.7509291846131087e-03
2.7511946656675100e-03
2.7506637034883661e-03
2.7509291846132826e-03
2.7511946656673652e-03
2.7506637034886957e-03
2.7509291846129079e-03
2.7511946656663439e-03
2.7506637034878561e-03
2.7509291846123727e-03
2.7511946656666635e-03
2.7506637034885131e-03
2.7509291846133533e-03
2.7511946656678596e-03
2.7506637034891016e-03
2.7509291846137497e-03
