0.0000000000000000e+00
1.5000000006659168e-03
1.8571430351441434e-03
2.1122460194212623e-03
2.2944666887812562e-03
2.4246217328555259e-03
2.5175883142541694e-03
2.5839923477785367e-03
2.6314234599178095e-03
2.6653026521312752e-03
2.6895019865913615e-03
2.7067871803215051e-03
2.7191337242280429e-03
2.7279526724066873e-03
2.7342519151080957e-03
2.7387513711209896e-03
2.7419652667119280e-03
2.7442609056232839e-03
2.7465565392653362e-03
2.7472992523047282e-03
2.7480419647921929e-03
2.7487846767284664e-03
2.7495273881135516e-03
2.7502700989467679e-03
2.7499074766575041e-03
2.7495448542368059e-03
2.7499074772809793e-03
2.7502701001937513e-03
2.7506327229754328e-03
2.7509953456252611e-03
2.7504354922066919e-03
2.7506096888223691e-03
2.7507838854079832e-03
2.7509580819639326e-03
2.7511322784893127e-03
2.7513064749841044e-03
2.7506637034859379e-03
2.7509291845511110e-03
2.7511946655450507e-03
2.7506637034833193e-03
2.7509291846076608e-03
2.7511946656620144e-03
2.7506637034835479e-03
2.7509291846084414e-03
2.7511946656631953e-03
2.7506637034841359e-03
2.7509291846086721e-03
2.7511946656628037e-03
2.7506637034846464e-03
2.7509291846090286e-03
2.7511946656634517e-03
2.7506637034846381e-03
2.7509291846099519e-03
2.7511946656638251e-03
2.7506637034847201e-03
2.7509291846090039e-03
2.7511946656633706e-03
2.7506637034850987e-03
2.7509291846092377e-03
2.7511946656637049e-03
2.7506637034852548e-03
2.7509291846093639e-03
2.7511946656631971e-03
2.7506637034847687e-03
2.7509291846092949e-03
2.7511946656633979e-03
2.7506637034842383e-03
2.7509291846090859e-03
2.7511946656635514e-03
2.7506637034847873e-03
2.7509291846098236e-03
2.7511946656645202e-03
2.7506637034857766e-03
2.7509291846100829e-03
2.7511946656649132e-03
2.7506637034861864e-03
2.7509291846107070e-03
2.7511946656651456e-03
2.7506637034865615e-03
2.7509291846108301e-03
2.7511946656654752e-03
2.7506637034867211e-03
2.7509291846112326e-03
2.7511946656655199e-03
2.7506637034870243e-03
2.7509291846113939e-03
2.7511946656649006e-03
2.7506637034872931e-03
2.7509291846121685e-03
2.7511946656664141e-03
2.7506637034877138e-03
2.7509291846118077e-03
2.7511946656659028e-03
2.7506637034879814e-03
2.7509291846118306e-03
2.7511946656672069e-03
2.7506637034880039e-03
2.7509291846133442e-03
2.7511946656680617e-03
2.7506637034885430e-03
2.7509291846142003e-03
2.7511946656685322e-03
2.7506637034900505e-03
2.7509291846146786e-03
2.7511946656690535e-03
2.7506637034908645e-03
2.7509291846151179e-03
2.7511946656696758e-03
2.7506637034904725e-03
2.7509291846151591e-03
2.7511946656701824e-03
2.7506637034911711e-03
2.7509291846161484e-03
2.7511946656708208e-03
2.7506637034917722e-03
2.7509291846164801e-03
2.7511946656713707e-03
2.7506637034922336e-03
2.7509291846166120e-03
2.7511946656711742e-03
2.7506637034925134e-03
2.7509291846180180e-03
2.7511946656726140e-03
2.7506637034938582e-03
2.7509291846184937e-03
2.7511946656725212e-03
2.7506637034940043e-03
2.7509291846178697e-03
2.7511946656718165e-03
2.7506637034938140e-03
2.7509291846180995e-03
2.7511946656725741e-03
2.7506637034940672e-03
2.7509291846192921e-03
2.7511946656730239e-03
2.7506637034949099e-03
2.7509291846190827e-03
2.7511946656735200e-03
2.7506637034947767e-03
2.7509291846193767e-03
2.7511946656734176e-03
2.7506637034950608e-03
2.7509291846197366e-03
2.7511946656746424e-03
2.7506637034950838e-03
2.7509291846197371e-03
2.7511946656744285e-03
2.7506637034965735e-03
2.7509291846214614e-03
2.7511946656752105e-03
2.7506637034968402e-03
2.7509291846217073e-03
2.7511946656755201e-03
2.7506637034971837e-03
2.7509291846215737e-03
2.7511946656760614e-03
2.7506637034968194e-03
2.7509291846220642e-03
2.7511946656761429e-03
2.7506637034972903e-03
2.7509291846226323e-03
