0.0000000000000000e+00
1.0000000006494393e-03
1.7142859919266513e-03
2.2245052864409772e-03
2.5889401436437077e-03
2.8492469241708403e-03
3.0351783943410814e-03
3.1679855969713963e-03
3.2628473799156655e-03
3.3306055390610648e-03
3.3790040930019019e-03
3.4135744217846475e-03
3.4382674796562514e-03
3.4559053607342042e-03
3.4685038383410255e-03
3.4775027463890564e-03
3.4839305355413128e-03
3.4885218123285552e-03
3.4924379058616228e-03
3.4945985076978571e-03
3.4961137087105285e-03
3.4973916305440131e-03
3.4985823179205849e-03
3.4997409343409482e-03
3.4998149548795491e-03
3.4998149548795491e-03
3.4998421681629241e-03
3.5002041142772212e-03
3.5006891240599732e-03
3.5012193779660294e-03
3.5012193779660294e-03
3.5012193779660294e-03
3.5012193779660294e-03
3.5013782044742096e-03
3.5016056696230689e-03
3.5018583695955938e-03
3.5018583695955938e-03
3.5018583695955938e-03
3.5018583695955938e-03
3.5018583695955938e-03
3.5018583695955938e-03
3.5018583695955938e-03
3.5018583695955938e-03
3.5018583695955938e-03
3.5018583695955938e-03
3.5018583695955938e-03
3.5018583695955938e-03
3.5018583695955938e-03
3.5018583695955938e-03
3.5018583695955938e-03
3.5018583695955938e-03
3.5018583695955938e-03
3.5018583695955938e-03
3.5018583695955938e-03
3.5018583695955938e-03
3.5018583695955938e-03
3.5018583695955938e-03
3.5018583695955938e-03
3.5018583695955938e-03
3.5018583695955938e-03
3.5018583695955938e-03
3.5018583695955938e-03
3.5018583695955938e-03
3.5018583695955938e-03
3.5018583695955938e-03
3.5018583695955938e-03
3.5018583695955938e-03
3.5018583695955938e-03
3.5018583695955938e-03
3.5018583695955938e-03
3.5018583695955938e-03
3.5018583695955938e-03
3.5018583695955938e-03
3.5018583695955938e-03
3.5018583695955938e-03
3.5018583695955938e-03
3.5018583695955938e-03
3.5018583695955938e-03
3.5018583695955938e-03
3.5018583695955938e-03
3.5018583695955938e-03
3.5018583695955938e-03
3.5018583695955938e-03
3.5018583695955938e-03
3.5018583695955938e-03
3.5018583695955938e-03
3.5018583695955938e-03
3.5018583695955938e-03
3.5018583695955938e-03
3.5018583695955938e-03
3.5018583695955938e-03
3.5018583695955938e-03
3.5018583695955938e-03
3.5018583695955938e-03
3.5018583695955938e-03
3.5018583695955938e-03
3.5018583695955938e-03
3.5018583695955938e-03
3.5018583695955938e-03
3.5018583695955938e-03
3.5018583695955938e-03
3.5018583695955938e-03
3.5018583695955938e-03
3.5018583695955938e-03
3.5018583695955938e-03
3.5018583695955938e-03
3.5018583695955938e-03
3.5018583695955938e-03
3.5018583695955938e-03
3.5018583695955938e-03
3.5018583695955938e-03
3.5018583695955938e-03
3.5018583695955938e-03
3.5018583695955938e-03
3.5018583695955938e-03
3.5018583695955938e-03
3.5018583695955938e-03
3.5018583695955938e-03
3.5018583695955938e-03
3.5018583695955938e-03
3.5018583695955938e-03
3.5018583695955938e-03
3.5018583695955938e-03
3.5018583695955938e-03
3.5018583695955938e-03
3.5018583695955938e-03
3.5018583695955938e-03
3.5018583695955938e-03
3.5018583695955938e-03
3.5018583695955938e-03
3.5018583695955938e-03
3.5018583695955938e-03
3.5018583695955938e-03
3.5018583695955938e-03
3.5018583695955938e-03
3.5018583695955938e-03
3.5018583695955938e-03
3.5018583695955938e-03
3.5018583695955938e-03
3.5018583695955938e-03
3.5018583695955938e-03
3.5018583695955938e-03
3.5018583695955938e-03
3.5018583695955938e-03
3.5018583695955938e-03
3.5018583695955938e-03
3.5018583695955938e-03
3.5018583695955938e-03
3.5018583695955938e-03
3.5018583695955938e-03
3.5018583695955938e-03
3.5018583695955938e-03
3.5018583695955938e-03
3.5018583695955938e-03
3.5018583695955938e-03
3.5018583695955938e-03
3.5018583695955938e-03
3.5018583695955938e-03
3.5018583695955938e-03
3.5018583695955938e-03
3.5018583695955938e-03
