0.0000000000000000e+00
4.4000000009092111e+02
4.4000003880478658e+02
4.4000214090907150e+02
4.4000109146602091e+02
4.4000055501954694e+02
4.4000028279066703e+02
4.4000014414188718e+02
4.4000007349105312e+02
4.4000003747698213e+02
4.4000001911415939e+02
4.4000000974966019e+02
4.4000000497340977e+02
4.4000000253716348e+02
4.4000000129432289e+02
4.4000000066036540e+02
4.4000000033687780e+02
4.4000000017186653e+02
4.4008912558777138e+02
4.4000000049153755e+02
4.3999606844968798e+02
4.4002345740510879e+02
4.4006236145448082e+02
4.4010549901567401e+02
4.4000000024904153e+02
4.3990427222820216e+02
4.3999640805485456e+02
4.4004435918251795e+02
4.4007606594067397e+02
4.4010180050924691e+02
4.3995401236808959e+02
4.4000000021361626e+02
4.4004598806722595e+02
4.4007101082978659e+02
4.4008697329980845e+02
4.4009960478107621e+02
4.3992991318236119e+02
4.4000000032676155e+02
4.4007008748964586e+02
4.3992991316932921e+02
4.4000000025125337e+02
4.4007008735178584e+02
4.3992991316931898e+02
4.4000000025128412e+02
4.4007008735181398e+02
4.3992991316935047e+02
4.4000000025133278e+02
4.4007008735191818e+02
4.3992991316942897e+02
4.4000000025135381e+02
4.4007008735188651e+02
4.3992991316941271e+02
4.4000000025139605e+02
4.4007008735197456e+02
4.3992991316948491e+02
4.4000000025141071e+02
4.4007008735196086e+02
4.3992991316944688e+02
4.4000000025136546e+02
4.4007008735187685e+02
4.3992991316941408e+02
4.4000000025131521e+02
4.4007008735184974e+02
4.3992991316940572e+02
4.4000000025135489e+02
4.4007008735183052e+02
4.3992991316929346e+02
4.4000000025125740e+02
4.4007008735181512e+02
4.3992991316932984e+02
4.4000000025124041e+02
4.4007008735176532e+02
4.3992991316928419e+02
4.4000000025127326e+02
4.4007008735185798e+02
4.3992991316933512e+02
4.4000000025130100e+02
4.4007008735183143e+02
4.3992991316935087e+02
4.4000000025131112e+02
4.4007008735184155e+02
4.3992991316937554e+02
4.4000000025135694e+02
4.4007008735189777e+02
4.3992991316943153e+02
4.4000000025129657e+02
4.4007008735175867e+02
4.3992991316933751e+02
4.4000000025126724e+02
4.4007008735177396e+02
4.3992991316928408e+02
4.4000000025118948e+02
4.4007008735174929e+02
4.3992991316930096e+02
4.4000000025119266e+02
4.4007008735174202e+02
4.3992991316932478e+02
4.4000000025128327e+02
4.4007008735183985e+02
4.3992991316929147e+02
4.4000000025123381e+02
4.4007008735177612e+02
4.3992991316926850e+02
4.4000000025115031e+02
4.4007008735173747e+02
4.3992991316924918e+02
4.4000000025119607e+02
4.4007008735173793e+02
4.3992991316916800e+02
4.4000000025116117e+02
4.4007008735177180e+02
4.3992991316914390e+02
4.4000000025110933e+02
4.4007008735171445e+02
4.3992991316918352e+02
4.4000000025114298e+02
4.4007008735171377e+02
4.3992991316916311e+02
4.4000000025111234e+02
4.4007008735168529e+02
4.3992991316920188e+02
4.4000000025117396e+02
4.4007008735169120e+02
4.3992991316918437e+02
4.4000000025117498e+02
4.4007008735170592e+02
4.3992991316919699e+02
4.4000000025112843e+02
4.4007008735171570e+02
4.3992991316919921e+02
4.4000000025112990e+02
4.4007008735169120e+02
4.3992991316922712e+02
4.4000000025113695e+02
4.4007008735167597e+02
4.3992991316920046e+02
4.4000000025108625e+02
4.4007008735170922e+02
4.3992991316921689e+02
4.4000000025117390e+02
4.4007008735176112e+02
4.3992991316924173e+02
4.4000000025121767e+02
4.4007008735183774e+02
4.3992991316923963e+02
4.4000000025115929e+02
4.4007008735167346e+02
4.3992991316921325e+02
4.4000000025118499e+02
4.4007008735171109e+02
4.3992991316925884e+02
4.4000000025117782e+02
4.4007008735165562e+02
4.3992991316921416e+02
4.4000000025116168e+02
4.4007008735181421e+02
4.3992991316922223e+02
4.4000000025122381e+02
4.4007008735179579e+02
4.3992991316924957e+02
4.4000000025119584e+02
