0.0000000000000000e+00
2.9651035536329708e-08
-1.0782644457125234e-05
-2.5276903456974702e-03
-1.2900019509164498e-03
-6.5794033203431170e-04
-3.3563693623836504e-04
-1.7122647342204049e-04
-8.7354294625695684e-05
-4.4566351701369870e-05
-2.2737193495078158e-05
-1.1600455092214863e-05
-5.9187081814593922e-06
-3.0198714276582813e-06
-1.5409031082245112e-06
-7.8636175002305471e-07
-4.0135515231492598e-07
-2.0496665748775470e-07
2.9706199682167627e-02
-5.8550730245067083e-07
-1.3099286886052676e-03
7.8208178800170496e-03
2.0789686440472605e-02
3.5169482855739204e-02
-2.9676450816307778e-07
-3.1913218839196338e-02
-1.1975235668369223e-03
1.4789880863315374e-02
2.5362437671097183e-02
3.3944206712704525e-02
-1.5329474992444882e-02
-1.4224708234112772e-07
1.5329179796289749e-02
2.3670124927177020e-02
2.8990959191325230e-02
3.3201450396316161e-02
-2.3362479887127061e-02
-2.1782413597627693e-07
2.3362019414401587e-02
-2.3362474041575983e-02
-1.6761314083581920e-07
2.3362113991955882e-02
-2.3362474063232608e-02
-1.6758349355854955e-07
2.3362114168968537e-02
-2.3362473970554368e-02
-1.6752592775318163e-07
2.3362114077510269e-02
-2.3362473957788864e-02
-1.6753983822172424e-07
2.3362114084632572e-02
-2.3362473985962032e-02
-1.6746363185421876e-07
2.3362114136321225e-02
-2.3362473962709209e-02
-1.6758180148002635e-07
2.3362114114588495e-02
-2.3362473966223707e-02
-1.6759627619048255e-07
2.3362114107091440e-02
-2.3362473934304392e-02
-1.6763642597740846e-07
2.3362113957911282e-02
-2.3362474133221893e-02
-1.6771493071573485e-07
2.3362113854416264e-02
-2.3362474306753530e-02
-1.6787354125348669e-07
2.3362113775791379e-02
-2.3362474342564610e-02
-1.6781537922854219e-07
2.3362113909472716e-02
-2.3362474209841434e-02
-1.6779665071910861e-07
2.3362113956319645e-02
-2.3362474156475625e-02
-1.6775274967398835e-07
2.3362113960236498e-02
-2.3362474131704773e-02
-1.6777304669674414e-07
2.3362113931107056e-02
-2.3362474246696293e-02
-1.6784598507466636e-07
2.3362113822741160e-02
-2.3362474233026426e-02
-1.6782940150369615e-07
2.3362113724608068e-02
-2.3362474227954715e-02
-1.6774945879894207e-07
2.3362113883835633e-02
-2.3362474173884859e-02
-1.6781277599010867e-07
2.3362113781223208e-02
-2.3362474148135203e-02
-1.6782434777501511e-07
2.3362113940206493e-02
-2.3362474211746691e-02
-1.6766777555628009e-07
2.3362113985626622e-02
-2.3362474143019688e-02
-1.6758219795339585e-07
2.3362114025874306e-02
-2.3362473951419091e-02
-1.6747864054930706e-07
2.3362114207994743e-02
-2.3362473849988755e-02
-1.6745183338609963e-07
2.3362114293911482e-02
-2.3362473809336055e-02
-1.6738591076414564e-07
2.3362114406482924e-02
-2.3362473681448118e-02
-1.6722665978178243e-07
2.3362114476928812e-02
-2.3362473626158210e-02
-1.6714124169516931e-07
2.3362114618314351e-02
-2.3362473515821044e-02
-1.6710886345560978e-07
2.3362114615943098e-02
-2.3362473496270533e-02
-1.6692764689093348e-07
2.3362114846498437e-02
-2.3362473289333018e-02
-1.6684991473799293e-07
2.3362114797093946e-02
-2.3362473232150495e-02
-1.6687197685125327e-07
2.3362114706125352e-02
-2.3362473334809609e-02
-1.6692984210627284e-07
2.3362114770401277e-02
-2.3362473341085693e-02
-1.6679247115577962e-07
2.3362114785287023e-02
-2.3362473225392047e-02
-1.6679320548124267e-07
2.3362114852778608e-02
-2.3362473263717810e-02
-1.6686385774097507e-07
2.3362114740756740e-02
-2.3362473281648619e-02
-1.6682103544291104e-07
2.3362114883931778e-02
-2.3362473297505550e-02
-1.6683701993252559e-07
2.3362114901269038e-02
-2.3362473127957258e-02
-1.6664492177920999e-07
2.3362114920560905e-02
-2.3362473120331084e-02
-1.6666030672934953e-07
2.3362114873801482e-02
-2.3362473158452659e-02
-1.6676126842013786e-07
2.3362114852973133e-02
-2.3362473199141615e-02
-1.6669727485766164e-07
2.3362114920357373e-02
-2.3362473178410646e-02
-1.6665303965276778e-07
