2.9999999999999983e+02
4.4000000009092139e+02
4.4000003880478681e+02
4.4000214090907161e+02
4.4000109146602097e+02
4.4000055501954682e+02
4.4000028279066703e+02
4.4000014414188723e+02
4.4000007349105300e+02
4.4000003747698241e+02
4.4000001911415967e+02
4.4000000974966042e+02
4.4000000497340989e+02
4.4000000253716303e+02
4.4000000129432334e+02
4.4000000066036506e+02
4.4000000033687763e+02
4.4000000017186659e+02
4.4008912558777143e+02
4.4000000049153766e+02
4.3999606844968798e+02
4.4002345740510901e+02
4.4006236145448059e+02
4.4010549901567401e+02
4.4000000024904131e+02
4.3999259819518147e+02
4.3999640805485416e+02
4.4004435918251818e+02
4.4007606594067420e+02
4.4010180050924646e+02
4.4004877511864083e+02
4.4004877511864083e+02
4.4004877511864083e+02
4.4007101082978602e+02
4.4008697329980885e+02
4.4009960478107610e+02
4.4007433478382342e+02
4.4007433478382342e+02
4.4007433478382342e+02
4.4007433478382342e+02
4.4007433478382342e+02
4.4007433478382342e+02
4.4007433478382342e+02
4.4007433478382342e+02
4.4007433478382342e+02
4.4007433478382342e+02
4.4007433478382342e+02
4.4007433478382342e+02
4.4007433478382342e+02
4.4007433478382342e+02
4.4007433478382342e+02
4.4007433478382342e+02
4.4007433478382342e+02
4.4007433478382342e+02
4.4007433478382342e+02
4.4007433478382342e+02
4.4007433478382342e+02
4.4007433478382342e+02
4.4007433478382342e+02
4.4007433478382342e+02
4.4007433478382342e+02
4.4007433478382342e+02
4.4007433478382342e+02
4.4007433478382342e+02
4.4007433478382342e+02
4.4007433478382342e+02
4.4007433478382342e+02
4.4007433478382342e+02
4.4007433478382342e+02
4.4007433478382342e+02
4.4007433478382342e+02
4.4007433478382342e+02
4.4007433478382342e+02
4.4007433478382342e+02
4.4007433478382342e+02
4.4007433478382342e+02
4.4007433478382342e+02
4.4007433478382342e+02
4.4007433478382342e+02
4.4007433478382342e+02
4.4007433478382342e+02
4.4007433478382342e+02
4.4007433478382342e+02
4.4007433478382342e+02
4.4007433478382342e+02
4.4007433478382342e+02
4.4007433478382342e+02
4.4007433478382342e+02
4.4007433478382342e+02
4.4007433478382342e+02
4.4007433478382342e+02
4.4007433478382342e+02
4.4007433478382342e+02
4.4007433478382342e+02
4.4007433478382342e+02
4.4007433478382342e+02
4.4007433478382342e+02
4.4007433478382342e+02
4.4007433478382342e+02
4.4007433478382342e+02
4.4007433478382342e+02
4.4007433478382342e+02
4.4007433478382342e+02
4.4007433478382342e+02
4.4007433478382342e+02
4.4007433478382342e+02
4.4007433478382342e+02
4.4007433478382342e+02
4.4007433478382342e+02
4.4007433478382342e+02
4.4007433478382342e+02
4.4007433478382342e+02
4.4007433478382342e+02
4.4007433478382342e+02
4.4007433478382342e+02
4.4007433478382342e+02
4.4007433478382342e+02
4.4007433478382342e+02
4.4007433478382342e+02
4.4007433478382342e+02
4.4007433478382342e+02
4.4007433478382342e+02
4.4007433478382342e+02
4.4007433478382342e+02
4.4007433478382342e+02
4.4007433478382342e+02
4.4007433478382342e+02
4.4007433478382342e+02
4.4007433478382342e+02
4.4007433478382342e+02
4.4007433478382342e+02
4.4007433478382342e+02
4.4007433478382342e+02
4.4007433478382342e+02
4.4007433478382342e+02
4.4007433478382342e+02
4.4007433478382342e+02
4.4007433478382342e+02
4.4007433478382342e+02
4.4007433478382342e+02
4.4007433478382342e+02
4.4007433478382342e+02
4.4007433478382342e+02
4.4007433478382342e+02
4.4007433478382342e+02
4.4007433478382342e+02
4.4007433478382342e+02
4.4007433478382342e+02
4.4007433478382342e+02
4.4007433478382342e+02
4.4007433478382342e+02
4.4007433478382342e+02
4.4007433478382342e+02
4.4007433478382342e+02
4.4007433478382342e+02
4.4007433478382342e+02
4.4007433478382342e+02
4.4007433478382342e+02
4.4007433478382342e+02
4.4007433478382342e+02
4.4007433478382342e+02
