0.0000000000000000e+00
2.9693776500081591e-08
-1.0782667035032053e-05
-2.5276903284788140e-03
-1.2900019539585125e-03
-6.5794029742870556e-04
-3.3563694058280733e-04
-1.7122642786065887e-04
-8.7354212750578945e-05
-4.4566349019040279e-05
-2.2737209633816961e-05
-1.1600483414278843e-05
-5.9187119577265135e-06
-3.0197825558585261e-06
-1.5408543528225699e-06
-7.8629349312039144e-07
-4.0129713654769681e-07
-2.0490975426273594e-07
2.9706199740553593e-02
-5.8545152239210103e-07
-1.3099286361586628e-03
7.8208179714347754e-03
2.0789686410021768e-02
3.5169482780245002e-02
-2.9687343465030044e-07
-3.1913218930156882e-02
-1.1975235697379244e-03
1.4789880897591853e-02
2.5362437762646940e-02
3.3944206869267038e-02
-1.5329475103559118e-02
-1.4234315992852677e-07
1.5329179716812365e-02
2.3670124858207558e-02
2.8990959152546389e-02
3.3201450280471549e-02
-2.3362480094689386e-02
-2.1807402464750574e-07
2.3362019156490225e-02
-2.3362474282645401e-02
-1.6783706238199855e-07
2.3362113746342224e-02
-2.3362474362801339e-02
-1.6789124772277819e-07
2.3362113863548715e-02
-2.3362474264110179e-02
-1.6774804887203857e-07
2.3362113827850799e-02
-2.3362474240454227e-02
-1.6783180424079973e-07
2.3362113708051576e-02
-2.3362474340580839e-02
-1.6787260602732108e-07
2.3362113804957292e-02
-2.3362474257125815e-02
-1.6785041352766495e-07
2.3362113884745777e-02
-2.3362474263512508e-02
-1.6788905617064341e-07
2.3362113835026045e-02
-2.3362474161298094e-02
-1.6786615985323000e-07
2.3362113781299827e-02
-2.3362474362336450e-02
-1.6799010831231561e-07
2.3362113536680083e-02
-2.3362474638856157e-02
-1.6821220549423737e-07
2.3362113406300910e-02
-2.3362474718019631e-02
-1.6821115726451217e-07
2.3362113493665647e-02
-2.3362474652431870e-02
-1.6816516168416818e-07
2.3362113605246849e-02
-2.3362474603913556e-02
-1.6820645605177754e-07
2.3362113544047956e-02
-2.3362474579938449e-02
-1.6819886810938425e-07
2.3362113474850982e-02
-2.3362474739562555e-02
-1.6830959659869683e-07
2.3362113392253990e-02
-2.3362474709273117e-02
-1.6836219737958922e-07
2.3362113249590019e-02
-2.3362474726327288e-02
-1.6826589695358000e-07
2.3362113350659838e-02
-2.3362474722314813e-02
-1.6834193233783068e-07
2.3362113256318658e-02
-2.3362474699662655e-02
-1.6834814430216687e-07
2.3362113347680607e-02
-2.3362474803994220e-02
-1.6831635760061114e-07
2.3362113283887126e-02
-2.3362474758145395e-02
-1.6827852422418539e-07
2.3362113292076301e-02
-2.3362474692679620e-02
-1.6820674803954726e-07
2.3362113520875166e-02
-2.3362474631214429e-02
-1.6819525837511615e-07
2.3362113654777892e-02
-2.3362474467992590e-02
-1.6805665408507670e-07
2.3362113766384612e-02
-2.3362474366839737e-02
-1.6795941049942501e-07
2.3362113759932503e-02
-2.3362474317691544e-02
-1.6785686903860500e-07
2.3362113916203145e-02
-2.3362474181692877e-02
-1.6774461520286421e-07
2.3362114033675933e-02
-2.3362474142327630e-02
-1.6763110097087678e-07
2.3362114198490953e-02
-2.3362473963682996e-02
-1.6749371067739857e-07
2.3362114245401425e-02
-2.3362473838996395e-02
-1.6739359689936046e-07
2.3362114270793596e-02
-2.3362473900037643e-02
-1.6746328025183068e-07
2.3362114271835245e-02
-2.3362473930645507e-02
-1.6743771218558636e-07
2.3362114178487201e-02
-2.3362473888076562e-02
-1.6737454036872387e-07
2.3362114295562498e-02
-2.3362473861723132e-02
-1.6744496333581370e-07
2.3362114208792868e-02
-2.3362473884948345e-02
-1.6738117626377380e-07
2.3362114288124673e-02
-2.3362473867667426e-02
-1.6738025509669583e-07
2.3362114316003414e-02
-2.3362473801100486e-02
-1.6731089550285672e-07
2.3362114265678042e-02
-2.3362473776314514e-02
-1.6737204805541564e-07
2.3362114154393834e-02
-2.3362473883594990e-02
-1.6748345237644867e-07
2.3362114126308387e-02
-2.3362473867565865e-02
-1.6736576522116076e-07
2.3362114278886896e-02
-2.3362473832945423e-02
-1.6731997169869492e-07
