0.0000000000000000e+00
-4.4000000006124884e+02
-4.4000004958744262e+02
-4.4000466859940843e+02
-4.4000238146797346e+02
-4.4000121295986150e+02
-4.4000061842760556e+02
-4.4000031536833797e+02
-4.4000016084530682e+02
-4.4000008204333221e+02
-4.4000004185136095e+02
-4.4000002135012971e+02
-4.4000001089212003e+02
-4.4000000555699000e+02
-4.4000000283520183e+02
-4.4000000144669292e+02
-4.4000000073820388e+02
-4.4000000037680462e+02
-4.4005941938806012e+02
-4.4000000107701715e+02
-4.3999737837835033e+02
-4.4001563658718305e+02
-4.4004157176805541e+02
-4.4007032953285585e+02
-4.4000000054586087e+02
-4.3993618544708687e+02
-4.3999760557842268e+02
-4.4002956930163742e+02
-4.4005070350295699e+02
-4.4006785630245571e+02
-4.3996934184313750e+02
-4.4000000035591137e+02
-4.4003065888746897e+02
-4.4004734070489383e+02
-4.4005798234063661e+02
-4.4006640333073767e+02
-4.3995327566235255e+02
-4.4000000054471093e+02
-4.4004672547036034e+02
-4.3995327564349139e+02
-4.4000000041897852e+02
-4.4004672523791658e+02
-4.3995327564353204e+02
-4.4000000041902126e+02
-4.4004672523779766e+02
-4.3995327564346758e+02
-4.4000000041896976e+02
-4.4004672523796575e+02
-4.3995327564352817e+02
-4.4000000041903968e+02
-4.4004672523799013e+02
-4.3995327564357592e+02
-4.4000000041906424e+02
-4.4004672523800400e+02
-4.3995327564359491e+02
-4.4000000041912728e+02
-4.4004672523796137e+02
-4.3995327564356154e+02
-4.4000000041910778e+02
-4.4004672523790572e+02
-4.3995327564346184e+02
-4.4000000041906640e+02
-4.4004672523798035e+02
-4.3995327564365317e+02
-4.4000000041920754e+02
-4.4004672523813468e+02
-4.3995327564376669e+02
-4.4000000041930036e+02
-4.4004672523822433e+02
-4.3995327564385980e+02
-4.4000000041925364e+02
-4.4004672523806369e+02
-4.3995327564371553e+02
-4.4000000041925432e+02
-4.4004672523807733e+02
-4.3995327564371513e+02
-4.4000000041928052e+02
-4.4004672523807949e+02
-4.3995327564370666e+02
-4.4000000041929718e+02
-4.4004672523813861e+02
-4.3995327564386855e+02
-4.4000000041943451e+02
-4.4004672523829032e+02
-4.3995327564390288e+02
-4.4000000041939234e+02
-4.4004672523827185e+02
-4.3995327564381483e+02
-4.4000000041927507e+02
-4.4004672523815663e+02
-4.3995327564373235e+02
-4.4000000041926705e+02
-4.4004672523823035e+02
-4.3995327564372468e+02
-4.4000000041927888e+02
-4.4004672523809808e+02
-4.3995327564383257e+02
-4.4000000041927530e+02
-4.4004672523820511e+02
-4.3995327564374196e+02
-4.4000000041916417e+02
-4.4004672523811701e+02
-4.3995327564359036e+02
-4.4000000041899284e+02
-4.4004672523787281e+02
-4.3995327564348969e+02
-4.4000000041901990e+02
-4.4004672523776372e+02
-4.3995327564330660e+02
-4.4000000041888256e+02
-4.4004672523768539e+02
-4.3995327564316796e+02
-4.4000000041870243e+02
-4.4004672523759609e+02
-4.3995327564315517e+02
-4.4000000041864200e+02
-4.4004672523744642e+02
-4.3995327564301209e+02
-4.4000000041853889e+02
-4.4004672523736053e+02
-4.3995327564302130e+02
-4.4000000041845340e+02
-4.4004672523716926e+02
-4.3995327564281075e+02
-4.4000000041834710e+02
-4.4004672523718455e+02
-4.3995327564273310e+02
-4.4000000041826104e+02
-4.4004672523722724e+02
-4.3995327564281655e+02
-4.4000000041832629e+02
-4.4004672523716999e+02
-4.3995327564286288e+02
-4.4000000041825172e+02
-4.4004672523719375e+02
-4.3995327564275743e+02
-4.4000000041817043e+02
-4.4004672523713481e+02
-4.3995327564277977e+02
-4.4000000041832834e+02
-4.4004672523728652e+02
-4.3995327564282496e+02
-4.4000000041831868e+02
-4.4004672523725179e+02
-4.3995327564282218e+02
-4.4000000041826797e+02
-4.4004672523706483e+02
-4.3995327564267791e+02
-4.4000000041816298e+02
-4.4004672523711793e+02
-4.3995327564270730e+02
-4.4000000041819402e+02
-4.4004672523714129e+02
-4.3995327564273532e+02
-4.4000000041828378e+02
-4.4004672523732449e+02
-4.3995327564275584e+02
-4.4000000041825524e+02
-4.4004672523719637e+02
-4.3995327564275522e+02
-4.4000000041818231e+02
