0.0000000000000000e+00
-8.0000000033825149e-04
-1.6000000002501838e-03
-2.4000000002503785e-03
-4.4682926896074723e-03
-7.4455681160314020e-03
-7.4986726865660137e-03
-7.4999704366367492e-03
-7.5012681883934729e-03
-7.5025659418332599e-03
-7.5019616178829285e-03
-7.5013572942990957e-03
-7.5019616152365333e-03
-7.5025659365389984e-03
-7.5031702582074242e-03
-7.5024267070384273e-03
-7.5016831564218272e-03
-7.5024267029530538e-03
-7.5031702500377691e-03
-7.5024293582898090e-03
-7.5016884670904716e-03
-7.5024293541707402e-03
-7.5031702418003558e-03
-7.5024293696990046e-03
-7.5016884981455936e-03
-7.5024293655795229e-03
-7.5031702335627533e-03
-7.5024293696986846e-03
-7.5016885063834823e-03
-7.5024293655801474e-03
-7.5031702253260824e-03
-7.5024293696993307e-03
-7.5016885146220987e-03
-7.5024293655803018e-03
-7.5031702170878850e-03
-7.5024293697000255e-03
-7.5016885228609258e-03
-7.5024293655812230e-03
-7.5031702088499937e-03
-7.5024293697007836e-03
-7.5016885310992282e-03
-7.5024293655815153e-03
-7.5031702006126098e-03
-7.5024293696998859e-03
-7.5016885393363025e-03
-7.5024293655803383e-03
-7.5031701923741817e-03
-7.5024293696999440e-03
-7.5016885475740879e-03
-7.5024293655805152e-03
-7.5031701841360605e-03
-7.5024293697010871e-03
-7.5016885558143098e-03
-7.5024293655818674e-03
-7.5031701758989646e-03
-7.5024293697008079e-03
-7.5016885640518125e-03
-7.5024293655802836e-03
-7.5031701676583698e-03
-7.5024293696991503e-03
-7.5016885722894600e-03
-7.5024293655801500e-03
-7.5031701594197898e-03
-7.5024293696998902e-03
-7.5016885805286983e-03
-7.5024293655799748e-03
-7.5031701511810546e-03
-7.5024293696996404e-03
-7.5016885887670224e-03
-7.5024293655799722e-03
-7.5031701429417296e-03
-7.5024293696996508e-03
-7.5016885970062858e-03
-7.5024293655809246e-03
-7.5031701347036310e-03
-7.5024293696997618e-03
-7.5016886052449803e-03
-7.5024293655801258e-03
-7.5031701264646573e-03
-7.5024293697003924e-03
-7.5016886134847763e-03
-7.5024293655812594e-03
-7.5031701182260236e-03
-7.5024293697004444e-03
-7.5016886217238151e-03
-7.5024293655808040e-03
-7.5031701099866734e-03
-7.5024293697006595e-03
-7.5016886299636163e-03
-7.5024293655805516e-03
-7.5031701017464593e-03
-7.5024293697010472e-03
-7.5016886382039370e-03
-7.5024293655815378e-03
-7.5031700935071768e-03
-7.5024293697010707e-03
-7.5016886464437313e-03
-7.5024293655810608e-03
-7.5031700852674051e-03
-7.5024293697006665e-03
-7.5016886546832046e-03
-7.5024293655803626e-03
-7.5031700770261077e-03
-7.5024293697004496e-03
-7.5016886629227612e-03
-7.5024293655804597e-03
-7.5031700687871400e-03
-7.5024293697004652e-03
-7.5016886711625312e-03
-7.5024293655806358e-03
-7.5031700605469572e-03
-7.5024293697003681e-03
-7.5016886794026282e-03
-7.5024293655801743e-03
-7.5031700523064716e-03
-7.5024293696996439e-03
-7.5016886876411934e-03
-7.5024293655797051e-03
-7.5031700440666592e-03
-7.5024293696993030e-03
-7.5016886958808940e-03
-7.5024293655790286e-03
-7.5031700358267877e-03
-7.5024293696995632e-03
-7.5016887041203847e-03
-7.5024293655791404e-03
-7.5031700275861530e-03
-7.5024293696990402e-03
-7.5016887123606222e-03
-7.5024293655792888e-03
-7.5031700193465296e-03
-7.5024293696991790e-03
-7.5016887205999611e-03
-7.5024293655779209e-03
-7.5031700111055566e-03
-7.5024293696988997e-03
-7.5016887288407363e-03
-7.5024293655788984e-03
-7.5031700028653642e-03
-7.5024293696994799e-03
-7.5016887370815966e-03
-7.5024293655785723e-03
-7.5031699946249610e-03
-7.5024293696998000e-03
-7.5016887453230405e-03
-7.5024293655792792e-03
-7.5031699863839204e-03
-7.5024293697000871e-03
-7.5016887535636319e-03
-7.5024293655794180e-03
-7.5031699781431937e-03
-7.5024293697000628e-03
-7.5016887618047237e-03
-7.5024293655788143e-03
-7.5031699699023482e-03
-7.5024293696996959e-03
-7.5016887700457982e-03
-7.5024293655787978e-03
-7.5031699616608096e-03
-7.5024293696994149e-03
-7.5016887782879717e-03
