0.0000000000000000e+00
2.0000000008920152e-04
4.0000000014636428e-04
6.0000000014644780e-04
1.4341463446721982e-03
2.7227840579887208e-03
2.7493363148057511e-03
2.7499840208945908e-03
2.7506317265636481e-03
2.7512794318140686e-03
2.7509808064682239e-03
2.7506821810322928e-03
2.7509808066383070e-03
2.7512794321541299e-03
2.7515780575811280e-03
2.7512133497340084e-03
2.7508486417520974e-03
2.7512133500004836e-03
2.7515780581149861e-03
2.7512146753507351e-03
2.7508512924530656e-03
2.7512146756190877e-03
2.7515780586533753e-03
2.7512146810541121e-03
2.7508513033230220e-03
2.7512146813233303e-03
2.7515780591912059e-03
2.7512146810537018e-03
2.7508513027837064e-03
2.7512146813224421e-03
2.7515780597292976e-03
2.7512146810532373e-03
2.7508513022449230e-03
2.7512146813235393e-03
2.7515780602688066e-03
2.7512146810537218e-03
2.7508513017064687e-03
2.7512146813234765e-03
2.7515780608083152e-03
2.7512146810539295e-03
2.7508513011678740e-03
2.7512146813231846e-03
2.7515780613471042e-03
2.7512146810541351e-03
2.7508513006288533e-03
2.7512146813228385e-03
2.7515780618849370e-03
2.7512146810542626e-03
2.7508513000909780e-03
2.7512146813232128e-03
2.7515780624238614e-03
2.7512146810531870e-03
2.7508512995510618e-03
2.7512146813223940e-03
2.7515780629622458e-03
2.7512146810536606e-03
2.7508512990132346e-03
2.7512146813233563e-03
2.7515780635011659e-03
2.7512146810539247e-03
2.7508512984747270e-03
2.7512146813233863e-03
2.7515780640394961e-03
2.7512146810531766e-03
2.7508512979352341e-03
2.7512146813229031e-03
2.7515780645784023e-03
2.7512146810536155e-03
2.7508512973971810e-03
2.7512146813224066e-03
2.7515780651151309e-03
2.7512146810528691e-03
2.7508512968583789e-03
2.7512146813225440e-03
2.7515780656535804e-03
2.7512146810532972e-03
2.7508512963209998e-03
2.7512146813223281e-03
2.7515780661910494e-03
2.7512146810525686e-03
2.7508512957821031e-03
2.7512146813215062e-03
2.7515780667294824e-03
2.7512146810524073e-03
2.7508512952431532e-03
2.7512146813218584e-03
2.7515780672683053e-03
2.7512146810523361e-03
2.7508512947046967e-03
2.7512146813211845e-03
2.7515780678057876e-03
2.7512146810523205e-03
2.7508512941664697e-03
2.7512146813212439e-03
2.7515780683440411e-03
2.7512146810520985e-03
2.7508512936280827e-03
2.7512146813212851e-03
2.7515780688819147e-03
2.7512146810524814e-03
2.7508512930895820e-03
2.7512146813210821e-03
2.7515780694210906e-03
2.7512146810527126e-03
2.7508512925525450e-03
2.7512146813215930e-03
2.7515780699588080e-03
2.7512146810521661e-03
2.7508512920132273e-03
2.7512146813209659e-03
2.7515780704967579e-03
2.7512146810515867e-03
2.7508512914743224e-03
2.7512146813201744e-03
2.7515780710347039e-03
2.7512146810514475e-03
2.7508512909363704e-03
2.7512146813204854e-03
2.7515780715734049e-03
2.7512146810508898e-03
2.7508512903965544e-03
2.7512146813195070e-03
2.7515780721105061e-03
2.7512146810510906e-03
2.7508512898593634e-03
2.7512146813204737e-03
2.7515780726493572e-03
2.7512146810514011e-03
2.7508512893216165e-03
2.7512146813210470e-03
2.7515780731880539e-03
2.7512146810519267e-03
2.7508512887830534e-03
2.7512146813211285e-03
2.7515780737268521e-03
2.7512146810522793e-03
2.7508512882449317e-03
2.7512146813202447e-03
2.7515780742650982e-03
2.7512146810511440e-03
2.7508512877059748e-03
2.7512146813204281e-03
2.7515780748022288e-03
2.7512146810502692e-03
2.7508512871666918e-03
2.7512146813193786e-03
2.7515780753396999e-03
2.7512146810494279e-03
2.7508512866281222e-03
2.7512146813190516e-03
2.7515780758779382e-03
2.7512146810492583e-03
2.7508512860893036e-03
2.7512146813183491e-03
2.7515780764165282e-03
2.7512146810497384e-03
2.7508512855505766e-03
2.7512146813192355e-03
2.7515780769545835e-03
2.7512146810492470e-03
2.7508512850121661e-03
