0.0000000000000000e+00
2.0000000008936049e-04
4.0000000014677720e-04
6.0000000014697841e-04
1.4341463446728400e-03
2.7227840579899356e-03
2.7493363148069871e-03
2.7499840208960341e-03
2.7506317265651265e-03
2.7512794318154685e-03
2.7509808064698901e-03
2.7506821810346768e-03
2.7509808066404568e-03
2.7512794321561613e-03
2.7515780575832795e-03
2.7512133497358902e-03
2.7508486417559081e-03
2.7512133500035276e-03
2.7515780581178666e-03
2.7512146753532456e-03
2.7508512924567310e-03
2.7512146756225589e-03
2.7515780586562662e-03
2.7512146810576331e-03
2.7508513033264403e-03
2.7512146813262841e-03
2.7515780591942703e-03
2.7512146810568104e-03
2.7508513027869703e-03
2.7512146813261102e-03
2.7515780597334029e-03
2.7512146810570017e-03
2.7508513022483374e-03
2.7512146813264624e-03
2.7515780602714373e-03
2.7512146810557861e-03
2.7508513017083843e-03
2.7512146813246895e-03
2.7515780608094267e-03
2.7512146810550055e-03
2.7508513011688940e-03
2.7512146813249505e-03
2.7515780613488867e-03
2.7512146810555801e-03
2.7508513006306076e-03
2.7512146813243850e-03
2.7515780618860360e-03
2.7512146810557249e-03
2.7508513000936321e-03
2.7512146813249766e-03
2.7515780624249144e-03
2.7512146810550258e-03
2.7508512995530069e-03
2.7512146813239535e-03
2.7515780629627272e-03
2.7512146810542916e-03
2.7508512990144680e-03
2.7512146813234838e-03
2.7515780635012843e-03
2.7512146810540895e-03
2.7508512984750263e-03
2.7512146813235966e-03
2.7515780640401805e-03
2.7512146810542149e-03
2.7508512979370721e-03
2.7512146813239075e-03
2.7515780645789947e-03
2.7512146810544313e-03
2.7508512973979092e-03
2.7512146813232973e-03
2.7515780651167863e-03
2.7512146810544551e-03
2.7508512968597134e-03
2.7512146813233000e-03
2.7515780656550380e-03
2.7512146810543402e-03
2.7508512963217795e-03
2.7512146813238386e-03
2.7515780661938041e-03
2.7512146810550692e-03
2.7508512957828512e-03
2.7512146813232206e-03
2.7515780667325728e-03
2.7512146810549261e-03
2.7508512952445106e-03
2.7512146813237623e-03
2.7515780672706779e-03
2.7512146810537916e-03
2.7508512947051426e-03
2.7512146813230328e-03
2.7515780678089691e-03
2.7512146810539759e-03
2.7508512941665122e-03
2.7512146813232926e-03
2.7515780683476658e-03
2.7512146810540301e-03
2.7508512936282202e-03
2.7512146813234092e-03
2.7515780688861131e-03
2.7512146810539347e-03
2.7508512930894532e-03
2.7512146813224803e-03
2.7515780694238731e-03
2.7512146810521679e-03
2.7508512925492421e-03
2.7512146813218020e-03
2.7515780699623048e-03
2.7512146810529897e-03
2.7508512920109847e-03
2.7512146813213427e-03
2.7515780704993787e-03
2.7512146810519432e-03
2.7508512914720977e-03
2.7512146813203193e-03
2.7515780710380142e-03
2.7512146810516930e-03
2.7508512909336074e-03
2.7512146813217391e-03
2.7515780715772382e-03
2.7512146810523778e-03
2.7508512903947503e-03
2.7512146813214577e-03
2.7515780721150546e-03
2.7512146810521002e-03
2.7508512898577189e-03
2.7512146813215583e-03
2.7515780726534017e-03
2.7512146810528509e-03
2.7508512893203150e-03
2.7512146813223398e-03
2.7515780731918564e-03
2.7512146810523596e-03
2.7508512887806898e-03
2.7512146813219460e-03
2.7515780737308614e-03
2.7512146810524983e-03
2.7508512882424164e-03
2.7512146813218168e-03
2.7515780742696648e-03
2.7512146810529836e-03
2.7508512877043429e-03
2.7512146813225046e-03
2.7515780748080809e-03
2.7512146810534420e-03
2.7508512871668913e-03
2.7512146813221646e-03
2.7515780753461999e-03
2.7512146810526840e-03
2.7508512866284583e-03
2.7512146813228602e-03
2.7515780758851859e-03
2.7512146810531814e-03
2.7508512860897239e-03
2.7512146813220627e-03
2.7515780764223066e-03
2.7512146810531562e-03
2.7508512855513546e-03
2.7512146813229890e-03
2.7515780769617796e-03
2.7512146810538939e-03
2.7508512850132256e-03
