0.0000000000000000e+00
0.0000000000000000e+00
0.0000000000000000e+00
0.0000000000000000e+00
1.2682926879574489e-03
3.4455681156171777e-03
3.4986726025224377e-03
3.4999691610712994e-03
3.5009662524702195e-03
3.5019616134882347e-03
3.5019616134882347e-03
3.5019616134882347e-03
3.5019616134882347e-03
3.5019673645001136e-03
3.5024267003117664e-03
3.5024267003117664e-03
3.5024267003117664e-03
3.5024267003117664e-03
3.5024293515480021e-03
3.5024293515480021e-03
3.5024293515480021e-03
3.5024293515480021e-03
3.5024293629568625e-03
3.5024293629568625e-03
3.5024293629568625e-03
3.5024293629568625e-03
3.5024293629568625e-03
3.5024293629568625e-03
3.5024293629568625e-03
3.5024293629568625e-03
3.5024293629568625e-03
3.5024293629568625e-03
3.5024293629568625e-03
3.5024293629568625e-03
3.5024293629568625e-03
3.5024293629568625e-03
3.5024293629568625e-03
3.5024293629568625e-03
3.5024293629568625e-03
3.5024293629568625e-03
3.5024293629568625e-03
3.5024293629568625e-03
3.5024293629568625e-03
3.5024293629568625e-03
3.5024293629568625e-03
3.5024293629568625e-03
3.5024293629568625e-03
3.5024293629568625e-03
3.5024293629568625e-03
3.5024293629568625e-03
3.5024293629568625e-03
3.5024293629568625e-03
3.5024293629568625e-03
3.5024293629568625e-03
3.5024293629568625e-03
3.5024293629568625e-03
3.5024293629568625e-03
3.5024293629568625e-03
3.5024293629568625e-03
3.5024293629568625e-03
3.5024293629568625e-03
3.5024293629568625e-03
3.5024293629568625e-03
3.5024293629568625e-03
3.5024293629568625e-03
3.5024293629568625e-03
3.5024293629568625e-03
3.5024293629568625e-03
3.5024293629568625e-03
3.5024293629568625e-03
3.5024293629568625e-03
3.5024293629568625e-03
3.5024293629568625e-03
3.5024293629568625e-03
3.5024293629568625e-03
3.5024293629568625e-03
3.5024293629568625e-03
3.5024293629568625e-03
3.5024293629568625e-03
3.5024293629568625e-03
3.5024293629568625e-03
3.5024293629568625e-03
3.5024293629568625e-03
3.5024293629568625e-03
3.5024293629568625e-03
3.5024293629568625e-03
3.5024293629568625e-03
3.5024293629568625e-03
3.5024293629568625e-03
3.5024293629568625e-03
3.5024293629568625e-03
3.5024293629568625e-03
3.5024293629568625e-03
3.5024293629568625e-03
3.5024293629568625e-03
3.5024293629568625e-03
3.5024293629568625e-03
3.5024293629568625e-03
3.5024293629568625e-03
3.5024293629568625e-03
3.5024293629568625e-03
3.5024293629568625e-03
3.5024293629568625e-03
3.5024293629568625e-03
3.5024293629568625e-03
3.5024293629568625e-03
3.5024293629568625e-03
3.5024293629568625e-03
3.5024293629568625e-03
3.5024293629568625e-03
3.5024293629568625e-03
3.5024293629568625e-03
3.5024293629568625e-03
3.5024293629568625e-03
3.5024293629568625e-03
3.5024293629568625e-03
3.5024293629568625e-03
3.5024293629568625e-03
3.5024293629568625e-03
3.5024293629568625e-03
3.5024293629568625e-03
3.5024293629568625e-03
3.5024293629568625e-03
3.5024293629568625e-03
3.5024293629568625e-03
3.5024293629568625e-03
3.5024293629568625e-03
3.5024293629568625e-03
3.5024293629568625e-03
3.5024293629568625e-03
3.5024293629568625e-03
3.5024293629568625e-03
3.5024293629568625e-03
3.5024293629568625e-03
3.5024293629568625e-03
3.5024293629568625e-03
3.5024293629568625e-03
3.5024293629568625e-03
3.5024293629568625e-03
3.5024293629568625e-03
3.5024293629568625e-03
3.5024293629568625e-03
3.5024293629568625e-03
3.5024293629568625e-03
3.5024293629568625e-03
3.5024293629568625e-03
3.5024293629568625e-03
3.5024293629568625e-03
3.5024293629568625e-03
3.5024293629568625e-03
3.5024293629568625e-03
3.5024293629568625e-03
3.5024293629568625e-03
3.5024293629568625e-03
3.5024293629568625e-03
3.5024293629568625e-03
3.5024293629568625e-03
3.5024293629568625e-03
3.5024293629568625e-03
3.5024293629568625e-03
3.5024293629568625e-03
