0.0000000000000000e+00
8.3736809491947507e-10
1.4789851229885055e-08
1.4815037882839785e-08
4.9523782717140998e-08
1.3589396439242991e-08
-1.3139560237239238e-06
-1.5462156613809059e-04
1.2868477355437658e-02
2.5967565235311151e-02
-2.4179880023324762e-07
-2.5968080774390234e-02
-9.5408080134071236e-08
2.5714813544497866e-02
3.1471959583432893e-02
-3.7008673618153035e-07
-3.1472747559417417e-02
-1.4333610671828190e-07
3.1355758672639310e-02
-3.7099777254249908e-07
-3.1356548096077588e-02
-1.4240866775610549e-07
3.1355713872023780e-02
-3.7107141440680043e-07
-3.1356503387320010e-02
-1.4246200037760779e-07
3.1356171041773899e-02
-3.7111287442821977e-07
-3.1356960748023834e-02
-1.4250874106519539e-07
3.1356628328238871e-02
-3.7115850777128055e-07
-3.1357418052683453e-02
-1.4246245915917569e-07
3.1357085557328197e-02
-3.7129394142387624e-07
-3.1357875495888671e-02
-1.4267282996858282e-07
3.1357542842910563e-02
-3.7138695517570757e-07
-3.1358332827688837e-02
-1.4264502663024509e-07
3.1358000197809946e-02
-3.7127450709535474e-07
-3.1358790077125900e-02
-1.4271374284354678e-07
3.1358457252964211e-02
-3.7127275090306993e-07
-3.1359247168833163e-02
-1.4266252485575350e-07
3.1358914545015312e-02
-3.7147528078182075e-07
-3.1359704798374084e-02
-1.4287584718941821e-07
3.1359371646982451e-02
-3.7151656451890108e-07
-3.1360161968925410e-02
-1.4278615638125300e-07
3.1359829045249872e-02
-3.7145573507235785e-07
-3.1360619329837303e-02
-1.4280221331606938e-07
3.1360286371787893e-02
-3.7148213892560019e-07
-3.1361076620446827e-02
-1.4274130605472946e-07
3.1360743730973917e-02
-3.7141932281488498e-07
-3.1361533969046826e-02
-1.4287299911121631e-07
3.1361200824758899e-02
-3.7152323525095200e-07
-3.1361991273094178e-02
-1.4296407877150641e-07
3.1361658003774419e-02
-3.7154409462154206e-07
-3.1362448434784300e-02
-1.4284622337119792e-07
3.1362115307505573e-02
-3.7150822108145887e-07
-3.1362905810858807e-02
-1.4304131312130331e-07
3.1362572566803547e-02
-3.7151814031167558e-07
-3.1363363121638094e-02
-1.4292010499394437e-07
3.1363029880492221e-02
-3.7170912482589882e-07
-3.1363820565943064e-02
-1.4299865114196759e-07
3.1363487186214560e-02
-3.7165833511145204e-07
-3.1364277926498527e-02
-1.4303924564522079e-07
3.1363944440458771e-02
-3.7167376916640720e-07
-3.1364735229628148e-02
-1.4301702772481918e-07
3.1364401754308061e-02
-3.7170420779357939e-07
-3.1365192617840730e-02
-1.4315357559868697e-07
3.1364859027173016e-02
-3.7192213246965416e-07
-3.1365650084975355e-02
-1.4323083588534004e-07
3.1365316252306916e-02
-3.7187409666813603e-07
-3.1366107457917514e-02
-1.4335455953026644e-07
3.1365773403267801e-02
-3.7199757387748906e-07
-3.1366564792808048e-02
-1.4339119497773345e-07
3.1366230791474228e-02
-3.7198030346466312e-07
-3.1367022071244859e-02
-1.4324608052287035e-07
3.1366688187666053e-02
-3.7189352464499415e-07
-3.1367479449755209e-02
-1.4326287491343400e-07
3.1367145405344993e-02
-3.7192685761880829e-07
-3.1367936554646071e-02
-1.4322083646220878e-07
3.1367602761887325e-02
-3.7180326863825010e-07
-3.1368393749920689e-02
-1.4313104314925230e-07
3.1368060042633331e-02
-3.7187132002240469e-07
-3.1368851197955523e-02
-1.4313644564831184e-07
3.1368517498877285e-02
-3.7183130390636631e-07
-3.1369308503968914e-02
-1.4318389007321868e-07
3.1368974920807854e-02
-3.7180180928336903e-07
-3.1369765848745325e-02
-1.4306209379330788e-07
3.1369432201043122e-02
-3.7181165987861174e-07
-3.1370223107303981e-02
-1.4317096998787637e-07
3.1369889543039889e-02
-3.7190459291089904e-07
-3.1370680468968126e-02
-1.4308161980737034e-07
3.1370346942211344e-02
-3.7183450601484960e-07
-3.1371137868239106e-02
-1.4317956221309045e-07
3.1370804152769619e-02
-3.7182700125196593e-07
-3.1371595248338421e-02
-1.4303854238179914e-07
3.1371261669321561e-02
-3.7173140458905696e-07
-3.1372052654329199e-02
