0.0000000000000000e+00
8.2336907499522110e-10
1.4766633031084886e-08
1.4772588064697049e-08
4.9492225014508006e-08
1.3533846376222170e-08
-1.3140088198850503e-06
-1.5462162938983842e-04
1.2868477268235611e-02
2.5967565170122667e-02
-2.4189011185975420e-07
-2.5968080907474350e-02
-9.5536187278273940e-08
2.5714813429545652e-02
3.1471959454841672e-02
-3.7021828863713662e-07
-3.1472747806333960e-02
-1.4351433989303209e-07
3.1355758499975649e-02
-3.7111555675780451e-07
-3.1356548281568156e-02
-1.4258238138205789e-07
3.1355713746179174e-02
-3.7121745897673640e-07
-3.1356503529943458e-02
-1.4259223770983002e-07
3.1356170920067060e-02
-3.7127112376194141e-07
-3.1356960917607216e-02
-1.4274537876387209e-07
3.1356628091171644e-02
-3.7136691113018027e-07
-3.1357418246882700e-02
-1.4261154008667527e-07
3.1357085442251791e-02
-3.7139045618335712e-07
-3.1357875591422765e-02
-1.4270211893323251e-07
3.1357542821264899e-02
-3.7141051783237550e-07
-3.1358332841471971e-02
-1.4273958868299401e-07
3.1358000107152943e-02
-3.7133415165558381e-07
-3.1358790178879374e-02
-1.4279786425827172e-07
3.1358457220744484e-02
-3.7133094155704137e-07
-3.1359247312927080e-02
-1.4275809869349345e-07
3.1358914505821851e-02
-3.7158191266393428e-07
-3.1359704919977922e-02
-1.4295383820247424e-07
3.1359371670046307e-02
-3.7150866479712105e-07
-3.1360161999161515e-02
-1.4273831659192446e-07
3.1359829108369236e-02
-3.7141189644705278e-07
-3.1360619262964934e-02
-1.4275172089817687e-07
3.1360286369732059e-02
-3.7154159036068405e-07
-3.1361076722466019e-02
-1.4280123767124685e-07
3.1360743723282021e-02
-3.7143547341464188e-07
-3.1361533969715659e-02
-1.4289927080367867e-07
3.1361200745921636e-02
-3.7161164625818207e-07
-3.1361991344376824e-02
-1.4298345914647159e-07
3.1361657931707060e-02
-3.7156554634696188e-07
-3.1362448452990563e-02
-1.4292881181288600e-07
3.1362115122699173e-02
-3.7167870639201899e-07
-3.1362905864930464e-02
-1.4316914355865996e-07
3.1362572314285575e-02
-3.7172080241201651e-07
-3.1363363231823087e-02
-1.4309197385169505e-07
3.1363029674137233e-02
-3.7182019844252959e-07
-3.1363820581762979e-02
-1.4315794467594092e-07
3.1363486911194630e-02
-3.7181705165247308e-07
-3.1364277900659876e-02
-1.4319609172827357e-07
3.1363944156664089e-02
-3.7181324132065898e-07
-3.1364735230989330e-02
-1.4320602561220196e-07
3.1364401394734953e-02
-3.7181212412035366e-07
-3.1365192577048166e-02
-1.4325357655263856e-07
3.1364858804405212e-02
-3.7187559549219372e-07
-3.1365649824967132e-02
-1.4324868244607029e-07
3.1365315958562581e-02
-3.7191708840624376e-07
-3.1366107225381940e-02
-1.4335683344226619e-07
3.1365773194415240e-02
-3.7199410449560278e-07
-3.1366564567860127e-02
-1.4338480612724970e-07
3.1366230563323882e-02
-3.7191915824851642e-07
-3.1367021727912142e-02
-1.4323709167726336e-07
3.1366687976057593e-02
-3.7188526904759697e-07
-3.1367479149424539e-02
-1.4329821687484737e-07
3.1367145173975722e-02
-3.7183510131382183e-07
-3.1367936187925945e-02
-1.4307738168394558e-07
3.1367602640731865e-02
-3.7167058372771236e-07
-3.1368393373662755e-02
-1.4297855672668212e-07
3.1368059976099844e-02
-3.7168402413346745e-07
-3.1368850733976626e-02
-1.4293962283321534e-07
3.1368517427475290e-02
-3.7156692053100621e-07
-3.1369308011739205e-02
-1.4303835668993619e-07
3.1368974813664886e-02
-3.7165034607300117e-07
-3.1369765388147987e-02
-1.4294757669328393e-07
3.1369432003089406e-02
-3.7176034018989357e-07
-3.1370222779818768e-02
-1.4309305422085310e-07
3.1369889254595648e-02
-3.7189379517016297e-07
-3.1370680168370732e-02
-1.4308055319991897e-07
3.1370346670280970e-02
-3.7183571429325063e-07
-3.1371137564858535e-02
-1.4314779424886119e-07
3.1370803931614503e-02
-3.7183549523368987e-07
-3.1371595042749695e-02
-1.4309023006085149e-07
3.1371261338166839e-02
-3.7177567746822091e-07
-3.1372052396519357e-02
