2.9999999999999983e+02
2.9999999999999983e+02
2.9999999999999983e+02
2.9999999999999983e+02
3.5200000020625515e+02
4.4000000005234659e+02
4.4000000858780237e+02
4.4000006300140046e+02
4.4003964719020729e+02
4.4007945990054702e+02
4.4007846453952902e+02
4.4007846453952902e+02
4.4007846453952902e+02
4.4007870033101619e+02
4.4009752734828214e+02
4.4009706801247040e+02
4.4009706801247040e+02
4.4009706801247040e+02
4.4009717671315610e+02
4.4009717406191976e+02
4.4009717406191976e+02
4.4009717406191976e+02
4.4009717452968323e+02
4.4009717451827441e+02
4.4009717451827441e+02
4.4009717451827441e+02
4.4009717451827441e+02
4.4009717451827441e+02
4.4009717451827441e+02
4.4009717451827441e+02
4.4009717451827441e+02
4.4009717451827441e+02
4.4009717451827441e+02
4.4009717451827441e+02
4.4009717451827441e+02
4.4009717451827441e+02
4.4009717451827441e+02
4.4009717451827441e+02
4.4009717451827441e+02
4.4009717451827441e+02
4.4009717451827441e+02
4.4009717451827441e+02
4.4009717451827441e+02
4.4009717451827441e+02
4.4009717451827441e+02
4.4009717451827441e+02
4.4009717451827441e+02
4.4009717451827441e+02
4.4009717451827441e+02
4.4009717451827441e+02
4.4009717451827441e+02
4.4009717451827441e+02
4.4009717451827441e+02
4.4009717451827441e+02
4.4009717451827441e+02
4.4009717451827441e+02
4.4009717451827441e+02
4.4009717451827441e+02
4.4009717451827441e+02
4.4009717451827441e+02
4.4009717451827441e+02
4.4009717451827441e+02
4.4009717451827441e+02
4.4009717451827441e+02
4.4009717451827441e+02
4.4009717451827441e+02
4.4009717451827441e+02
4.4009717451827441e+02
4.4009717451827441e+02
4.4009717451827441e+02
4.4009717451827441e+02
4.4009717451827441e+02
4.4009717451827441e+02
4.4009717451827441e+02
4.4009717451827441e+02
4.4009717451827441e+02
4.4009717451827441e+02
4.4009717451827441e+02
4.4009717451827441e+02
4.4009717451827441e+02
4.4009717451827441e+02
4.4009717451827441e+02
4.4009717451827441e+02
4.4009717451827441e+02
4.4009717451827441e+02
4.4009717451827441e+02
4.4009717451827441e+02
4.4009717451827441e+02
4.4009717451827441e+02
4.4009717451827441e+02
4.4009717451827441e+02
4.4009717451827441e+02
4.4009717451827441e+02
4.4009717451827441e+02
4.4009717451827441e+02
4.4009717451827441e+02
4.4009717451827441e+02
4.4009717451827441e+02
4.4009717451827441e+02
4.4009717451827441e+02
4.4009717451827441e+02
4.4009717451827441e+02
4.4009717451827441e+02
4.4009717451827441e+02
4.4009717451827441e+02
4.4009717451827441e+02
4.4009717451827441e+02
4.4009717451827441e+02
4.4009717451827441e+02
4.4009717451827441e+02
4.4009717451827441e+02
4.4009717451827441e+02
4.4009717451827441e+02
4.4009717451827441e+02
4.4009717451827441e+02
4.4009717451827441e+02
4.4009717451827441e+02
4.4009717451827441e+02
4.4009717451827441e+02
4.4009717451827441e+02
4.4009717451827441e+02
4.4009717451827441e+02
4.4009717451827441e+02
4.4009717451827441e+02
4.4009717451827441e+02
4.4009717451827441e+02
4.4009717451827441e+02
4.4009717451827441e+02
4.4009717451827441e+02
4.4009717451827441e+02
4.4009717451827441e+02
4.4009717451827441e+02
4.4009717451827441e+02
4.4009717451827441e+02
4.4009717451827441e+02
4.4009717451827441e+02
4.4009717451827441e+02
4.4009717451827441e+02
4.4009717451827441e+02
4.4009717451827441e+02
4.4009717451827441e+02
4.4009717451827441e+02
4.4009717451827441e+02
4.4009717451827441e+02
4.4009717451827441e+02
4.4009717451827441e+02
4.4009717451827441e+02
4.4009717451827441e+02
4.4009717451827441e+02
4.4009717451827441e+02
4.4009717451827441e+02
4.4009717451827441e+02
4.4009717451827441e+02
4.4009717451827441e+02
4.4009717451827441e+02
4.4009717451827441e+02
4.4009717451827441e+02
4.4009717451827441e+02
4.4009717451827441e+02
4.4009717451827441e+02
4.4009717451827441e+02
