0.0000000000000000e+00
-8.8000000036792486e+01
-1.7600000002013431e+02
-2.6400000002014724e+02
-3.5200000015674703e+02
-4.4000000003878489e+02
-4.4000000990178472e+02
-4.4000021762299826e+02
-4.4002677871289598e+02
-4.4005349233534469e+02
-4.4000000060432831e+02
-4.3994650892960567e+02
-4.4000000024004373e+02
-4.4005298551752895e+02
-4.4006605538876317e+02
-4.4000000092500517e+02
-4.3993394654594363e+02
-4.4000000036224606e+02
-4.4006582095456963e+02
-4.4000000092711053e+02
-4.3993418098376372e+02
-4.4000000035974631e+02
-4.4006581881587437e+02
-4.4000000092720097e+02
-4.3993418312249042e+02
-4.4000000035975540e+02
-4.4006581768115706e+02
-4.4000000092719836e+02
-4.3993418425734939e+02
-4.4000000035987790e+02
-4.4006581654650682e+02
-4.4000000092730568e+02
-4.3993418539224882e+02
-4.4000000035984965e+02
-4.4006581541165548e+02
-4.4000000092740646e+02
-4.3993418652720658e+02
-4.4000000036000665e+02
-4.4006581427680999e+02
-4.4000000092750815e+02
-4.3993418766205912e+02
-4.4000000036004678e+02
-4.4006581314204266e+02
-4.4000000092737270e+02
-4.3993418879678791e+02
-4.4000000035994697e+02
-4.4006581200727595e+02
-4.4000000092737065e+02
-4.3993418993149646e+02
-4.4000000035994572e+02
-4.4006581087243609e+02
-4.4000000092760837e+02
-4.3993419106671820e+02
-4.4000000036018076e+02
-4.4006580973776761e+02
-4.4000000092755289e+02
-4.3993419220139492e+02
-4.4000000035992332e+02
-4.4006580860259692e+02
-4.4000000092734808e+02
-4.3993419333622455e+02
-4.4000000035993980e+02
-4.4006580746772465e+02
-4.4000000092747575e+02
-4.3993419447122761e+02
-4.4000000035992821e+02
-4.4006580633278691e+02
-4.4000000092740964e+02
-4.3993419560609993e+02
-4.4000000035998551e+02
-4.4006580519794392e+02
-4.4000000092749076e+02
-4.3993419674110191e+02
-4.4000000036013864e+02
-4.4006580406317295e+02
-4.4000000092750116e+02
-4.3993419787592245e+02
-4.4000000036001785e+02
-4.4006580292825709e+02
-4.4000000092760126e+02
-4.3993419901101453e+02
-4.4000000036025858e+02
-4.4006580179341006e+02
-4.4000000092762599e+02
-4.3993420014598706e+02
-4.4000000036017411e+02
-4.4006580065842422e+02
-4.4000000092773467e+02
-4.3993420128106698e+02
-4.4000000036018116e+02
-4.4006579952336500e+02
-4.4000000092775775e+02
-4.3993420241616923e+02
-4.4000000036029456e+02
-4.4006579838841162e+02
-4.4000000092776378e+02
-4.3993420355120884e+02
-4.4000000036025597e+02
-4.4006579725340737e+02
-4.4000000092773735e+02
-4.3993420468625089e+02
-4.4000000036023874e+02
-4.4006579611820518e+02
-4.4000000092779993e+02
-4.3993420582128232e+02
-4.4000000036027404e+02
-4.4006579498333895e+02
-4.4000000092778640e+02
-4.3993420695633841e+02
-4.4000000036033475e+02
-4.4006579384830098e+02
-4.4000000092781875e+02
-4.3993420809140946e+02
-4.4000000036029775e+02
-4.4006579271315752e+02
-4.4000000092771580e+02
-4.3993420922624728e+02
-4.4000000036016451e+02
-4.4006579157806317e+02
-4.4000000092763736e+02
-4.3993421036131127e+02
-4.4000000036010204e+02
-4.4006579044305988e+02
-4.4000000092765072e+02
-4.3993421149618268e+02
-4.4000000036003075e+02
-4.4006578930787612e+02
-4.4000000092751981e+02
-4.3993421263119933e+02
-4.4000000036001143e+02
-4.4006578817287675e+02
-4.4000000092753953e+02
-4.3993421376619915e+02
-4.4000000035981873e+02
-4.4006578703759749e+02
-4.4000000092744932e+02
-4.3993421490134074e+02
-4.4000000035997374e+02
-4.4006578590248398e+02
-4.4000000092753550e+02
-4.3993421603652763e+02
-4.4000000035988609e+02
-4.4006578476744323e+02
-4.4000000092761707e+02
-4.3993421717176204e+02
-4.4000000036004138e+02
-4.4006578363228152e+02
-4.4000000092771074e+02
-4.3993421830692103e+02
-4.4000000036002797e+02
-4.4006578249709457e+02
-4.4000000092767004e+02
-4.3993421944211116e+02
-4.4000000036000529e+02
-4.4006578136197874e+02
-4.4000000092762974e+02
-4.3993422057736535e+02
-4.4000000035996248e+02
-4.4006578022668305e+02
-4.4000000092756210e+02
-4.3993422171269606e+02
