0.0000000000000000e+00
8.8000000037622826e+01
1.7600000003491249e+02
2.6400000003494097e+02
3.5200000020625521e+02
4.4000000005234648e+02
4.4000000858780237e+02
4.4000006300140046e+02
4.4003964719020746e+02
4.4007945990054748e+02
4.4000000036248389e+02
4.3992054084876474e+02
4.4000000014457180e+02
4.4007870033101619e+02
4.4009752734828226e+02
4.4000000055485270e+02
4.3990247379826076e+02
4.4000000021882073e+02
4.4009717671315593e+02
4.4000000055605364e+02
4.3990282443557498e+02
4.4000000021725077e+02
4.4009717452968323e+02
4.4000000055605659e+02
4.3990282661903177e+02
4.4000000021722838e+02
4.4009717385213798e+02
4.4000000055600606e+02
4.3990282729651665e+02
4.4000000021725077e+02
4.4009717317471643e+02
4.4000000055604301e+02
4.3990282797409947e+02
4.4000000021731250e+02
4.4009717249715533e+02
4.4000000055606409e+02
4.3990282865166273e+02
4.4000000021731921e+02
4.4009717181964191e+02
4.4000000055610951e+02
4.3990282932922480e+02
4.4000000021735451e+02
4.4009717114219484e+02
4.4000000055606836e+02
4.3990283000665988e+02
4.4000000021719097e+02
4.4009717046451266e+02
4.4000000055606904e+02
4.3990283068425549e+02
4.4000000021723559e+02
4.4009716978696167e+02
4.4000000055607967e+02
4.3990283136185917e+02
4.4000000021726544e+02
4.4009716910942620e+02
4.4000000055604050e+02
4.3990283203941073e+02
4.4000000021716130e+02
4.4009716843167365e+02
4.4000000055591420e+02
4.3990283271692817e+02
4.4000000021716301e+02
4.4009716775409561e+02
4.4000000055596394e+02
4.3990283339455630e+02
4.4000000021715687e+02
4.4009716707651415e+02
4.4000000055598241e+02
4.3990283407213064e+02
4.4000000021709934e+02
4.4009716639872909e+02
4.4000000055592324e+02
4.3990283474979304e+02
4.4000000021716482e+02
4.4009716572114036e+02
4.4000000055594626e+02
4.3990283542747841e+02
4.4000000021713038e+02
4.4009716504347222e+02
4.4000000055600754e+02
4.3990283610517673e+02
4.4000000021715346e+02
4.4009716436585086e+02
4.4000000055600606e+02
4.3990283678281031e+02
4.4000000021716795e+02
4.4009716368820170e+02
4.4000000055597008e+02
4.3990283746049317e+02
4.4000000021710304e+02
4.4009716301041368e+02
4.4000000055602004e+02
4.3990283813825556e+02
4.4000000021717648e+02
4.4009716233271047e+02
4.4000000055602032e+02
4.3990283881597816e+02
4.4000000021714425e+02
4.4009716165498202e+02
4.4000000055597928e+02
4.3990283949365340e+02
4.4000000021703499e+02
4.4009716097712112e+02
4.4000000055590090e+02
4.3990284017132728e+02
4.4000000021703477e+02
4.4009716029944451e+02
4.4000000055589044e+02
4.3990284084899679e+02
4.4000000021697917e+02
4.4009715962159987e+02
4.4000000055582302e+02
4.3990284152672928e+02
4.4000000021690965e+02
4.4009715894383493e+02
4.4000000055576629e+02
4.3990284220434762e+02
4.4000000021692267e+02
4.4009715826614524e+02
4.4000000055574810e+02
4.3990284288201190e+02
4.4000000021682132e+02
4.4009715758834938e+02
4.4000000055576970e+02
4.3990284355981169e+02
4.4000000021688174e+02
4.4009715691057704e+02
4.4000000055578283e+02
4.3990284423763745e+02
4.4000000021695672e+02
4.4009715623288611e+02
4.4000000055576186e+02
4.3990284491523306e+02
4.4000000021678045e+02
4.4009715555506068e+02
4.4000000055575015e+02
4.3990284559308304e+02
4.4000000021686247e+02
4.4009715487735116e+02
4.4000000055580966e+02
4.3990284627090892e+02
4.4000000021688169e+02
4.4009715419954546e+02
4.4000000055583126e+02
4.3990284694881808e+02
4.4000000021690954e+02
4.4009715352168013e+02
4.4000000055581143e+02
4.3990284762660218e+02
4.4000000021694677e+02
4.4009715284390097e+02
4.4000000055583490e+02
4.3990284830439452e+02
4.4000000021684139e+02
4.4009715216602120e+02
4.4000000055579824e+02
4.3990284898221989e+02
4.4000000021689812e+02
4.4009715148818680e+02
4.4000000055580858e+02
4.3990284966017072e+02
