0.0000000000000000e+00
-8.1818226388440055e-03
-1.3181828138567060e-02
-1.8181832327030890e-02
-2.3181837498660339e-02
-2.8181842670641527e-02
-3.3181847842630986e-02
-3.8181853014621146e-02
-4.3181858186611126e-02
-4.8181863358600516e-02
-5.3181868530589912e-02
-5.8181873702579510e-02
-6.3181878874569108e-02
-6.8181884046559185e-02
-7.3181889218548679e-02
-7.8181894390538215e-02
-8.3181899562527334e-02
-8.8181904734517175e-02
-9.3181909906507251e-02
-9.8181915078497342e-02
-1.0318192025048696e-01
-1.0818192542247734e-01
-1.1318193059446678e-01
-1.1818193576645677e-01
-1.2318194093844655e-01
-1.2818194611043665e-01
-1.3318195128242635e-01
-1.3818195645441639e-01
-1.4318196162640648e-01
-1.4818196679839576e-01
-1.5318197197038563e-01
-1.5818197714237528e-01
-1.6318198231436512e-01
-1.6818198748635566e-01
-1.7318199265834525e-01
-1.7818199783033550e-01
-1.8318200300232521e-01
-1.8818200817431505e-01
-1.9318201334630569e-01
-1.9818201851829542e-01
-2.0318202369028476e-01
-2.0818202886227452e-01
-2.1318203403426447e-01
-2.1818203920625368e-01
-2.2318204437824349e-01
-2.2818204955023308e-01
-2.3318205472222231e-01
-2.3818205989421226e-01
-2.4318206506620185e-01
-2.4818207023819142e-01
-2.5318207541018173e-01
-2.5818208058217029e-01
-2.6318208575416008e-01
-2.6818209092614925e-01
-2.7318209609813943e-01
-2.7818210127012810e-01
-2.8318210644211733e-01
-2.8818211161410773e-01
-2.9318211678609696e-01
-2.9818212195808669e-01
-3.0318212713007581e-01
-3.0818213230206565e-01
-3.1318213747405571e-01
-3.1818214264604527e-01
-3.2318214781803462e-01
-3.2818215299002418e-01
-3.3318215816201391e-01
-3.3818216333400425e-01
-3.4318216850599309e-01
-3.4818217367798365e-01
-3.5318217884997299e-01
-3.5818218402196345e-01
-3.6318218919395384e-01
-3.6818219436594302e-01
-3.7318219953793275e-01
-3.7818220470992253e-01
-3.8318220988191248e-01
-3.8818221505390249e-01
-3.9318222022589189e-01
-3.9818222539788117e-01
-4.0318223056987129e-01
-4.0818223574186141e-01
-4.1318224091385081e-01
-4.1818224608584187e-01
-4.2318225125783016e-01
-4.2818225642982033e-01
-4.3318226160180978e-01
-4.3818226677379979e-01
-4.4318227194578946e-01
-4.4818227711777842e-01
-4.5318228228976798e-01
-4.5818228746175799e-01
-4.6318229263374783e-01
-4.6818229780573689e-01
-4.7318230297772623e-01
-4.7818230814971613e-01
-4.8318231332170686e-01
-4.8818231849369587e-01
-4.9318232366568487e-01
-4.9818232883767538e-01
-5.0318233400966461e-01
-5.0818233918165412e-01
-5.1318234435364318e-01
-5.1818234952563336e-01
-5.2318235469762298e-01
-5.2818235986961215e-01
-5.3318236504160188e-01
-5.3818237021359128e-01
-5.4318237538558167e-01
-5.4818238055757096e-01
-5.5318238572956002e-01
-5.5818239090154964e-01
-5.6318239607354015e-01
-5.6818240124552910e-01
-5.7318240641751927e-01
-5.7818241158950900e-01
-5.8318241676149896e-01
-5.8818242193348835e-01
-5.9318242710547864e-01
-5.9818243227746648e-01
-6.0318243744945621e-01
-6.0818244262144616e-01
-6.1318244779343678e-01
-6.1818245296542629e-01
-6.2318245813741568e-01
-6.2818246330940586e-01
-6.3318246848139526e-01
-6.3818247365338499e-01
-6.4318247882537438e-01
-6.4818248399736422e-01
-6.5318248916935429e-01
-6.5818249434134457e-01
-6.6318249951333397e-01
-6.6818250468532392e-01
-6.7318250985731365e-01
-6.7818251502930393e-01
-6.8318252020129355e-01
-6.8818252537328406e-01
-6.9318253054527335e-01
-6.9818253571726285e-01
-7.0318254088925314e-01
-7.0818254606124320e-01
-7.1318255123323349e-01
-7.1818255640522310e-01
-7.2318256157721328e-01
-7.2818256674920168e-01
-7.3318257192119207e-01
-7.3818257709318125e-01
-7.4318258226517198e-01
-7.4818258743716226e-01
-7.5318259260915243e-01
-7.5818259778114117e-01
-7.6318260295313101e-01
-7.6818260812512085e-01
-7.7318261329710936e-01
-7.7818261846909897e-01
-7.8318262364108793e-01
-7.8818262881307821e-01
-7.9318263398506816e-01
-7.9818263915705712e-01
-8.0318264432904973e-01
