0.0000000000000000e+00
3.2954567399648645e-03
5.7954582792737776e-03
8.2954619086702056e-03
1.0795464494318632e-02
1.3295467080367279e-02
1.5795469666362555e-02
1.8295472252356955e-02
2.0795474838352222e-02
2.3295477424347143e-02
2.5795480010341758e-02
2.8295482596336342e-02
3.0795485182330617e-02
3.3295487768325374e-02
3.5795490354319816e-02
3.8295492940314521e-02
4.0795495526309081e-02
4.3295498112305035e-02
4.5795500698299303e-02
4.8295503284294501e-02
5.0795505870289491e-02
5.3295508456284238e-02
5.5795511042278700e-02
5.8295513628273538e-02
6.0795516214267889e-02
6.3295518800262532e-02
6.5795521386257827e-02
6.8295523972252484e-02
7.0795526558247432e-02
7.3295529144242338e-02
7.5795531730237203e-02
7.8295534316231680e-02
8.0795536902226184e-02
8.3295539488221104e-02
8.5795542074215733e-02
8.8295544660210418e-02
9.0795547246205477e-02
9.3295549832199870e-02
9.5795552418195123e-02
9.8295555004190113e-02
1.0079555759018446e-01
1.0329556017617904e-01
1.0579556276217375e-01
1.0829556534816900e-01
1.1079556793416395e-01
1.1329557052015826e-01
1.1579557310615336e-01
1.1829557569214832e-01
1.2079557827814241e-01
1.2329558086413638e-01
1.2579558345013117e-01
1.2829558603612562e-01
1.3079558862212037e-01
1.3329559120811496e-01
1.3579559379410933e-01
1.3829559638010447e-01
1.4079559896609908e-01
1.4329560155209434e-01
1.4579560413808906e-01
1.4829560672408446e-01
1.5079560931007890e-01
1.5329561189607369e-01
1.5579561448206913e-01
1.5829561706806403e-01
1.6079561965405922e-01
1.6329562224005414e-01
1.6579562482604895e-01
1.6829562741204360e-01
1.7079562999803866e-01
1.7329563258403349e-01
1.7579563517002791e-01
1.7829563775602239e-01
1.8079564034201728e-01
1.8329564292801179e-01
1.8579564551400635e-01
1.8829564810000132e-01
1.9079565068599630e-01
1.9329565327199083e-01
1.9579565585798503e-01
1.9829565844397953e-01
2.0079566102997448e-01
2.0329566361596935e-01
2.0579566620196407e-01
2.0829566878795899e-01
2.1079567137395344e-01
2.1329567395994842e-01
2.1579567654594267e-01
2.1829567913193745e-01
2.2079568171793335e-01
2.2329568430392827e-01
2.2579568688992338e-01
2.2829568947591769e-01
2.3079569206191203e-01
2.3329569464790698e-01
2.3579569723390184e-01
2.3829569981989668e-01
2.4079570240589149e-01
2.4329570499188663e-01
2.4579570757788100e-01
2.4829571016387578e-01
2.5079571274987034e-01
2.5329571533586581e-01
2.5579571792186029e-01
2.5829572050785532e-01
2.6079572309384941e-01
2.6329572567984383e-01
2.6579572826583797e-01
2.6829573085183234e-01
2.7079573343782704e-01
2.7329573602382173e-01
2.7579573860981693e-01
2.7829574119581185e-01
2.8079574378180677e-01
2.8329574636780197e-01
2.8579574895379584e-01
2.8829575153979115e-01
2.9079575412578573e-01
2.9329575671178099e-01
2.9579575929777524e-01
2.9829576188377077e-01
3.0079576446976508e-01
3.0329576705576056e-01
3.0579576964175470e-01
3.0829577222775051e-01
3.1079577481374565e-01
3.1329577739974002e-01
3.1579577998573533e-01
3.1829578257172964e-01
3.2079578515772511e-01
3.2329578774371920e-01
3.2579579032971473e-01
3.2829579291570898e-01
3.3079579550170357e-01
3.3329579808769760e-01
3.3579580067369197e-01
3.3829580325968722e-01
3.4079580584568187e-01
3.4329580843167651e-01
3.4579581101767137e-01
3.4829581360366613e-01
3.5079581618966160e-01
3.5329581877565674e-01
3.5579582136165144e-01
3.5829582394764548e-01
3.6079582653364106e-01
3.6329582911963482e-01
3.6579583170563046e-01
3.6829583429162538e-01
3.7079583687761952e-01
3.7329583946361461e-01
3.7579584204961064e-01
3.7829584463560501e-01
3.8079584722159987e-01
3.8329584980759485e-01
3.8579585239358966e-01
3.8829585497958485e-01
3.9079585756557944e-01
3.9329586015157414e-01
3.9579586273756856e-01
3.9829586532356348e-01
4.0079586790955873e-01
