0.0000000000000000e+00
3.2954567399645059e-03
5.7954582792742572e-03
8.2954619086706496e-03
1.0795464494319652e-02
1.3295467080367857e-02
1.5795469666362590e-02
1.8295472252357635e-02
2.0795474838352420e-02
2.3295477424347170e-02
2.5795480010342063e-02
2.8295482596336796e-02
3.0795485182331592e-02
3.3295487768326720e-02
3.5795490354321627e-02
3.8295492940316631e-02
4.0795495526311988e-02
4.3295498112306131e-02
4.5795500698301073e-02
4.8295503284296881e-02
5.0795505870292586e-02
5.3295508456287222e-02
5.5795511042281851e-02
5.8295513628277063e-02
6.0795516214271636e-02
6.3295518800266778e-02
6.5795521386261491e-02
6.8295523972255787e-02
7.0795526558250499e-02
7.3295529144245086e-02
7.5795531730240312e-02
7.8295534316234552e-02
8.0795536902229043e-02
8.3295539488224712e-02
8.5795542074218828e-02
8.8295544660213068e-02
9.0795547246208613e-02
9.3295549832202548e-02
9.5795552418197399e-02
9.8295555004192417e-02
1.0079555759018703e-01
1.0329556017618166e-01
1.0579556276217587e-01
1.0829556534817120e-01
1.1079556793416612e-01
1.1329557052016093e-01
1.1579557310615574e-01
1.1829557569215024e-01
1.2079557827814427e-01
1.2329558086413966e-01
1.2579558345013425e-01
1.2829558603612967e-01
1.3079558862212390e-01
1.3329559120811804e-01
1.3579559379411255e-01
1.3829559638010691e-01
1.4079559896610186e-01
1.4329560155209745e-01
1.4579560413809248e-01
1.4829560672408781e-01
1.5079560931008257e-01
1.5329561189607774e-01
1.5579561448207252e-01
1.5829561706806705e-01
1.6079561965406206e-01
1.6329562224005709e-01
1.6579562482605195e-01
1.6829562741204726e-01
1.7079562999804226e-01
1.7329563258403699e-01
1.7579563517003188e-01
1.7829563775602641e-01
1.8079564034202128e-01
1.8329564292801598e-01
1.8579564551401070e-01
1.8829564810000576e-01
1.9079565068600085e-01
1.9329565327199524e-01
1.9579565585799022e-01
1.9829565844398533e-01
2.0079566102998025e-01
2.0329566361597529e-01
2.0579566620196951e-01
2.0829566878796438e-01
2.1079567137395921e-01
2.1329567395995408e-01
2.1579567654594881e-01
2.1829567913194337e-01
2.2079568171793809e-01
2.2329568430393343e-01
2.2579568688992768e-01
2.2829568947592235e-01
2.3079569206191811e-01
2.3329569464791283e-01
2.3579569723390770e-01
2.3829569981990228e-01
2.4079570240589698e-01
2.4329570499189176e-01
2.4579570757788638e-01
2.4829571016388136e-01
2.5079571274987578e-01
2.5329571533587136e-01
2.5579571792186667e-01
2.5829572050786137e-01
2.6079572309385568e-01
2.6329572567984988e-01
2.6579572826584452e-01
2.6829573085183961e-01
2.7079573343783425e-01
2.7329573602382840e-01
2.7579573860982320e-01
2.7829574119581840e-01
2.8079574378181338e-01
2.8329574636780835e-01
2.8579574895380289e-01
2.8829575153979836e-01
2.9079575412579295e-01
2.9329575671178765e-01
2.9579575929778201e-01
2.9829576188377688e-01
3.0079576446977185e-01
3.0329576705576738e-01
3.0579576964176158e-01
3.0829577222775634e-01
3.1079577481375154e-01
3.1329577739974629e-01
3.1579577998574182e-01
3.1829578257173691e-01
3.2079578515773133e-01
3.2329578774372569e-01
3.2579579032972161e-01
3.2829579291571653e-01
3.3079579550171134e-01
3.3329579808770621e-01
3.3579580067370052e-01
3.3829580325969555e-01
3.4079580584569025e-01
3.4329580843168533e-01
3.4579581101768020e-01
3.4829581360367479e-01
3.5079581618967010e-01
3.5329581877566474e-01
3.5579582136165983e-01
3.5829582394765430e-01
3.6079582653364850e-01
3.6329582911964320e-01
3.6579583170563845e-01
3.6829583429163326e-01
3.7079583687762774e-01
3.7329583946362255e-01
3.7579584204961741e-01
3.7829584463561200e-01
3.8079584722160731e-01
3.8329584980760234e-01
3.8579585239359715e-01
3.8829585497959218e-01
3.9079585756558688e-01
3.9329586015158119e-01
3.9579586273757650e-01
3.9829586532357175e-01
4.0079586790956756e-01
