0.0000000000000000e+00
5.0000041220786299e-03
1.0000008774583107e-02
1.5000013947095448e-02
2.0000019118684261e-02
2.5000024290673807e-02
3.0000029462663350e-02
3.5000034634653281e-02
4.0000039806643316e-02
4.5000044978632976e-02
5.0000050150622352e-02
5.5000055322611936e-02
6.0000060494601444e-02
6.5000065666591472e-02
7.0000070838580883e-02
7.5000076010570446e-02
8.0000081182559898e-02
8.5000086354549739e-02
9.0000091526539497e-02
9.5000096698529712e-02
1.0000010187051983e-01
1.0500010704250973e-01
1.1000011221449918e-01
1.1500011738648923e-01
1.2000012255847886e-01
1.2500012773046892e-01
1.3000013290245860e-01
1.3500013807444844e-01
1.4000014324643834e-01
1.4500014841842776e-01
1.5000015359041768e-01
1.5500015876240730e-01
1.6000016393439692e-01
1.6500016910638732e-01
1.7000017427837674e-01
1.7500017945036658e-01
1.8000018462235656e-01
1.8500018979434593e-01
1.9000019496633627e-01
1.9500020013832609e-01
2.0000020531031540e-01
2.0500021048230499e-01
2.1000021565429450e-01
2.1500022082628401e-01
2.2000022599827412e-01
2.2500023117026358e-01
2.3000023634225317e-01
2.3500024151424295e-01
2.4000024668623202e-01
2.4500025185822191e-01
2.5000025703021189e-01
2.5500026220220107e-01
2.6000026737419074e-01
2.6500027254617986e-01
2.7000027771816942e-01
2.7500028289015854e-01
2.8000028806214811e-01
2.8500029323413811e-01
2.9000029840612784e-01
2.9500030357811802e-01
3.0000030875010752e-01
3.0500031392209720e-01
3.1000031909408721e-01
3.1500032426607694e-01
3.2000032943806667e-01
3.2500033461005634e-01
3.3000033978204579e-01
3.3500034495403613e-01
3.4000035012602542e-01
3.4500035529801526e-01
3.5000036047000471e-01
3.5500036564199444e-01
3.6000037081398456e-01
3.6500037598597418e-01
3.7000038115796374e-01
3.7500038632995347e-01
3.8000039150194309e-01
3.8500039667393293e-01
3.9000040184592250e-01
3.9500040701791184e-01
4.0000041218990195e-01
4.0500041736189180e-01
4.1000042253388114e-01
4.1500042770587187e-01
4.2000043287786032e-01
4.2500043804985038e-01
4.3000044322183983e-01
4.3500044839382956e-01
4.4000045356581968e-01
4.4500045873780891e-01
4.5000046390979842e-01
4.5500046908178826e-01
4.6000047425377799e-01
4.6500047942576733e-01
4.7000048459775678e-01
4.7500048976974640e-01
4.8000049494173652e-01
4.8500050011372570e-01
4.9000050528571515e-01
4.9500051045770521e-01
5.0000051562969472e-01
5.0500052080168500e-01
5.1000052597367429e-01
5.1500053114566402e-01
5.2000053631765342e-01
5.2500054148964259e-01
5.3000054666163199e-01
5.3500055183362183e-01
5.4000055700561178e-01
5.4500056217760096e-01
5.5000056734959035e-01
5.5500057252157997e-01
5.6000057769357003e-01
5.6500058286555987e-01
5.7000058803754960e-01
5.7500059320953967e-01
5.8000059838152973e-01
5.8500060355351990e-01
5.9000060872550875e-01
5.9500061389749792e-01
6.0000061906948732e-01
6.0500062424147738e-01
6.1000062941346722e-01
6.1500063458545706e-01
6.2000063975744668e-01
6.2500064492943674e-01
6.3000065010142625e-01
6.3500065527341532e-01
6.4000066044540527e-01
6.4500066561739455e-01
6.5000067078938495e-01
6.5500067596137490e-01
6.6000068113336452e-01
6.6500068630535436e-01
6.7000069147734387e-01
6.7500069664933382e-01
6.8000070182132344e-01
6.8500070699331383e-01
6.9000071216530312e-01
6.9500071733729296e-01
7.0000072250928269e-01
7.0500072768127309e-01
7.1000073285326326e-01
7.1500073802525255e-01
7.2000074319724261e-01
7.2500074836923156e-01
7.3000075354122163e-01
7.3500075871321124e-01
7.4000076388520131e-01
7.4500076905719137e-01
7.5000077422918165e-01
7.5500077940117083e-01
7.6000078457316034e-01
7.6500078974514985e-01
7.7000079491713935e-01
7.7500080008912842e-01
7.8000080526111837e-01
7.8500081043310765e-01
7.9000081560509738e-01
7.9500082077708734e-01
8.0000082594907906e-01
