0.0000000000000000e+00
3.5000004122078576e+02
3.5000004652504464e+02
3.5000005172512306e+02
3.5000005171588771e+02
3.5000005171989540e+02
3.5000005171989505e+02
3.5000005171989903e+02
3.5000005171990023e+02
3.5000005171989608e+02
3.5000005171989352e+02
3.5000005171989596e+02
3.5000005171989454e+02
3.5000005171990006e+02
3.5000005171989403e+02
3.5000005171989523e+02
3.5000005171989432e+02
3.5000005171989858e+02
3.5000005171989676e+02
3.5000005171990182e+02
3.5000005171990051e+02
3.5000005171989960e+02
3.5000005171989392e+02
3.5000005171990074e+02
3.5000005171989676e+02
3.5000005171989994e+02
3.5000005171989699e+02
3.5000005171989829e+02
3.5000005171989875e+02
3.5000005171989471e+02
3.5000005171989949e+02
3.5000005171989568e+02
3.5000005171989591e+02
3.5000005171990381e+02
3.5000005171989488e+02
3.5000005171989812e+02
3.5000005171989926e+02
3.5000005171989466e+02
3.5000005171990341e+02
3.5000005171989812e+02
3.5000005171989278e+02
3.5000005171989551e+02
3.5000005171989557e+02
3.5000005171989437e+02
3.5000005171989960e+02
3.5000005171989579e+02
3.5000005171989574e+02
3.5000005171989778e+02
3.5000005171989039e+02
3.5000005171989790e+02
3.5000005171989835e+02
3.5000005171989244e+02
3.5000005171989488e+02
3.5000005171989147e+02
3.5000005171989585e+02
3.5000005171989102e+02
3.5000005171989437e+02
3.5000005171990085e+02
3.5000005171989710e+02
3.5000005171990045e+02
3.5000005171989454e+02
3.5000005171989807e+02
3.5000005171989937e+02
3.5000005171989710e+02
3.5000005171989568e+02
3.5000005171989687e+02
3.5000005171989517e+02
3.5000005171990153e+02
3.5000005171989454e+02
3.5000005171989807e+02
3.5000005171989261e+02
3.5000005171989824e+02
3.5000005171990125e+02
3.5000005171989483e+02
3.5000005171989528e+02
3.5000005171989847e+02
3.5000005171989619e+02
3.5000005171989909e+02
3.5000005171989517e+02
3.5000005171989511e+02
3.5000005171989801e+02
3.5000005171990011e+02
3.5000005171989312e+02
3.5000005171990693e+02
3.5000005171988613e+02
3.5000005171989858e+02
3.5000005171989358e+02
3.5000005171989977e+02
3.5000005171989864e+02
3.5000005171989432e+02
3.5000005171989523e+02
3.5000005171989733e+02
3.5000005171989710e+02
3.5000005171989483e+02
3.5000005171989477e+02
3.5000005171989534e+02
3.5000005171990102e+02
3.5000005171989318e+02
3.5000005171989449e+02
3.5000005171989983e+02
3.5000005171989386e+02
3.5000005171989994e+02
3.5000005171989346e+02
3.5000005171989767e+02
3.5000005171989397e+02
3.5000005171989068e+02
3.5000005171989619e+02
3.5000005171989415e+02
3.5000005171990199e+02
3.5000005171989210e+02
3.5000005171989579e+02
3.5000005171989443e+02
3.5000005171990210e+02
3.5000005171989795e+02
3.5000005171989682e+02
3.5000005171990279e+02
3.5000005171989562e+02
3.5000005171989875e+02
3.5000005171989460e+02
3.5000005171988806e+02
3.5000005171989460e+02
3.5000005171990131e+02
3.5000005171989659e+02
3.5000005171989926e+02
3.5000005171989579e+02
3.5000005171990080e+02
3.5000005171989585e+02
3.5000005171989517e+02
3.5000005171989693e+02
3.5000005171989363e+02
3.5000005171990250e+02
3.5000005171990028e+02
3.5000005171989233e+02
3.5000005171990176e+02
3.5000005171989181e+02
3.5000005171989824e+02
3.5000005171989989e+02
3.5000005171990284e+02
3.5000005171989238e+02
3.5000005171989869e+02
3.5000005171989909e+02
3.5000005171990051e+02
3.5000005171990125e+02
3.5000005171989710e+02
3.5000005171989676e+02
3.5000005171988721e+02
3.5000005171990108e+02
3.5000005171989733e+02
3.5000005171989721e+02
3.5000005171990102e+02
3.5000005171990074e+02
3.5000005171989164e+02
3.5000005171989721e+02
3.5000005171989585e+02
3.5000005171989181e+02
3.5000005171989500e+02
3.5000005171989602e+02
3.5000005171989449e+02
3.5000005171989881e+02
3.5000005171989523e+02
3.5000005171989790e+02
