0.0000000000000000e+00
-3.5000003246759729e+02
-3.5000021355142809e+02
-3.4999999186066970e+02
-3.4999999187885749e+02
-3.4999999187302302e+02
-3.4999999187297192e+02
-3.4999999187301779e+02
-3.4999999187300278e+02
-3.4999999187297510e+02
-3.4999999187297715e+02
-3.4999999187299215e+02
-3.4999999187298403e+02
-3.4999999187299022e+02
-3.4999999187300875e+02
-3.4999999187294929e+02
-3.4999999187288097e+02
-3.4999999187285920e+02
-3.4999999187293588e+02
-3.4999999187288353e+02
-3.4999999187282413e+02
-3.4999999187289114e+02
-3.4999999187289961e+02
-3.4999999187289973e+02
-3.4999999187289569e+02
-3.4999999187289438e+02
-3.4999999187289404e+02
-3.4999999187295515e+02
-3.4999999187299659e+02
-3.4999999187297254e+02
-3.4999999187296464e+02
-3.4999999187297340e+02
-3.4999999187303058e+02
-3.4999999187302507e+02
-3.4999999187305599e+02
-3.4999999187314330e+02
-3.4999999187306020e+02
-3.4999999187313148e+02
-3.4999999187316143e+02
-3.4999999187315109e+02
-3.4999999187315279e+02
-3.4999999187319719e+02
-3.4999999187326597e+02
-3.4999999187312102e+02
-3.4999999187317269e+02
-3.4999999187320657e+02
-3.4999999187312443e+02
-3.4999999187317223e+02
-3.4999999187323726e+02
-3.4999999187326142e+02
-3.4999999187326449e+02
-3.4999999187321077e+02
-3.4999999187327336e+02
-3.4999999187327484e+02
-3.4999999187334663e+02
-3.4999999187328160e+02
-3.4999999187331218e+02
-3.4999999187331036e+02
-3.4999999187325113e+02
-3.4999999187315268e+02
-3.4999999187315188e+02
-3.4999999187309760e+02
-3.4999999187311516e+02
-3.4999999187309220e+02
-3.4999999187302171e+02
-3.4999999187304161e+02
-3.4999999187298329e+02
-3.4999999187305622e+02
-3.4999999187295549e+02
-3.4999999187300386e+02
-3.4999999187302302e+02
-3.4999999187306975e+02
-3.4999999187311727e+02
-3.4999999187310465e+02
-3.4999999187318440e+02
-3.4999999187314313e+02
-3.4999999187314251e+02
-3.4999999187320901e+02
-3.4999999187321941e+02
-3.4999999187320077e+02
-3.4999999187318770e+02
-3.4999999187322430e+02
-3.4999999187324568e+02
-3.4999999187335874e+02
-3.4999999187321566e+02
-3.4999999187322339e+02
-3.4999999187332986e+02
-3.4999999187334816e+02
-3.4999999187329576e+02
-3.4999999187323033e+02
-3.4999999187324022e+02
-3.4999999187331821e+02
-3.4999999187327671e+02
-3.4999999187325665e+02
-3.4999999187322589e+02
-3.4999999187326722e+02
-3.4999999187332583e+02
-3.4999999187327353e+02
-3.4999999187325267e+02
-3.4999999187332145e+02
-3.4999999187335118e+02
-3.4999999187325352e+02
-3.4999999187318821e+02
-3.4999999187320583e+02
-3.4999999187329638e+02
-3.4999999187328956e+02
-3.4999999187338318e+02
-3.4999999187335447e+02
-3.4999999187344622e+02
-3.4999999187341086e+02
-3.4999999187339006e+02
-3.4999999187336641e+02
-3.4999999187337306e+02
-3.4999999187328564e+02
-3.4999999187339881e+02
-3.4999999187331690e+02
-3.4999999187337392e+02
-3.4999999187333719e+02
-3.4999999187341621e+02
-3.4999999187322015e+02
-3.4999999187323971e+02
-3.4999999187323442e+02
-3.4999999187337949e+02
-3.4999999187330360e+02
-3.4999999187332111e+02
-3.4999999187330354e+02
-3.4999999187320344e+02
-3.4999999187322965e+02
-3.4999999187318610e+02
-3.4999999187325056e+02
-3.4999999187318127e+02
-3.4999999187328905e+02
-3.4999999187326694e+02
-3.4999999187334436e+02
-3.4999999187343553e+02
-3.4999999187341666e+02
-3.4999999187344895e+02
-3.4999999187349908e+02
-3.4999999187344810e+02
-3.4999999187344412e+02
-3.4999999187342712e+02
-3.4999999187340205e+02
-3.4999999187344201e+02
-3.4999999187343576e+02
-3.4999999187352751e+02
-3.4999999187344224e+02
-3.4999999187345031e+02
-3.4999999187344440e+02
-3.4999999187353518e+02
-3.4999999187352495e+02
-3.4999999187353217e+02
-3.4999999187347152e+02
-3.4999999187340529e+02
-3.4999999187338688e+02
-3.4999999187336101e+02
-3.4999999187335482e+02
-3.4999999187328928e+02
-3.4999999187337187e+02
-3.4999999187328467e+02
-3.4999999187334777e+02
-3.4999999187340040e+02
