2.9999999999999983e+02
3.5000004122078610e+02
3.5000004652504447e+02
3.5000005172512328e+02
3.5000005171588788e+02
3.5000005171989494e+02
3.5000005171989540e+02
3.5000005171989937e+02
3.5000005171990017e+02
3.5000005171989625e+02
3.5000005171989358e+02
3.5000005171989579e+02
3.5000005171989471e+02
3.5000005171990034e+02
3.5000005171989397e+02
3.5000005171989557e+02
3.5000005171989420e+02
3.5000005171989829e+02
3.5000005171989744e+02
3.5000005171990205e+02
3.5000005171990057e+02
3.5000005171989949e+02
3.5000005171989363e+02
3.5000005171990085e+02
3.5000005171989613e+02
3.5000005171989972e+02
3.5000005171989665e+02
3.5000005171989829e+02
3.5000005171989864e+02
3.5000005171989443e+02
3.5000005171989943e+02
3.5000005171989574e+02
3.5000005171989619e+02
3.5000005171990318e+02
3.5000005171989488e+02
3.5000005171989818e+02
3.5000005171989881e+02
3.5000005171989460e+02
3.5000005171990330e+02
3.5000005171989824e+02
3.5000005171989255e+02
3.5000005171989545e+02
3.5000005171989557e+02
3.5000005171989449e+02
3.5000005171989977e+02
3.5000005171989534e+02
3.5000005171989534e+02
3.5000005171989767e+02
3.5000005171989045e+02
3.5000005171989824e+02
3.5000005171989847e+02
3.5000005171989244e+02
3.5000005171989540e+02
3.5000005171989119e+02
3.5000005171989579e+02
3.5000005171989130e+02
3.5000005171989449e+02
3.5000005171990051e+02
3.5000005171989699e+02
3.5000005171990068e+02
3.5000005171989483e+02
3.5000005171989812e+02
3.5000005171989955e+02
3.5000005171989716e+02
3.5000005171989545e+02
3.5000005171989665e+02
3.5000005171989505e+02
3.5000005171990148e+02
3.5000005171989471e+02
3.5000005171989807e+02
3.5000005171989272e+02
3.5000005171989829e+02
3.5000005171990102e+02
3.5000005171989471e+02
3.5000005171989494e+02
3.5000005171989801e+02
3.5000005171989619e+02
3.5000005171989898e+02
3.5000005171989505e+02
3.5000005171989523e+02
3.5000005171989812e+02
3.5000005171990011e+02
3.5000005171989324e+02
3.5000005171990716e+02
3.5000005171988602e+02
3.5000005171989869e+02
3.5000005171989380e+02
3.5000005171989972e+02
3.5000005171989841e+02
3.5000005171989449e+02
3.5000005171989534e+02
3.5000005171989687e+02
3.5000005171989670e+02
3.5000005171989505e+02
3.5000005171989471e+02
3.5000005171989585e+02
3.5000005171990091e+02
3.5000005171989329e+02
3.5000005171989437e+02
3.5000005171990017e+02
3.5000005171989409e+02
3.5000005171989994e+02
3.5000005171989341e+02
3.5000005171989790e+02
3.5000005171989380e+02
3.5000005171989068e+02
3.5000005171989585e+02
3.5000005171989454e+02
3.5000005171990216e+02
3.5000005171989216e+02
3.5000005171989579e+02
3.5000005171989449e+02
3.5000005171990222e+02
3.5000005171989773e+02
3.5000005171989653e+02
3.5000005171990279e+02
3.5000005171989540e+02
3.5000005171989892e+02
3.5000005171989403e+02
3.5000005171988818e+02
3.5000005171989494e+02
3.5000005171990136e+02
3.5000005171989670e+02
3.5000005171989937e+02
3.5000005171989557e+02
3.5000005171990091e+02
3.5000005171989557e+02
3.5000005171989511e+02
3.5000005171989699e+02
3.5000005171989363e+02
3.5000005171990261e+02
3.5000005171990023e+02
3.5000005171989210e+02
3.5000005171990176e+02
3.5000005171989193e+02
3.5000005171989807e+02
3.5000005171989989e+02
3.5000005171990261e+02
3.5000005171989210e+02
3.5000005171989869e+02
3.5000005171989903e+02
3.5000005171990068e+02
3.5000005171990131e+02
3.5000005171989756e+02
3.5000005171989676e+02
3.5000005171988738e+02
3.5000005171990153e+02
3.5000005171989721e+02
3.5000005171989721e+02
3.5000005171990131e+02
3.5000005171990085e+02
3.5000005171989187e+02
3.5000005171989721e+02
3.5000005171989568e+02
3.5000005171989216e+02
3.5000005171989528e+02
3.5000005171989591e+02
3.5000005171989432e+02
3.5000005171989881e+02
3.5000005171989528e+02
3.5000005171989852e+02
