0.0000000000000000e+00
8.7531832770208816e-06
-1.6702637329405850e-04
5.9864457355538114e-05
5.9837038040280544e-05
5.9846867557473190e-05
5.9846912832420122e-05
5.9846887233591550e-05
5.9846894402718564e-05
5.9846915292603648e-05
5.9846919478340034e-05
5.9846908519533919e-05
5.9846917506997497e-05
5.9846919817269968e-05
5.9846896821806463e-05
5.9846951391101028e-05
5.9847020885741783e-05
5.9847026433234126e-05
5.9846971113088052e-05
5.9847025936414405e-05
5.9847085209454426e-05
5.9847010391955876e-05
5.9846997024694056e-05
5.9847005410886811e-05
5.9847006958008969e-05
5.9847011825848350e-05
5.9846988662346214e-05
5.9846934077039602e-05
5.9846897852233462e-05
5.9846914818504704e-05
5.9846935393925642e-05
5.9846922542874114e-05
5.9846863166990109e-05
5.9846894029305498e-05
5.9846832424331501e-05
5.9846748608357008e-05
5.9846835930520594e-05
5.9846756125068220e-05
5.9846732848990703e-05
5.9846742528318626e-05
5.9846742952138310e-05
5.9846701443905506e-05
5.9846624441843830e-05
5.9846772985686909e-05
5.9846727478248820e-05
5.9846697165680819e-05
5.9846767066036919e-05
5.9846720705496255e-05
5.9846643201432975e-05
5.9846647236852000e-05
5.9846634836020249e-05
5.9846697323370497e-05
5.9846618676311519e-05
5.9846609449266941e-05
5.9846548151017526e-05
5.9846594467759790e-05
5.9846582837971831e-05
5.9846594541672421e-05
5.9846648321849855e-05
5.9846750894899153e-05
5.9846748253429400e-05
5.9846802393426472e-05
5.9846777593536581e-05
5.9846798292107510e-05
5.9846868633940692e-05
5.9846855620311163e-05
5.9846911203695833e-05
5.9846859207505114e-05
5.9846937318264057e-05
5.9846897582055064e-05
5.9846876211855658e-05
5.9846832411313065e-05
5.9846785041381568e-05
5.9846793966057609e-05
5.9846716752536882e-05
5.9846756901076296e-05
5.9846754532795350e-05
5.9846683570729510e-05
5.9846679213118931e-05
5.9846710513928301e-05
5.9846710637772615e-05
5.9846681429415461e-05
5.9846641217074367e-05
5.9846545846227893e-05
5.9846677475795125e-05
5.9846678134756793e-05
5.9846568676602298e-05
5.9846553270880488e-05
5.9846588018832630e-05
5.9846665715393594e-05
5.9846641984758095e-05
5.9846576842723384e-05
5.9846635918418492e-05
5.9846640608191835e-05
5.9846670537689409e-05
5.9846625323692935e-05
5.9846570610318933e-05
5.9846616665571095e-05
5.9846640366222128e-05
5.9846583097942431e-05
5.9846545670954727e-05
5.9846651846841555e-05
5.9846718319045490e-05
5.9846693394410434e-05
5.9846598932415398e-05
5.9846601408438399e-05
5.9846520073253447e-05
5.9846547631385005e-05
5.9846458757834817e-05
5.9846471301495216e-05
5.9846502920316587e-05
5.9846530414477012e-05
5.9846532988375171e-05
5.9846607493788214e-05
5.9846507286959763e-05
5.9846587609703743e-05
5.9846522960334606e-05
5.9846551918109362e-05
5.9846481259246209e-05
5.9846661770118213e-05
5.9846655164883441e-05
5.9846670003654143e-05
5.9846520271646981e-05
5.9846589094482440e-05
5.9846570387305593e-05
5.9846599668782034e-05
5.9846697987187995e-05
5.9846677371003427e-05
5.9846706494566377e-05
5.9846653837664501e-05
5.9846725948044363e-05
5.9846618600915402e-05
5.9846638589914159e-05
5.9846570282347505e-05
5.9846461562689208e-05
5.9846491857617274e-05
5.9846453801701474e-05
5.9846406144966768e-05
5.9846443281940698e-05
5.9846450725362153e-05
5.9846469784436134e-05
5.9846490507590629e-05
5.9846462059775867e-05
5.9846467610586885e-05
5.9846358396062051e-05
5.9846443534523869e-05
5.9846452061560246e-05
5.9846453479134780e-05
5.9846364784136216e-05
5.9846373615273663e-05
5.9846360353214576e-05
5.9846418121714094e-05
5.9846495366588538e-05
5.9846509161573359e-05
5.9846534213324194e-05
5.9846542081129167e-05
5.9846599746224203e-05
5.9846524851358598e-05
5.9846618552993415e-05
5.9846564033502937e-05
5.9846498254302843e-05
