0.0000000000000000e+00
8.7531941433108949e-06
-1.6702639351037603e-04
5.9864449701047757e-05
5.9837022545308166e-05
5.9846877226204345e-05
5.9846933450937283e-05
5.9846875462610015e-05
5.9846900187510270e-05
5.9846927133628275e-05
5.9846913059976228e-05
5.9846898941198067e-05
5.9846903382374606e-05
5.9846899482130105e-05
5.9846873800568478e-05
5.9846940418727289e-05
5.9847005297954768e-05
5.9847051929996705e-05
5.9846950690154586e-05
5.9847010475597655e-05
5.9847067716458700e-05
5.9847006865369565e-05
5.9846991710981574e-05
5.9846996316691938e-05
5.9846994562541219e-05
5.9846999213617388e-05
5.9847017422330612e-05
5.9846952164938288e-05
5.9846906591969928e-05
5.9846929336896781e-05
5.9846934292447711e-05
5.9846922058311339e-05
5.9846867505708947e-05
5.9846863226079738e-05
5.9846845392800546e-05
5.9846761017613790e-05
5.9846841795322233e-05
5.9846770045530483e-05
5.9846750644188229e-05
5.9846751191718857e-05
5.9846736655028538e-05
5.9846695440869099e-05
5.9846635134054849e-05
5.9846773687093459e-05
5.9846726530215170e-05
5.9846681279839308e-05
5.9846775505751544e-05
5.9846729865190044e-05
5.9846662835832821e-05
5.9846625589932148e-05
5.9846632671235113e-05
5.9846666348760284e-05
5.9846624749435503e-05
5.9846623932776046e-05
5.9846550143839382e-05
5.9846624515762464e-05
5.9846581589090936e-05
5.9846586293508686e-05
5.9846642782157473e-05
5.9846744348776974e-05
5.9846737105529272e-05
5.9846798995599184e-05
5.9846791259831273e-05
5.9846811703021518e-05
5.9846879072611385e-05
5.9846854954468376e-05
5.9846911924775699e-05
5.9846831734994208e-05
5.9846940720174395e-05
5.9846890702427134e-05
5.9846862969059828e-05
5.9846825133241602e-05
5.9846783696207162e-05
5.9846786306546237e-05
5.9846704604162657e-05
5.9846753518319338e-05
5.9846752408368055e-05
5.9846696549374639e-05
5.9846672396584954e-05
5.9846678001172325e-05
5.9846709221449150e-05
5.9846669976894271e-05
5.9846653620804476e-05
5.9846550397475192e-05
5.9846663633094959e-05
5.9846671579564471e-05
5.9846558965806918e-05
5.9846549937019042e-05
5.9846617394804737e-05
5.9846662080941988e-05
5.9846667924937536e-05
5.9846581474495367e-05
5.9846604886779123e-05
5.9846635770438360e-05
5.9846667087685902e-05
5.9846630757267688e-05
5.9846579787763185e-05
5.9846622397253930e-05
5.9846643418548607e-05
5.9846573523861069e-05
5.9846539357727577e-05
5.9846640852861178e-05
5.9846692084899904e-05
5.9846690228297040e-05
5.9846596035094994e-05
5.9846601131490264e-05
5.9846505807442232e-05
5.9846532190993771e-05
5.9846452512461715e-05
5.9846491208503014e-05
5.9846508541620065e-05
5.9846525804885318e-05
5.9846524973919448e-05
5.9846617009939752e-05
5.9846488018627431e-05
5.9846583936927711e-05
5.9846520314381752e-05
5.9846571612674460e-05
5.9846475597165033e-05
5.9846674385822823e-05
5.9846655164976344e-05
5.9846663635397201e-05
5.9846513725549706e-05
5.9846602583324644e-05
5.9846578905790129e-05
5.9846594703318569e-05
5.9846686494380320e-05
5.9846653169322715e-05
5.9846715351936774e-05
5.9846632348997366e-05
5.9846716118907347e-05
5.9846604267010706e-05
5.9846612262534044e-05
5.9846544727555065e-05
5.9846451258831310e-05
5.9846471264400119e-05
5.9846447812182677e-05
5.9846401105119980e-05
5.9846445050867710e-05
5.9846458645429005e-05
5.9846474121793349e-05
5.9846506014667202e-05
5.9846456340956542e-05
5.9846455356287869e-05
5.9846379629146433e-05
5.9846446343318130e-05
5.9846449681459234e-05
5.9846452494585064e-05
5.9846359205538567e-05
5.9846378647197455e-05
5.9846376630037693e-05
5.9846422233952679e-05
5.9846488400201686e-05
5.9846509112118575e-05
5.9846527427270250e-05
5.9846538957655478e-05
5.9846613587382207e-05
5.9846520275609889e-05
5.9846609638779606e-05
5.9846531209380251e-05
5.9846497303615777e-05
