0.0000000000000000e+00
0.0000000000000000e+00
0.0000000000000000e+00
0.0000000000000000e+00
-2.4765235031620465e+00
-8.4362678726096227e+00
-1.2692572296815264e+01
-1.5732870796225647e+01
-1.7904473009755829e+01
-1.9455597064083555e+01
-2.0563532467137648e+01
-2.0563532467137648e+01
-2.0563532467137648e+01
-2.0563532467137648e+01
-2.0563532467137648e+01
-2.0563532467137648e+01
-2.0563532467137623e+01
-2.0563532467137623e+01
-2.0563532467137684e+01
-2.0563532467137716e+01
-2.0563532467137716e+01
-2.0563532467137716e+01
-2.0563532467137716e+01
-2.0563532467137716e+01
-2.0563532467137716e+01
-1.6835274871383373e+01
-1.4171472160559858e+01
-1.2268787628241149e+01
-1.0909711616574297e+01
-9.9389351846967742e+00
-9.2455194292154879e+00
-9.2455194292154879e+00
-9.2455194292154879e+00
-9.2455194292154879e+00
-9.2455194292154879e+00
-9.2455194292154808e+00
-9.2455194292154985e+00
-9.2455194292155038e+00
-9.2455194292154985e+00
-9.2455194292154896e+00
-9.2455194292154914e+00
-9.2455194292154914e+00
-9.2455194292154914e+00
-9.2455194292154914e+00
-9.2455194292154914e+00
-9.2455194292154914e+00
-9.2455194292154967e+00
-9.2455194292154967e+00
-9.2455194292154932e+00
-9.2455194292154932e+00
-9.2455194292155003e+00
-9.2455194292155003e+00
-9.2455194292155003e+00
-9.2455194292155003e+00
-9.2455194292155003e+00
-9.2455194292155003e+00
-9.2455194292154879e+00
-9.2455194292154825e+00
-9.2455194292155003e+00
-9.2455194292154932e+00
-9.2455194292154790e+00
-9.2455194292154790e+00
-9.2455194292154790e+00
-9.2455194292154790e+00
-9.2455194292154790e+00
-8.7502320293957503e+00
-8.3987321239272354e+00
-8.1453706196237476e+00
-7.9643980155295075e+00
-7.8351316905412034e+00
-7.7427985298083524e+00
-7.7427985298083524e+00
-7.7427985298083524e+00
-7.7427985298083524e+00
-7.7427985298083524e+00
-7.7427985298083479e+00
-7.7427985298083506e+00
-7.7427985298083559e+00
-7.7427985298083666e+00
-7.7427985298083630e+00
-7.7427985298083524e+00
-7.7427985298083524e+00
-7.7427985298083524e+00
-7.7427985298083524e+00
-7.7427985298083524e+00
-7.7427985298083524e+00
-7.7427985298083524e+00
-7.7427985298083524e+00
-7.7427985298083524e+00
-7.7427985298083524e+00
-7.7427985298083524e+00
-7.7427985298083524e+00
-7.7427985298083524e+00
-7.7427985298083524e+00
-7.7427985298083524e+00
-7.7427985298083524e+00
-7.7427985298083497e+00
-7.7427985298083435e+00
-7.7427985298083666e+00
-7.7427985298083657e+00
-7.7427985298083613e+00
-7.7427985298083613e+00
-7.7427985298083613e+00
-7.7427985298083613e+00
-7.7427985298083613e+00
-7.6768464855422103e+00
-7.6319376673697610e+00
-7.5976598663794039e+00
-7.5731757348314046e+00
-7.5522922388664036e+00
-7.5407702905633798e+00
-7.5407702905633762e+00
-7.5407702905633762e+00
-7.5407702905633762e+00
-7.5407702905633762e+00
-7.5407702905633762e+00
-7.5407702905633718e+00
-7.5407702905633629e+00
-7.5407702905633602e+00
-7.5407702905633496e+00
-7.5407702905633629e+00
-7.5407702905633629e+00
-7.5407702905633629e+00
-7.5407702905633629e+00
-7.5407702905633629e+00
-7.5407702905633629e+00
-7.5407702905633629e+00
-7.5407702905633629e+00
-7.5407702905633629e+00
-7.5407702905633629e+00
-7.5407702905633629e+00
-7.5407702905633629e+00
-7.5407702905633629e+00
-7.5407702905633629e+00
-7.5407702905633629e+00
-7.5407702905633629e+00
-7.5407702905633673e+00
-7.5407702905633789e+00
-7.5407702905633816e+00
-7.5407702905633673e+00
-7.5407702905633753e+00
-7.5407702905633753e+00
-7.5407702905633753e+00
-7.5407702905633753e+00
-7.5407702905633753e+00
-7.5325403238888100e+00
-7.5288497823379084e+00
-7.5240256684263853e+00
-7.5187848027325694e+00
-7.5168363988585192e+00
-7.5160984588817836e+00
-7.5160984588817836e+00
-7.5160984588817827e+00
-7.5160984588817827e+00
-7.5160984588817827e+00
-7.5160984588817827e+00
-7.5160984588817605e+00
-7.5160984588817694e+00
-7.5160984588817739e+00
-7.5160984588817739e+00
-7.5160984588817739e+00
