0.0000000000000000e+00
0.0000000000000000e+00
0.0000000000000000e+00
0.0000000000000000e+00
1.2382617515811436e+00
4.2181339363045991e+00
6.3462861484071267e+00
7.8664353981122890e+00
8.9522365048773391e+00
9.7277985320410707e+00
1.0281766233568122e+01
1.0281766233568119e+01
1.0281766233568140e+01
1.0281766233568119e+01
1.0281766233568129e+01
1.0281766233568124e+01
1.0281766233568153e+01
1.0281766233568149e+01
1.0281766233568181e+01
1.0281766233568202e+01
1.0281766233568188e+01
1.0281766233568181e+01
1.0281766233568181e+01
1.0281766233568192e+01
1.0281766233568192e+01
8.4176374356899366e+00
7.0857360802775204e+00
6.1343938141178400e+00
5.4548558082840177e+00
4.9694675923450600e+00
4.6227597146042223e+00
4.6227597146042223e+00
4.6227597146042232e+00
4.6227597146042223e+00
4.6227597146042196e+00
4.6227597146042250e+00
4.6227597146042179e+00
4.6227597146042161e+00
4.6227597146042108e+00
4.6227597146042116e+00
4.6227597146042108e+00
4.6227597146042090e+00
4.6227597146042116e+00
4.6227597146042134e+00
4.6227597146042063e+00
4.6227597146042037e+00
4.6227597146042010e+00
4.6227597146042054e+00
4.6227597146042054e+00
4.6227597146042028e+00
4.6227597146042028e+00
4.6227597146041965e+00
4.6227597146041974e+00
4.6227597146041974e+00
4.6227597146041965e+00
4.6227597146041930e+00
4.6227597146041886e+00
4.6227597146041903e+00
4.6227597146041948e+00
4.6227597146041877e+00
4.6227597146041788e+00
4.6227597146041823e+00
4.6227597146041708e+00
4.6227597146041708e+00
4.6227597146041708e+00
4.3751160146942549e+00
4.1993660619599584e+00
4.0726853098081879e+00
3.9821990077610581e+00
3.9175658452668953e+00
3.8713992649004547e+00
3.8713992649004600e+00
3.8713992649004609e+00
3.8713992649004609e+00
3.8713992649004592e+00
3.8713992649004569e+00
3.8713992649004578e+00
3.8713992649004565e+00
3.8713992649004525e+00
3.8713992649004552e+00
3.8713992649004565e+00
3.8713992649004543e+00
3.8713992649004632e+00
3.8713992649004596e+00
3.8713992649004516e+00
3.8713992649004583e+00
3.8713992649004592e+00
3.8713992649004609e+00
3.8713992649004569e+00
3.8713992649004618e+00
3.8713992649004632e+00
3.8713992649004632e+00
3.8713992649004618e+00
3.8713992649004560e+00
3.8713992649004560e+00
3.8713992649004560e+00
3.8713992649004667e+00
3.8713992649004565e+00
3.8713992649004760e+00
3.8713992649004743e+00
3.8713992649004756e+00
3.8713992649004747e+00
3.8713992649004707e+00
3.8713992649004711e+00
3.8713992649004676e+00
3.8384232427673965e+00
3.8159688336811652e+00
3.7988299331859894e+00
3.7865878674119768e+00
3.7761461194294665e+00
3.7703851452779591e+00
3.7703851452779604e+00
3.7703851452779631e+00
3.7703851452779684e+00
3.7703851452779689e+00
3.7703851452779680e+00
3.7703851452779698e+00
3.7703851452779618e+00
3.7703851452779586e+00
3.7703851452779489e+00
3.7703851452779471e+00
3.7703851452779422e+00
3.7703851452779453e+00
3.7703851452779427e+00
3.7703851452779418e+00
3.7703851452779453e+00
3.7703851452779396e+00
3.7703851452779360e+00
3.7703851452779427e+00
3.7703851452779400e+00
3.7703851452779391e+00
3.7703851452779400e+00
3.7703851452779404e+00
3.7703851452779387e+00
3.7703851452779364e+00
3.7703851452779320e+00
3.7703851452779347e+00
3.7703851452779378e+00
3.7703851452779356e+00
3.7703851452779258e+00
3.7703851452779311e+00
3.7703851452779276e+00
3.7703851452779196e+00
3.7703851452779178e+00
3.7703851452779178e+00
3.7662701619406445e+00
3.7644248911651994e+00
3.7620128342094308e+00
3.7593924013625286e+00
3.7584181994255066e+00
3.7580492294371393e+00
3.7580492294371410e+00
3.7580492294371410e+00
3.7580492294371384e+00
3.7580492294371415e+00
3.7580492294371441e+00
3.7580492294371357e+00
3.7580492294371401e+00
3.7580492294371339e+00
3.7580492294371339e+00
3.7580492294371357e+00
