0.0000000000000000e+00
0.0000000000000000e+00
0.0000000000000000e+00
0.0000000000000000e+00
1.2382617515809051e+00
4.2181339363050343e+00
6.3462861484081454e+00
7.8664353981133530e+00
8.9522365048784973e+00
9.7277985320424953e+00
1.0281766233569542e+01
1.0281766233569535e+01
1.0281766233569554e+01
1.0281766233569535e+01
1.0281766233569531e+01
1.0281766233569526e+01
1.0281766233569524e+01
1.0281766233569519e+01
1.0281766233569540e+01
1.0281766233569543e+01
1.0281766233569535e+01
1.0281766233569515e+01
1.0281766233569508e+01
1.0281766233569519e+01
1.0281766233569513e+01
8.4176374356934112e+00
7.0857360802823361e+00
6.1343938141233316e+00
5.4548558082902998e+00
4.9694675923517337e+00
4.6227597146112860e+00
4.6227597146112824e+00
4.6227597146112807e+00
4.6227597146112762e+00
4.6227597146112762e+00
4.6227597146112798e+00
4.6227597146112789e+00
4.6227597146112691e+00
4.6227597146112629e+00
4.6227597146112620e+00
4.6227597146112567e+00
4.6227597146112549e+00
4.6227597146112585e+00
4.6227597146112602e+00
4.6227597146112549e+00
4.6227597146112522e+00
4.6227597146112522e+00
4.6227597146112531e+00
4.6227597146112522e+00
4.6227597146112487e+00
4.6227597146112469e+00
4.6227597146112416e+00
4.6227597146112398e+00
4.6227597146112416e+00
4.6227597146112362e+00
4.6227597146112345e+00
4.6227597146112327e+00
4.6227597146112300e+00
4.6227597146112265e+00
4.6227597146112256e+00
4.6227597146112140e+00
4.6227597146112176e+00
4.6227597146112158e+00
4.6227597146112087e+00
4.6227597146112078e+00
4.3751160147013985e+00
4.1993660619671589e+00
4.0726853098154319e+00
3.9821990077683207e+00
3.9175658452741997e+00
3.8713992649077826e+00
3.8713992649077866e+00
3.8713992649077849e+00
3.8713992649077849e+00
3.8713992649077831e+00
3.8713992649077809e+00
3.8713992649077866e+00
3.8713992649077928e+00
3.8713992649077982e+00
3.8713992649078053e+00
3.8713992649078000e+00
3.8713992649077977e+00
3.8713992649078075e+00
3.8713992649078062e+00
3.8713992649077986e+00
3.8713992649078008e+00
3.8713992649078008e+00
3.8713992649077991e+00
3.8713992649077933e+00
3.8713992649077982e+00
3.8713992649077991e+00
3.8713992649077986e+00
3.8713992649077982e+00
3.8713992649077955e+00
3.8713992649077946e+00
3.8713992649077937e+00
3.8713992649077955e+00
3.8713992649077973e+00
3.8713992649078035e+00
3.8713992649078004e+00
3.8713992649078004e+00
3.8713992649078022e+00
3.8713992649077968e+00
3.8713992649077973e+00
3.8713992649077960e+00
3.8384232427747298e+00
3.8159688336885003e+00
3.7988299331933240e+00
3.7865878674193150e+00
3.7761461194368060e+00
3.7703851452852986e+00
3.7703851452852946e+00
3.7703851452852972e+00
3.7703851452853030e+00
3.7703851452853052e+00
3.7703851452853026e+00
3.7703851452853101e+00
3.7703851452853097e+00
3.7703851452852959e+00
3.7703851452852977e+00
3.7703851452852959e+00
3.7703851452852870e+00
3.7703851452852879e+00
3.7703851452852870e+00
3.7703851452852826e+00
3.7703851452852852e+00
3.7703851452852808e+00
3.7703851452852790e+00
3.7703851452852852e+00
3.7703851452852875e+00
3.7703851452852879e+00
3.7703851452852879e+00
3.7703851452852870e+00
3.7703851452852861e+00
3.7703851452852843e+00
3.7703851452852799e+00
3.7703851452852790e+00
3.7703851452852652e+00
3.7703851452852639e+00
3.7703851452852617e+00
3.7703851452852564e+00
3.7703851452852550e+00
3.7703851452852470e+00
3.7703851452852475e+00
3.7703851452852462e+00
3.7662701619479750e+00
3.7644248911725247e+00
3.7620128342167551e+00
3.7593924013698570e+00
3.7584181994328403e+00
3.7580492294444698e+00
3.7580492294444694e+00
3.7580492294444703e+00
3.7580492294444694e+00
3.7580492294444703e+00
3.7580492294444694e+00
3.7580492294444681e+00
3.7580492294444685e+00
3.7580492294444645e+00
3.7580492294444618e+00
3.7580492294444614e+00
