0.0000000000000000e+00
-8.0000000033825149e-04
-1.6000000002501838e-03
-2.4000000002503785e-03
-3.5715801131111892e-03
-5.2656405462987704e-03
-5.9038858459426902e-03
-6.3599552698035255e-03
-6.6856835562461294e-03
-6.9183459778822199e-03
-7.0845331420577862e-03
-6.2848389996873148e-03
-5.4845298710278958e-03
-4.6845298701365303e-03
-3.8845298703191642e-03
-3.0845298700703308e-03
-3.0845298700702081e-03
-3.0845298700692388e-03
-3.0845298700695784e-03
-3.0845298700699383e-03
-3.0845298700694504e-03
-2.2845298704072458e-03
-1.4845298703188583e-03
-6.8452987031850175e-04
1.1547012968110881e-04
1.4744770926842330e-03
1.8742791749451818e-03
2.1596722096439962e-03
2.3635383582160828e-03
2.5091572195282490e-03
2.6131708080538714e-03
1.8128004261994649e-03
1.0131720844496429e-03
2.1317208557287406e-04
-5.8682791463311322e-04
-1.3868279143828331e-03
-1.3868279143830055e-03
-1.3868279143824120e-03
-1.3868279143824736e-03
-1.3868279143824996e-03
-1.3868279143816949e-03
-2.1868279147202320e-03
-2.9868279146323053e-03
-3.7868279146316256e-03
-4.5868279146317730e-03
-5.3868279146316962e-03
-5.3868460197726833e-03
-5.3868641249142594e-03
-5.3868822300554269e-03
-5.3869003351975173e-03
-5.3869184403400926e-03
-4.5868279147189741e-03
-3.7868279145652742e-03
-2.9868279146303455e-03
-2.1868279146301426e-03
-1.3868279143817324e-03
-1.3868279143815657e-03
-1.3868279143813822e-03
-1.3868279143808648e-03
-1.3868279143811634e-03
-1.3868279143809819e-03
-5.8682791471850303e-04
2.1317208536917551e-04
1.0131720853691932e-03
1.8131720853683427e-03
2.6874610374674332e-03
2.7396852781933212e-03
2.7781942702754295e-03
2.8053402015317894e-03
2.8247302019781626e-03
2.8385801978532254e-03
2.0385802203992287e-03
1.2385802202806190e-03
4.3858022028053035e-04
-3.6141977971949370e-04
-1.1614197794694095e-03
-1.1614197794689576e-03
-1.1614197794688704e-03
-1.1614197794691747e-03
-1.1614197794694772e-03
-1.1614197794690309e-03
-1.9614197798077325e-03
-2.7614197797192069e-03
-3.5614197797188460e-03
-4.3614197797189986e-03
-5.1614197797189695e-03
-5.1614485984676382e-03
-5.1614774172170155e-03
-5.1615062359670920e-03
-5.1615350547181763e-03
-5.1615638734710438e-03
-4.3614197798059629e-03
-3.5614197796185049e-03
-2.7614197797188786e-03
-1.9614197797188826e-03
-1.1614197794693006e-03
-1.1614197794698083e-03
-1.1614197794702344e-03
-1.1614197794700826e-03
-1.1614197794692221e-03
-1.1614197794695611e-03
-3.6141977980756290e-04
4.3858022028043039e-04
1.2385802202801051e-03
2.0385802202805901e-03
2.8484729440736330e-03
2.8547276566048383e-03
2.8603510200254523e-03
2.8640236368825730e-03
2.8676962402520503e-03
2.8688844518567295e-03
2.0688844562794101e-03
1.2688844561667030e-03
4.6888445616710304e-04
-3.3111554383272179e-04
-1.1311155435826134e-03
-1.1311155435833793e-03
-1.1311155435840185e-03
-1.1311155435843978e-03
-1.1311155435850808e-03
-1.1311155435852738e-03
-1.9311155439224624e-03
-2.7311155438344802e-03
-3.5311155438349281e-03
-4.3311155438349406e-03
-5.1311155438344552e-03
-5.1311459919339917e-03
-5.1311764400352369e-03
-5.1312068881374066e-03
-5.1312373362401445e-03
-5.1312677843433491e-03
-4.3311155439213610e-03
-3.5311155437288719e-03
-2.7311155438333747e-03
-1.9311155438327464e-03
-1.1311155435835966e-03
-1.1311155435833743e-03
-1.1311155435830397e-03
-1.1311155435822914e-03
-1.1311155435826765e-03
-1.1311155435824946e-03
-3.3111554392069477e-04
4.6888445616736563e-04
1.2688844561671380e-03
2.0688844561677733e-03
2.8701189487539539e-03
2.8701939241166487e-03
2.8713961488381051e-03
2.8725983721144630e-03
2.8724745388862406e-03
2.8723507056433784e-03
2.0725852310319983e-03
1.2721796196119750e-03
4.7258522961943336e-04
-3.2741476883724500e-04
-1.1274147688295343e-03
-1.1274147688297765e-03
-1.1274147688295729e-03
-1.1274147688297145e-03
-1.1274147688295198e-03
-1.1274147688299708e-03
