0.0000000000000000e+00
2.0000000008920152e-04
4.0000000014636428e-04
6.0000000014644780e-04
9.8571714744587549e-04
1.6326762338720103e-03
1.9519429224763745e-03
2.1799600033073703e-03
2.3428327716473996e-03
2.4591683978932521e-03
2.5422642295097678e-03
2.3422453415152160e-03
2.1422649355978853e-03
1.9422649350740138e-03
1.7422649351813866e-03
1.5422649350340263e-03
1.5422649350345567e-03
1.5422649350348614e-03
1.5422649350350305e-03
1.5422649350353645e-03
1.5422649350352099e-03
1.3422649351237845e-03
1.1422649351808547e-03
9.4226493518128869e-04
7.4226493518059623e-04
2.6259567837708570e-04
6.2860412168898300e-05
-7.9843010589394312e-05
-1.8177269487242118e-04
-2.5458040453283748e-04
-3.0658631993322864e-04
-1.0660897557216838e-04
9.3413957871848810e-05
2.9341395721510819e-04
4.9341395733661130e-04
6.9341395719040792e-04
6.9341395718957981e-04
6.9341395718889426e-04
6.9341395718830695e-04
6.9341395718796532e-04
6.9341395718730027e-04
8.9341395727940138e-04
1.0934139573363399e-03
1.2934139573371568e-03
1.4934139573374110e-03
1.6934139573375317e-03
1.6934128053873539e-03
1.6934116534372519e-03
1.6934105014874980e-03
1.6934093495376383e-03
1.6934081975872189e-03
1.4934139572804358e-03
1.2934139572986737e-03
1.0934139573372556e-03
8.9341395733746312e-04
6.9341395719129263e-04
6.9341395719124395e-04
6.9341395719178605e-04
6.9341395719205981e-04
6.9341395719179895e-04
6.9341395719195345e-04
4.9341395728125996e-04
2.9341395733778730e-04
9.3413957337154925e-05
-1.0658604266295432e-04
-3.4373347211556532e-04
-3.7005338077404735e-04
-3.8909723861854076e-04
-4.0267016739039537e-04
-4.1236513283203209e-04
-4.1929011517378040e-04
-2.1929011018842674e-04
-1.9290110117681866e-05
1.8070988988272535e-04
3.8070988988212683e-04
5.8070988973554370e-04
5.8070988973639946e-04
5.8070988973668548e-04
5.8070988973725523e-04
5.8070988973686849e-04
5.8070988973729035e-04
7.8070988982729787e-04
9.8070988988505688e-04
1.1807098898856954e-03
1.3807098898849122e-03
1.5807098898852968e-03
1.5807080605146758e-03
1.5807062311434233e-03
1.5807044017724697e-03
1.5807025724013191e-03
1.5807007430299219e-03
1.3807098898277932e-03
1.1807098898260701e-03
9.8070988988340629e-04
7.8070988988332304e-04
5.8070988973713618e-04
5.8070988973779451e-04
5.8070988973763556e-04
5.8070988973749126e-04
5.8070988973739053e-04
5.8070988973709260e-04
3.8070988982544192e-04
1.8070988988222087e-04
-1.9290110117776805e-05
-2.1929011011733880e-04
-4.2423652798891391e-04
-4.2756135088309419e-04
-4.3017551027888060e-04
-4.3201182015244622e-04
-4.3384813339823703e-04
-4.3444222919437756e-04
-2.3444222812649219e-04
-3.4442228061242817e-05
1.6555777193942648e-04
3.6555777193956313e-04
5.6555777179312101e-04
5.6555777179336832e-04
5.6555777179374041e-04
5.6555777179356586e-04
5.6555777179369369e-04
5.6555777179418754e-04
7.6555777188358498e-04
9.6555777194027106e-04
1.1655577719402197e-03
1.3655577719405194e-03
1.5655577719408183e-03
1.5655558395943469e-03
1.5655539072477447e-03
1.5655519749008873e-03
1.5655500425541097e-03
1.5655481102079660e-03
1.3655577718843562e-03
1.1655577718793226e-03
9.6555777194066268e-04
7.6555777194076916e-04
5.6555777179451497e-04
5.6555777179425693e-04
5.6555777179458295e-04
5.6555777179487135e-04
5.6555777179441761e-04
5.6555777179448570e-04
3.6555777188387693e-04
1.6555777194054478e-04
-3.4442228059158594e-05
-2.3444222805944968e-04
-4.3505947565782542e-04
-4.3529273433141256e-04
-4.3569807465903003e-04
-4.3610341515106372e-04
-4.3623726988660429e-04
-4.3637112464067724e-04
-2.3629261550049609e-04
-3.6254129763329126e-05
1.6370738500290450e-04
3.6370738445302400e-04
5.6370738441743114e-04
5.6370738441763378e-04
5.6370738441783132e-04
5.6370738441828213e-04
5.6370738441790375e-04
5.6370738441759573e-04
