0.0000000000000000e+00
2.0000000008936049e-04
4.0000000014677720e-04
6.0000000014697841e-04
9.8571714744562135e-04
1.6326762338723596e-03
1.9519429224772638e-03
2.1799600033078096e-03
2.3428327716479916e-03
2.4591683978943779e-03
2.5422642295102466e-03
2.3422453415153440e-03
2.1422649355986451e-03
1.9422649350752147e-03
1.7422649351825233e-03
1.5422649350358827e-03
1.5422649350359152e-03
1.5422649350359432e-03
1.5422649350355028e-03
1.5422649350349635e-03
1.5422649350351726e-03
1.3422649351254416e-03
1.1422649351826427e-03
9.4226493518270423e-04
7.4226493518341949e-04
2.6259567838048505e-04
6.2860412172481236e-05
-7.9843010586126703e-05
-1.8177269486834070e-04
-2.5458040452922101e-04
-3.0658631992906200e-04
-1.0660897556878772e-04
9.3413957875603104e-05
2.9341395721839761e-04
4.9341395733995075e-04
6.9341395719325449e-04
6.9341395719358691e-04
6.9341395719344477e-04
6.9341395719319345e-04
6.9341395719318142e-04
6.9341395719284499e-04
8.9341395728258948e-04
1.0934139573398312e-03
1.2934139573397387e-03
1.4934139573404108e-03
1.6934139573403727e-03
1.6934128053902740e-03
1.6934116534397812e-03
1.6934105014895216e-03
1.6934093495384081e-03
1.6934081975884610e-03
1.4934139572825255e-03
1.2934139573013575e-03
1.0934139573399908e-03
8.9341395733980630e-04
6.9341395719418550e-04
6.9341395719439626e-04
6.9341395719452377e-04
6.9341395719411893e-04
6.9341395719418907e-04
6.9341395719441784e-04
4.9341395728485365e-04
2.9341395734135156e-04
9.3413957340577873e-05
-1.0658604265944448e-04
-3.4373347211223444e-04
-3.7005338077088917e-04
-3.8909723861551892e-04
-4.0267016738756062e-04
-4.1236513282859316e-04
-4.1929011517046789e-04
-2.1929011018497523e-04
-1.9290110114907210e-05
1.8070988988516483e-04
3.8070988988527605e-04
5.8070988973831341e-04
5.8070988973846617e-04
5.8070988973911973e-04
5.8070988973875977e-04
5.8070988973867390e-04
5.8070988973837325e-04
7.8070988982853430e-04
9.8070988988591405e-04
1.1807098898859638e-03
1.3807098898864847e-03
1.5807098898859644e-03
1.5807080605157347e-03
1.5807062311447451e-03
1.5807044017740889e-03
1.5807025724043874e-03
1.5807007430335646e-03
1.3807098898295255e-03
1.1807098898279542e-03
9.8070988988669793e-04
7.8070988988597208e-04
5.8070988974015601e-04
5.8070988974040657e-04
5.8070988974071730e-04
5.8070988973982370e-04
5.8070988973983454e-04
5.8070988974006179e-04
3.8070988982933529e-04
1.8070988988629237e-04
-1.9290110113926224e-05
-2.1929011011359131e-04
-4.2423652798538212e-04
-4.2756135087970563e-04
-4.3017551027488418e-04
-4.3201182014869765e-04
-4.3384813339481719e-04
-4.3444222919109183e-04
-2.3444222812405121e-04
-3.4442228058227610e-05
1.6555777194263922e-04
3.6555777194214397e-04
5.6555777179613596e-04
5.6555777179618117e-04
5.6555777179604922e-04
5.6555777179663144e-04
5.6555777179681402e-04
5.6555777179706664e-04
7.6555777188594941e-04
9.6555777194298395e-04
1.1655577719428295e-03
1.3655577719425961e-03
1.5655577719427269e-03
1.5655558395963139e-03
1.5655539072502848e-03
1.5655519749043297e-03
1.5655500425573168e-03
1.5655481102112916e-03
1.3655577718873491e-03
1.1655577718830855e-03
9.6555777194484076e-04
7.6555777194438736e-04
5.6555777179822207e-04
5.6555777179748048e-04
5.6555777179745728e-04
5.6555777179748308e-04
5.6555777179720964e-04
5.6555777179662689e-04
3.6555777188696149e-04
1.6555777194378427e-04
-3.4442228056105772e-05
-2.3444222805584140e-04
-4.3505947565501582e-04
-4.3529273432833034e-04
-4.3569807465625648e-04
-4.3610341514888453e-04
-4.3623726988400221e-04
-4.3637112463731215e-04
-2.3629261549757796e-04
-3.6254129759988421e-05
1.6370738500611637e-04
3.6370738445606123e-04
5.6370738442111949e-04
5.6370738442095621e-04
5.6370738442129535e-04
5.6370738442120590e-04
5.6370738442160695e-04
5.6370738442155230e-04
