0.0000000000000000e+00
0.0000000000000000e+00
0.0000000000000000e+00
0.0000000000000000e+00
3.7147852547430693e-04
1.2654401808914440e-03
1.9038858445222908e-03
2.3599306194338481e-03
2.6856709514633727e-03
2.9183395596125319e-03
3.0845298700706478e-03
3.0845298700706478e-03
3.0845298700706478e-03
3.0845298700706478e-03
3.0845298700706478e-03
3.0845298700706478e-03
3.0845298700706478e-03
3.0845298700706478e-03
3.0845298700706478e-03
3.0845298700706478e-03
3.0845298700706478e-03
3.0845298700706478e-03
3.0845298700706478e-03
3.0845298700706478e-03
3.0845298700706478e-03
3.6437685094337976e-03
4.0433389160573242e-03
4.3287415959051313e-03
4.5326029976551592e-03
4.6782194624367902e-03
4.7822318257589817e-03
4.7822318257589817e-03
4.7822318257589817e-03
4.7822318257589817e-03
4.7822318257589817e-03
4.7822318257589817e-03
4.7822318257589817e-03
4.7822318257589817e-03
4.7822318257589817e-03
4.7822318257589817e-03
4.7822318257589817e-03
4.7822318257589817e-03
4.7822318257589817e-03
4.7822318257589817e-03
4.7822318257589817e-03
4.7822318257589817e-03
4.7822318257589817e-03
4.7822318257589817e-03
4.7822318257589817e-03
4.7822318257589817e-03
4.7822318257589817e-03
4.7822318257589817e-03
4.7822318257589817e-03
4.7822318257589817e-03
4.7822318257589817e-03
4.7822318257589817e-03
4.7822318257589817e-03
4.7822318257589817e-03
4.7822318257589817e-03
4.7822318257589817e-03
4.7822318257589817e-03
4.7822318257589817e-03
4.7822318257589817e-03
4.7822318257589817e-03
4.7822318257589817e-03
4.8565249357319425e-03
4.9092499215522218e-03
4.9472541471977452e-03
4.9744000378118807e-03
4.9937899865601255e-03
5.0076399606700552e-03
5.0076399606700552e-03
5.0076399606700552e-03
5.0076399606700552e-03
5.0076399606700552e-03
5.0076399606700552e-03
5.0076399606700552e-03
5.0076399606700552e-03
5.0076399606700552e-03
5.0076399606700552e-03
5.0076399606700552e-03
5.0076399606700552e-03
5.0076399606700552e-03
5.0076399606700552e-03
5.0076399606700552e-03
5.0076399606700552e-03
5.0076399606700552e-03
5.0076399606700552e-03
5.0076399606700552e-03
5.0076399606700552e-03
5.0076399606700552e-03
5.0076399606700552e-03
5.0076399606700552e-03
5.0076399606700552e-03
5.0076399606700552e-03
5.0076399606700552e-03
5.0076399606700552e-03
5.0076399606700552e-03
5.0076399606700552e-03
5.0076399606700552e-03
5.0076399606700552e-03
5.0076399606700552e-03
5.0076399606700552e-03
5.0076399606700552e-03
5.0076399606700552e-03
5.0175327673099741e-03
5.0242690900358421e-03
5.0294107601843970e-03
5.0330833799165971e-03
5.0362159043113490e-03
5.0379441965568003e-03
5.0379441965568003e-03
5.0379441965568003e-03
5.0379441965568003e-03
5.0379441965568003e-03
5.0379441965568003e-03
5.0379441965568003e-03
5.0379441965568003e-03
5.0379441965568003e-03
5.0379441965568003e-03
5.0379441965568003e-03
5.0379441965568003e-03
5.0379441965568003e-03
5.0379441965568003e-03
5.0379441965568003e-03
5.0379441965568003e-03
5.0379441965568003e-03
5.0379441965568003e-03
5.0379441965568003e-03
5.0379441965568003e-03
5.0379441965568003e-03
5.0379441965568003e-03
5.0379441965568003e-03
5.0379441965568003e-03
5.0379441965568003e-03
5.0379441965568003e-03
5.0379441965568003e-03
5.0379441965568003e-03
5.0379441965568003e-03
5.0379441965568003e-03
5.0379441965568003e-03
5.0379441965568003e-03
5.0379441965568003e-03
5.0379441965568003e-03
5.0379441965568003e-03
5.0391786915579880e-03
5.0397322727906233e-03
5.0404558898773516e-03
5.0412420197314227e-03
5.0415342803125296e-03
5.0416449713090398e-03
5.0416449713090398e-03
5.0416449713090398e-03
5.0416449713090398e-03
5.0416449713090398e-03
5.0416449713090398e-03
5.0416449713090398e-03
5.0416449713090398e-03
5.0416449713090398e-03
5.0416449713090398e-03
5.0416449713090398e-03
