0.0000000000000000e+00
8.3736809491947507e-10
1.4789851229885055e-08
1.4815037882839785e-08
-8.3621473313551017e-03
-1.6534834877948695e-02
-2.4558883785912652e-08
-2.0185443449340910e-03
-1.0305292589315573e-03
-5.2562049642116370e-04
-2.6813993543510511e-04
-1.7050162741186176e-02
5.6886303112867661e-08
3.9612109530611606e-09
1.4821809344481134e-08
-4.3789617685511770e-11
-9.0562030005527273e-12
5.3415666025882210e-11
-3.6630005162574734e-11
-7.8037453300696405e-11
-3.7887431130228377e-11
9.2229090991106252e-10
1.4859961622126591e-08
1.4910975940458612e-08
1.4940864763964358e-08
-1.8982678270019100e-02
-1.9982822131872148e-08
-7.9098544091751508e-04
-4.0320498085848769e-04
-2.0575715454113650e-04
-1.0498625924349291e-04
-2.0389180412172431e-02
6.8811629951228573e-08
2.5806910146094444e-09
1.4896268046956303e-08
1.0433972010520496e-10
1.0220591874536344e-10
1.0863994908838843e-10
2.5104714465890348e-11
-8.9526441686252915e-12
-3.0764852656504057e-11
9.6134884647261488e-10
1.4901089836427070e-08
1.4933384086964236e-08
1.4997471021107972e-08
1.4998916472260656e-08
-9.9935442354777025e-04
-1.9987239114665919e-03
-2.9980933710871409e-03
-3.9974629465041626e-03
-4.9968324583854300e-03
9.9594972951841100e-10
1.1042466028486314e-08
1.4991609128496384e-08
1.4986395948122610e-08
2.5317032463056652e-10
3.0496717190231295e-10
3.4691280095184749e-10
3.6230334498293184e-10
3.1675832888780253e-10
3.4129156877001674e-10
1.3761817371239546e-09
1.5151793676431339e-08
1.5025992242443652e-08
1.5004216234839666e-08
-3.3683751849344955e-04
-1.4874793393187809e-02
-1.2194021881036339e-05
-7.4956073401037707e-06
-3.6486893005601014e-06
-1.8615101610348319e-06
7.9396651502533971e-09
1.5083847869077518e-08
1.5072484124323466e-08
1.5058932708879545e-08
2.2154995803186909e-10
2.8240855657353858e-10
3.9190587674672977e-10
3.7369796051143323e-10
3.5473046914686029e-10
3.6817722632846417e-10
1.3040531254170360e-09
1.5290827398729079e-08
1.5343230570054144e-08
1.5354200905112240e-08
1.5305994553451278e-08
-1.5899788036128233e-03
-3.1799731035983183e-03
-4.7699673667542875e-03
-6.3599615961847829e-03
-7.9499559919118858e-03
1.4810988972281767e-09
9.4168589408163643e-09
1.5278109499880466e-08
1.5156180901522912e-08
4.4263838789608239e-10
4.8600847837592993e-10
4.9535524482820363e-10
4.0801202059015317e-10
4.5844842689727715e-10
4.5976165290705231e-10
1.2669311719755413e-09
1.5120877600705725e-08
1.5084142829022648e-08
1.5171997746872831e-08
-6.1911974488065932e-06
-1.3569469288240816e-02
-4.5815441258609974e-08
-1.7365996281847275e-07
-2.3765683336616751e-02
-3.7407561188782376e-07
8.3591640257096800e-09
1.4955428620727880e-08
1.5121762927874455e-08
1.5078531635833261e-08
3.5031414932870306e-10
3.1367555364320614e-10
3.0260779886422252e-10
3.2527708804339417e-10
3.2699682083201782e-10
3.6701715853392985e-10
1.2010374260221037e-09
1.5099960018284414e-08
1.5081870479277262e-08
1.5063059668416916e-08
1.5095685564491963e-08
-1.6797942649700638e-03
-3.3596036729272101e-03
-5.0394131003411273e-03
-6.7192226868601837e-03
-8.3990321305181179e-03
1.4342343605340442e-09
9.1134003231198243e-09
1.5336588580537557e-08
1.5339057541140075e-08
5.9950275991369646e-10
5.2765748665436162e-10
5.6058118462864734e-10
5.9275803070960686e-10
5.1658396220909248e-10
4.7238836784025183e-10
1.4351058470614712e-09
1.5343166946974484e-08
1.5352184079874926e-08
1.5396471911024988e-08
-1.0816656006057946e-07
-1.3397144471449157e-02
-2.6332495486873802e-09
1.6147608437529153e-02
-2.1437372444317708e-08
-2.4136716898765589e-02
8.8231983454669925e-09
-1.1073403864729658e-02
3.5300004103027641e-08
6.4101459321522715e-09
5.7533867899445889e-10
5.4470376471686012e-10
6.1327089145095051e-10
6.3851459029613187e-10
6.6777610274355134e-10
6.2149893955623539e-10
