0.0000000000000000e+00
-8.8000000036792486e+01
-1.7600000002013431e+02
-2.6400000002014724e+02
-3.5201535571372278e+02
-4.4003030761226552e+02
-4.4000000016855483e+02
-4.4000372081285695e+02
-4.4000190179075275e+02
-4.4000096881993750e+02
-4.4000049398857220e+02
-3.5204252933921799e+02
-2.6400000007687970e+02
-1.7600000000531287e+02
-8.8000000019950278e+01
-2.1249484411874792e-11
3.0421740201936313e-11
1.6903000214610145e-10
9.4917480570117473e-11
5.0095751344518195e-11
1.0745136036682375e-10
8.7999999963397073e+01
1.7599999998010327e+02
2.6399999998017546e+02
3.5199999998011168e+02
4.3996502423389217e+02
4.3999999988316995e+02
4.3999854343407441e+02
4.3999925947472343e+02
4.3999962181700113e+02
4.3999980697481800e+02
3.5194892287376086e+02
2.6399999990585917e+02
1.7599999999628730e+02
8.7999999979784079e+01
-6.1720711130585179e-11
-1.0382020640131601e-10
-4.1211785948971360e-11
-1.0801813158620886e-10
-1.4288384441738846e-10
-6.9453566623882165e-11
-8.8000000036776754e+01
-1.7600000002014409e+02
-2.6400000002003856e+02
-3.5200000002002383e+02
-4.4000000002001906e+02
-4.4000249127024256e+02
-4.4000498252056605e+02
-4.4000747377080978e+02
-4.4000996502121245e+02
-4.4001245627165906e+02
-3.5200000003663268e+02
-2.6400000001471886e+02
-1.7600000001990406e+02
-8.8000000019864473e+01
7.1387954501276666e-11
1.2112949408804345e-10
1.7516456467686713e-10
2.3851356640189763e-10
1.7753341259281691e-10
2.0168929901796031e-10
8.7999999963569579e+01
1.7599999998015903e+02
2.6399999998008747e+02
3.5199999997998003e+02
4.3999937418760544e+02
4.3993702324928176e+02
4.3999997885699941e+02
4.3999998567684747e+02
4.3999999328707941e+02
4.3999999657483693e+02
3.5199999998960175e+02
2.6399999998010645e+02
1.7599999998006936e+02
8.7999999980047122e+01
1.4575345847031934e-10
2.3913120209448076e-10
3.0470871193513767e-10
2.8191366774147187e-10
2.3407992423077498e-10
2.9643908179271070e-10
-8.8000000036499642e+01
-1.7600000001976539e+02
-2.6400000001968283e+02
-3.5200000001973245e+02
-4.4000000001974229e+02
-4.4000396507915752e+02
-4.4000793013875432e+02
-4.4001189519839596e+02
-4.4001586025816431e+02
-4.4001982531819039e+02
-3.5200000003625206e+02
-2.6400000001167155e+02
-1.7600000001980553e+02
-8.8000000019855364e+01
2.2842778479015587e-10
2.1591046198739925e-10
1.6523098878797451e-10
1.4626660676524962e-10
2.6862894682446315e-10
2.2577807615188473e-10
8.7999999963446569e+01
1.7599999998006632e+02
2.6399999998000379e+02
3.5199999998010486e+02
4.3999998776376901e+02
4.3994022900331066e+02
4.3999999997497940e+02
4.3999999959479436e+02
4.4004752552717866e+02
4.3999999931133073e+02
3.5199999998906003e+02
2.6399999997994109e+02
1.7599999998007479e+02
8.7999999980088319e+01
2.2182810229914341e-10
1.2751185005635080e-10
5.8608873466625451e-11
1.9572877771506750e-11
-5.3713491859391950e-11
-5.9059477489492221e-11
-8.8000000036719698e+01
-1.7600000002010336e+02
-2.6400000002015582e+02
-3.5200000002015707e+02
-4.4000000002009210e+02
-4.4000418921572026e+02
-4.4000837841157221e+02
-4.4001256760754541e+02
-4.4001675680363439e+02
-4.4002094599970235e+02
-3.5200000003649518e+02
-2.6400000001149937e+02
-1.7600000001989366e+02
-8.8000000019819751e+01
2.1061612991897652e-10
2.0685684767460122e-10
2.6163690074710222e-10
3.6733268685412294e-10
2.7686405358589120e-10
2.8763122399752182e-10
8.7999999963553236e+01
1.7599999998020294e+02
2.6399999998019547e+02
3.5199999998026260e+02
4.3999999965286042e+02
4.3994065448899255e+02
4.3999999989972525e+02
4.4005384398172487e+02
4.3999999984778054e+02
4.3996213383367706e+02
3.5199999998930616e+02
2.6394984602675822e+02
1.7599999984718795e+02
8.8000000002498425e+01
4.1175353834215025e-10
3.7458842840188114e-10
4.3149684715283853e-10
4.3070913780689123e-10
4.4827730607756262e-10
3.7109176758874161e-10
