2.9999999999999983e+02
2.9999999999999983e+02
2.9999999999999983e+02
2.9999999999999983e+02
3.4829220831165958e+02
4.2735937096845669e+02
4.2096114169875347e+02
4.1640239607417101e+02
4.1314416174685357e+02
4.1081704760329171e+02
4.0915492714793061e+02
3.9253589610211930e+02
3.9253589610211930e+02
3.9253589610211930e+02
3.9253589610211930e+02
3.9253589610211930e+02
3.9253589610211930e+02
3.9253589610211930e+02
3.9253589610211930e+02
3.9253589610211930e+02
3.9253589610211930e+02
3.9253589610211930e+02
3.9253589610211930e+02
3.9253589610211930e+02
3.9253589610211930e+02
4.6523691921932868e+02
4.6125720814407208e+02
4.5840251586193449e+02
4.5636423010465739e+02
4.5490823035126607e+02
4.5386819110498891e+02
4.4346695477276961e+02
4.4346695477276961e+02
4.4346695477276961e+02
4.4346695477276961e+02
4.4346695477276961e+02
4.4346695477276961e+02
4.4346695477276961e+02
4.4346695477276961e+02
4.4346695477276961e+02
4.4346695477276961e+02
4.4346695477276961e+02
4.4346695477276961e+02
4.4346695477276961e+02
4.4346695477276961e+02
4.4346695477276961e+02
4.4346695477276961e+02
4.4346695477276961e+02
4.4346695477276961e+02
4.4346695477276961e+02
4.4346695477276961e+02
4.4346695477276961e+02
4.4346695477276961e+02
4.4346695477276961e+02
4.4346695477276961e+02
4.4346695477276961e+02
4.4346695477276961e+02
4.4346695477276961e+02
4.4346695477276961e+02
4.4346695477276961e+02
4.4346695477276961e+02
4.4346695477276961e+02
4.4346695477276961e+02
4.4346695477276961e+02
4.4346695477276961e+02
4.5312505906925389e+02
4.5254999622859430e+02
4.5221804698048487e+02
4.5194659019576955e+02
4.5175269447162793e+02
4.5161419623109435e+02
4.5022919882010166e+02
4.5022919882010166e+02
4.5022919882010166e+02
4.5022919882010166e+02
4.5022919882010166e+02
4.5022919882010166e+02
4.5022919882010166e+02
4.5022919882010166e+02
4.5022919882010166e+02
4.5022919882010166e+02
4.5022919882010166e+02
4.5022919882010166e+02
4.5022919882010166e+02
4.5022919882010166e+02
4.5022919882010166e+02
4.5022919882010166e+02
4.5022919882010166e+02
4.5022919882010166e+02
4.5022919882010166e+02
4.5022919882010166e+02
4.5022919882010166e+02
4.5022919882010166e+02
4.5022919882010166e+02
4.5022919882010166e+02
4.5022919882010166e+02
4.5022919882010166e+02
4.5022919882010166e+02
4.5022919882010166e+02
4.5022919882010166e+02
4.5022919882010166e+02
4.5022919882010166e+02
4.5022919882010166e+02
4.5022919882010166e+02
4.5022919882010166e+02
4.5151526368329110e+02
4.5140170497366182e+02
4.5139648982038705e+02
4.5135976337071759e+02
4.5139972956881525e+02
4.5131115512124939e+02
4.5113832589670392e+02
4.5113832589670392e+02
4.5113832589670392e+02
4.5113832589670392e+02
4.5113832589670392e+02
4.5113832589670392e+02
4.5113832589670392e+02
4.5113832589670392e+02
4.5113832589670392e+02
4.5113832589670392e+02
4.5113832589670392e+02
4.5113832589670392e+02
4.5113832589670392e+02
4.5113832589670392e+02
4.5113832589670392e+02
4.5113832589670392e+02
4.5113832589670392e+02
4.5113832589670392e+02
4.5113832589670392e+02
4.5113832589670392e+02
4.5113832589670392e+02
4.5113832589670392e+02
4.5113832589670392e+02
4.5113832589670392e+02
4.5113832589670392e+02
4.5113832589670392e+02
4.5113832589670392e+02
4.5113832589670392e+02
4.5113832589670392e+02
4.5113832589670392e+02
4.5113832589670392e+02
4.5113832589670392e+02
4.5113832589670392e+02
4.5113832589670392e+02
4.5129881024685778e+02
4.5124732630698190e+02
4.5128603840499318e+02
4.5131587357734963e+02
4.5127525446748643e+02
4.5126041823892194e+02
4.5124934913927109e+02
4.5124934913927109e+02
4.5124934913927109e+02
4.5124934913927109e+02
4.5124934913927109e+02
4.5124934913927109e+02
4.5124934913927109e+02
4.5124934913927109e+02
4.5124934913927109e+02
4.5124934913927109e+02
