0.0000000000000000e+00
8.8000000037622826e+01
1.7600000003491249e+02
2.6400000003494097e+02
3.5200699356640274e+02
4.4001377277737117e+02
4.4000000014397591e+02
4.4000170226850946e+02
4.4000087126148742e+02
4.4000044319941668e+02
4.4000022584863694e+02
3.5202547917649292e+02
2.6400000013375842e+02
1.7600000000924706e+02
8.8000000034762195e+01
9.9997239649336050e-11
3.7277433828449667e-11
8.1112856333389497e-11
5.9614142895982253e-11
3.1781670376473504e-11
4.9503413030193737e-11
8.7999999962504489e+01
1.7599999996526060e+02
2.6399999996526202e+02
3.5199999996523240e+02
4.3998400691225402e+02
4.3999999990323283e+02
4.3999933441957268e+02
4.3999966267979596e+02
4.3999982757422163e+02
4.3999991196116503e+02
3.5196931205422499e+02
2.6399999983713747e+02
1.7599999999377877e+02
8.7999999964960011e+01
5.7043843184313676e-11
1.1130108915860941e-10
1.1645081733651036e-10
1.5562974685819462e-10
1.3804483639036051e-10
1.7481318439831930e-10
8.8000000037710166e+01
1.7600000003500736e+02
2.6400000003497189e+02
3.5200000003502771e+02
4.4000000003502379e+02
4.4000149191582000e+02
4.4000298379665725e+02
4.4000447567745994e+02
4.4000596755832970e+02
4.4000745943925244e+02
3.5200000003764040e+02
2.6400000002574626e+02
1.7600000003487543e+02
8.8000000034856996e+01
2.2125329836558231e-10
2.4903770665458752e-10
2.6191648901594773e-10
2.7442192951237236e-10
2.9534113510918921e-10
3.0166894994195082e-10
8.7999999962249547e+01
1.7599999996504056e+02
2.6399999996509439e+02
3.5199999996502260e+02
4.3999971102516008e+02
4.3995189804270331e+02
4.3999999105104894e+02
4.3999999317247557e+02
4.3999999693581606e+02
4.3999999843638170e+02
3.5199999998170347e+02
2.6399999996504192e+02
1.7599999996500097e+02
8.7999999965016357e+01
1.5386651997074729e-10
1.6158338408067946e-10
1.8924647171236280e-10
2.1697251069356741e-10
2.0507616954376378e-10
2.0295676034027399e-10
8.8000000037836884e+01
1.7600000003511369e+02
2.6400000003510399e+02
3.5200000003511093e+02
4.4000000003510996e+02
4.4000237510039852e+02
4.4000475016567964e+02
4.4000712523105079e+02
4.4000950029654598e+02
4.4001187536215411e+02
3.5200000003778001e+02
2.6400000002112597e+02
1.7600000003507461e+02
8.8000000035022140e+01
2.4268033139265013e-10
2.9947129550773362e-10
2.8772462206767434e-10
2.3926157597046183e-10
2.0931225162260793e-10
1.9942449511077674e-10
8.7999999962194892e+01
1.7599999996497337e+02
2.6399999996494535e+02
3.5199999996495319e+02
4.3999999395497798e+02
4.3995379847260710e+02
4.4000000002081782e+02
4.3999999976847056e+02
4.4007129121051577e+02
4.3999999968540379e+02
3.5199999998066471e+02
2.6399999996498036e+02
1.7599999996495683e+02
8.7999999964988618e+01
6.0635399495650265e-11
1.2267572978903825e-10
2.3809483483563190e-10
2.8709478167943812e-10
3.4133660203379480e-10
4.3332863362924686e-10
8.8000000037954365e+01
1.7600000003522533e+02
2.6400000003525878e+02
3.5200000003526412e+02
4.4000000003523570e+02
4.4000250942150853e+02
4.4000501880792814e+02
4.4000752819443892e+02
4.4001003758095845e+02
4.4001254696758639e+02
3.5200000003794202e+02
2.6400000002060597e+02
1.7600000003521626e+02
8.8000000035150194e+01
2.8402082960200504e-10
2.2504229478270158e-10
1.4592720693167090e-10
7.6339656060385891e-11
5.4523548748028872e-11
1.5918477271254128e-11
8.7999999962129166e+01
1.7599999996487526e+02
2.6399999996484536e+02
3.5199999996489379e+02
4.3999999976102453e+02
4.3995405163347533e+02
4.3999999990235330e+02
4.4003769637325109e+02
4.3999999986919875e+02
4.3998627055059922e+02
3.5199999998048145e+02
2.6396091943064215e+02
1.7599999981190632e+02
8.7999999996098666e+01
1.2368097816862864e-10
1.4270325144170931e-10
1.3990930456918277e-10
1.6003040517830099e-10
1.6030048827950958e-10
1.9024958827140391e-10
