0.0000000000000000e+00
8.2336907499522110e-10
1.4766633031084886e-08
1.4772588064697049e-08
-8.3621473086971706e-03
-1.6534834910581199e-02
-2.4598792572413564e-08
-2.0185443499153703e-03
-1.0305292720952364e-03
-5.2562054470975362e-04
-2.6813993507739613e-04
-1.7050162708633351e-02
5.6871065247530481e-08
3.9071820126373940e-09
1.4802072239934659e-08
-1.2228397686472154e-10
-2.5619287995094545e-11
5.8978010857018427e-11
2.0112037050979576e-11
2.6040456127057191e-11
4.3398377191160432e-11
8.6287165288138125e-10
1.4825575101561044e-08
1.4915940689622230e-08
1.4817336123189228e-08
-1.8982678453615481e-02
-2.0142452062488911e-08
-7.9098555482089096e-04
-4.0320516414481895e-04
-2.0575728639927608e-04
-1.0498643464127206e-04
-2.0389180516360263e-02
6.8632187495298405e-08
2.4363861948453762e-09
1.4751963227192229e-08
3.6828197830678267e-12
-7.3930477173935424e-11
-7.2211181535072770e-11
-1.8611650242663924e-10
-2.3756433427919061e-10
-2.5122982172929717e-10
9.0534275808711329e-10
1.4825558807270592e-08
1.4933450769936465e-08
1.5010493880520344e-08
1.5010569357348959e-08
-9.9935442165487447e-04
-1.9987239058895960e-03
-2.9980933284215186e-03
-3.9974628183661928e-03
-4.9968323551637488e-03
1.0195581782880648e-09
1.1012227178511157e-08
1.4951176928432095e-08
1.4998574522131587e-08
2.2269646701067554e-10
2.4523970780957344e-10
3.2490688766128477e-10
3.6103089416204707e-10
2.9909469146501111e-10
3.2264300186121569e-10
1.2639020196951546e-09
1.5085428552573146e-08
1.4960195299978080e-08
1.4910733939437520e-08
-3.3683759124580117e-04
-1.4874793449842307e-02
-1.2194076574550737e-05
-7.4956483856370301e-06
-3.6487846089548880e-06
-1.8615792328556222e-06
7.8569490380766613e-09
1.5045285994009285e-08
1.5064289794249597e-08
1.5002549488940796e-08
1.8680124114127296e-10
3.2450902366003162e-10
3.8642227861182732e-10
4.3604443886725551e-10
3.9489068925327898e-10
4.5166813109886415e-10
1.3703201014509554e-09
1.5405845538374802e-08
1.5498676870511130e-08
1.5402213335650440e-08
1.5429257783157536e-08
-1.5899787144528859e-03
-3.1799730454935499e-03
-4.7699673235860555e-03
-6.3599616405512292e-03
-7.9499560804911513e-03
1.5745650664007873e-09
9.4920675253895743e-09
1.5260113091131764e-08
1.5177328033791234e-08
4.2255118697337171e-10
5.0264778165587119e-10
4.7321874196878872e-10
4.4028088676261840e-10
4.9389393058681441e-10
4.7377043332116548e-10
1.2365224771485371e-09
1.5065200947173514e-08
1.5032413591582922e-08
1.5131125303198506e-08
-6.1912203553360565e-06
-1.3569469304528981e-02
-4.5861840957528904e-08
-1.7369253983526863e-07
-2.3765683337996505e-02
-3.7407115864758224e-07
8.4311482554072859e-09
1.4966295778304364e-08
1.5114334306749553e-08
1.5120801239671440e-08
3.5096032932244728e-10
3.4605950367007856e-10
3.7370463940562276e-10
3.5064307379671984e-10
3.4278576704661101e-10
3.8629461008735997e-10
1.2683210271247579e-09
1.5144050400038989e-08
1.5124355244043881e-08
1.5150899096358927e-08
1.5191337141333924e-08
-1.6797941583022863e-03
-3.3596036149283136e-03
-5.0394131118130583e-03
-6.7192226650613762e-03
-8.3990321019516909e-03
1.4594894102935482e-09
9.0998331383650853e-09
1.5308625695111683e-08
1.5321837804352007e-08
5.6128557331562522e-10
5.1640175460633509e-10
5.6363386511326077e-10
6.2311758020795226e-10
5.2982298073862977e-10
5.3882649815408640e-10
1.4130013459849956e-09
1.5312149538741346e-08
1.5347712061452529e-08
1.5341135306985514e-08
-1.0816189506511729e-07
-1.3397144494114254e-02
-2.6235606720724690e-09
1.6147608509772510e-02
-2.1399369260547805e-08
-2.4136716945661066e-02
8.8261565392906748e-09
-1.1073403903280366e-02
3.5263238795347724e-08
6.3893860243495742e-09
4.9723621886280496e-10
4.9950390858661844e-10
5.5175080843503619e-10
5.8001582458491120e-10
5.5498060632279310e-10
4.8468021416066888e-10
