0.0000000000000000e+00
-3.1818181819013376e-04
-6.3636363636971867e-04
-9.5464672644260807e-04
-1.2727272727833796e-03
-1.5909090265510473e-03
-1.9091920521713645e-03
-2.2275764141299606e-03
-2.5454545456798203e-03
-4.3636364008185638e-03
-9.6818192929383554e-03
-1.4682535739800873e-02
-1.9682478144804307e-02
-2.4682483259857585e-02
-2.9682488433602647e-02
-3.4682493605595083e-02
-3.9682498777584868e-02
-4.4682503949574653e-02
-4.9682509121564841e-02
-5.4682514293554377e-02
-5.9682519465544287e-02
-6.4682524637533587e-02
-6.9682529809523025e-02
-7.4682534981512672e-02
-7.9682540153502429e-02
-8.4682545325492367e-02
-8.9682550497481736e-02
-9.4682555669470453e-02
-9.9682560841460599e-02
-1.0468256601345083e-01
-1.0968257118544004e-01
-1.1468257635742968e-01
-1.1968258152941921e-01
-1.2468258670140854e-01
-1.2968259187339853e-01
-1.3468259704538837e-01
-1.3968260221737794e-01
-1.4468260738936764e-01
-1.4968261256135751e-01
-1.5468261773334677e-01
-1.5968262290533694e-01
-1.6468262807732639e-01
-1.6968263324931621e-01
-1.7468263842130621e-01
-1.7968264359329597e-01
-1.8468264876528659e-01
-1.8968265393727687e-01
-1.9468265910926741e-01
-1.9968266428125769e-01
-2.0468266945324640e-01
-2.0968267462523563e-01
-2.1468267979722586e-01
-2.1968268496921584e-01
-2.2468269014120457e-01
-2.2968269531319363e-01
-2.3468270048518272e-01
-2.3968270565717326e-01
-2.4468271082916287e-01
-2.4968271600115297e-01
-2.5468272117314256e-01
-2.5968272634513223e-01
-2.6468273151712152e-01
-2.6968273668911175e-01
-2.7468274186110159e-01
-2.7968274703309176e-01
-2.8468275220508094e-01
-2.8968275737707133e-01
-2.9468276254906123e-01
-2.9968276772105107e-01
-3.0468277289304080e-01
-3.0968277806503064e-01
-3.1468278323702087e-01
-3.1968278840901049e-01
-3.2468279358100005e-01
-3.2968279875298956e-01
-3.3468280392497929e-01
-3.3968280909696941e-01
-3.4468281426895947e-01
-3.4968281944094981e-01
-3.5468282461293865e-01
-3.5968282978492866e-01
-3.6468283495691861e-01
-3.6968284012890895e-01
-3.7468284530089890e-01
-3.7968285047288769e-01
-3.8468285564487731e-01
-3.8968286081686754e-01
-3.9468286598885699e-01
-3.9968287116084616e-01
-4.0468287633283573e-01
-4.0968288150482518e-01
-4.1468288667681424e-01
-4.1968289184880375e-01
-4.2468289702079504e-01
-4.2968290219278549e-01
-4.3468290736477433e-01
-4.3968291253676428e-01
-4.4468291770875346e-01
-4.4968292288074191e-01
-4.5468292805273158e-01
-4.5968293322472165e-01
-4.6468293839671204e-01
-4.6968294356870177e-01
-4.7468294874069145e-01
-4.7968295391268090e-01
-4.8468295908466941e-01
-4.8968296425665980e-01
-4.9468296942864942e-01
-4.9968297460064032e-01
-5.0468297977262988e-01
-5.0968298494461939e-01
-5.1468299011660923e-01
-5.1968299528859863e-01
-5.2468300046058824e-01
-5.2968300563257786e-01
-5.3468301080456837e-01
-5.3968301597655821e-01
-5.4468302114854761e-01
-5.4968302632053767e-01
-5.5468303149252796e-01
-5.5968303666451735e-01
-5.6468304183650719e-01
-5.6968304700849637e-01
-5.7468305218048721e-01
-5.7968305735247760e-01
-5.8468306252446633e-01
-5.8968306769645640e-01
-5.9468307286844668e-01
-5.9968307804043652e-01
-6.0468308321242648e-01
-6.0968308838441676e-01
-6.1468309355640627e-01
-6.1968309872839700e-01
-6.2468310390038617e-01
-6.2968310907237623e-01
-6.3468311424436574e-01
-6.3968311941635581e-01
-6.4468312458834620e-01
-6.4968312976033626e-01
-6.5468313493232611e-01
-6.5968314010431628e-01
-6.6468314527630534e-01
-6.6968315044829418e-01
-6.7468315562028391e-01
-6.7968316079227376e-01
-6.8468316596426371e-01
-6.8968317113625333e-01
-6.9468317630824195e-01
-6.9968318148023156e-01
-7.0468318665222140e-01
-7.0968319182421113e-01
-7.1468319699620075e-01
-7.1968320216819048e-01
-7.2468320734017888e-01
-7.2968321251216894e-01
-7.3468321768415867e-01
-7.3968322285614752e-01
-7.4468322802813725e-01
-7.4968323320012664e-01
-7.5468323837211604e-01
-7.5968324354410777e-01
