0.0000000000000000e+00
7.9545454547507379e-05
1.5909090909433182e-04
2.3863003666529578e-04
3.1818181821517054e-04
3.9772727178164521e-04
4.7726639837237546e-04
5.5679919899378420e-04
6.3636363649420319e-04
1.4659091091598531e-03
4.0454550924969510e-03
6.5457925689057714e-03
9.0457848115136456e-03
1.1545787374658582e-02
1.4045789961847920e-02
1.6545792547844419e-02
1.9045795133839395e-02
2.1545797719834413e-02
2.4045800305829045e-02
2.6545802891824247e-02
2.9045805477818362e-02
3.1545808063813269e-02
3.4045810649807648e-02
3.6545813235802735e-02
3.9045815821798120e-02
4.1545818407792111e-02
4.4045820993786726e-02
4.6545823579781861e-02
4.9045826165776601e-02
5.1545828751771314e-02
5.4045831337766102e-02
5.6545833923761231e-02
5.9045836509756110e-02
6.1545839095750836e-02
6.4045841681745777e-02
6.6545844267741044e-02
6.9045846853736048e-02
7.1545849439730538e-02
7.4045852025725237e-02
7.6545854611720240e-02
7.9045857197715050e-02
8.1545859783709138e-02
8.4045862369703420e-02
8.6545864955697938e-02
8.9045867541692844e-02
9.1545870127687723e-02
9.4045872713683032e-02
9.6545875299677120e-02
9.9045877885671943e-02
1.0154588047166677e-01
1.0404588305766185e-01
1.0654588564365675e-01
1.0904588822965144e-01
1.1154589081564645e-01
1.1404589340164098e-01
1.1654589598763625e-01
1.1904589857363101e-01
1.2154590115962614e-01
1.2404590374562048e-01
1.2654590633161517e-01
1.2904590891761045e-01
1.3154591150360520e-01
1.3404591408959998e-01
1.3654591667559501e-01
1.3904591926158932e-01
1.4154592184758402e-01
1.4404592443357930e-01
1.4654592701957536e-01
1.4904592960557031e-01
1.5154593219156470e-01
1.5404593477756021e-01
1.5654593736355532e-01
1.5904593994954958e-01
1.6154594253554463e-01
1.6404594512154008e-01
1.6654594770753500e-01
1.6904595029353015e-01
1.7154595287952559e-01
1.7404595546552007e-01
1.7654595805151513e-01
1.7904596063751027e-01
1.8154596322350530e-01
1.8404596580949972e-01
1.8654596839549509e-01
1.8904597098148990e-01
1.9154597356748548e-01
1.9404597615348151e-01
1.9654597873947668e-01
1.9904598132547136e-01
2.0154598391146633e-01
2.0404598649746070e-01
2.0654598908345523e-01
2.0904599166944940e-01
2.1154599425544410e-01
2.1404599684143863e-01
2.1654599942743363e-01
2.1904600201342858e-01
2.2154600459942386e-01
2.2404600718541873e-01
2.2654600977141329e-01
2.2904601235740860e-01
2.3154601494340343e-01
2.3404601752939821e-01
2.3654602011539214e-01
2.3904602270138653e-01
2.4154602528738145e-01
2.4404602787337587e-01
2.4654603045937029e-01
2.4904603304536499e-01
2.5154603563136013e-01
2.5404603821735539e-01
2.5654604080335075e-01
2.5904604338934512e-01
2.6154604597534037e-01
2.6404604856133490e-01
2.6654605114733021e-01
2.6904605373332452e-01
2.7154605631932027e-01
2.7404605890531553e-01
2.7654606149131028e-01
2.7904606407730453e-01
2.8154606666329868e-01
2.8404606924929376e-01
2.8654607183528930e-01
2.8904607442128388e-01
2.9154607700727980e-01
2.9404607959327478e-01
2.9654608217926898e-01
2.9904608476526290e-01
3.0154608735125815e-01
3.0404608993725313e-01
3.0654609252324805e-01
3.0904609510924308e-01
3.1154609769523750e-01
3.1404610028123209e-01
3.1654610286722717e-01
3.1904610545322198e-01
3.2154610803921618e-01
3.2404611062521110e-01
3.2654611321120630e-01
3.2904611579720111e-01
3.3154611838319603e-01
3.3404612096919117e-01
3.3654612355518643e-01
3.3904612614118168e-01
3.4154612872717643e-01
3.4404613131317141e-01
3.4654613389916555e-01
3.4904613648515997e-01
3.5154613907115490e-01
3.5404614165715020e-01
3.5654614424314440e-01
3.5904614682914016e-01
3.6154614941513397e-01
3.6404615200112939e-01
3.6654615458712392e-01
3.6904615717311795e-01
3.7154615975911337e-01
3.7404616234510729e-01
3.7654616493110199e-01
3.7904616751709730e-01
