0.0000000000000000e+00
7.9545454547507379e-05
1.5909090909433182e-04
2.3863003666516758e-04
3.1818181821536521e-04
3.9772727178236003e-04
4.7726639837309884e-04
5.5679919899454325e-04
6.3636363649460651e-04
1.4659091091598470e-03
4.0454550924981054e-03
6.5457925689066786e-03
9.0457848115139856e-03
1.1545787374659239e-02
1.4045789961848607e-02
1.6545792547844218e-02
1.9045795133838691e-02
2.1545797719833976e-02
2.4045800305829316e-02
2.6545802891824285e-02
2.9045805477818494e-02
3.1545808063813983e-02
3.4045810649808605e-02
3.6545813235802943e-02
3.9045815821797822e-02
4.1545818407793041e-02
4.4045820993787919e-02
4.6545823579782722e-02
4.9045826165777552e-02
5.1545828751771605e-02
5.4045831337766775e-02
5.6545833923761113e-02
5.9045836509756394e-02
6.1545839095751106e-02
6.4045841681746568e-02
6.6545844267741280e-02
6.9045846853735618e-02
7.1545849439730705e-02
7.4045852025725556e-02
7.6545854611720338e-02
7.9045857197715161e-02
8.1545859783710831e-02
8.4045862369704974e-02
8.6545864955699631e-02
8.9045867541694870e-02
9.1545870127689805e-02
9.4045872713684808e-02
9.6545875299679909e-02
9.9045877885674954e-02
1.0154588047166981e-01
1.0404588305766500e-01
1.0654588564365967e-01
1.0904588822965443e-01
1.1154589081564852e-01
1.1404589340164402e-01
1.1654589598763833e-01
1.1904589857363346e-01
1.2154590115962856e-01
1.2404590374562340e-01
1.2654590633161839e-01
1.2904590891761344e-01
1.3154591150360773e-01
1.3404591408960248e-01
1.3654591667559696e-01
1.3904591926159185e-01
1.4154592184758633e-01
1.4404592443358105e-01
1.4654592701957592e-01
1.4904592960557078e-01
1.5154593219156584e-01
1.5404593477756096e-01
1.5654593736355510e-01
1.5904593994954999e-01
1.6154594253554522e-01
1.6404594512154028e-01
1.6654594770753492e-01
1.6904595029353026e-01
1.7154595287952518e-01
1.7404595546552060e-01
1.7654595805151568e-01
1.7904596063751049e-01
1.8154596322350586e-01
1.8404596580950011e-01
1.8654596839549520e-01
1.8904597098148954e-01
1.9154597356748418e-01
1.9404597615347935e-01
1.9654597873947444e-01
1.9904598132546913e-01
2.0154598391146480e-01
2.0404598649745948e-01
2.0654598908345440e-01
2.0904599166944837e-01
2.1154599425544340e-01
2.1404599684143819e-01
2.1654599942743297e-01
2.1904600201342816e-01
2.2154600459942225e-01
2.2404600718541756e-01
2.2654600977141229e-01
2.2904601235740737e-01
2.3154601494340238e-01
2.3404601752939724e-01
2.3654602011539125e-01
2.3904602270138575e-01
2.4154602528738056e-01
2.4404602787337523e-01
2.4654603045937015e-01
2.4904603304536579e-01
2.5154603563136091e-01
2.5404603821735477e-01
2.5654604080335003e-01
2.5904604338934556e-01
2.6154604597533998e-01
2.6404604856133429e-01
2.6654605114732943e-01
2.6904605373332391e-01
2.7154605631931955e-01
2.7404605890531419e-01
2.7654606149130889e-01
2.7904606407730426e-01
2.8154606666329912e-01
2.8404606924929404e-01
2.8654607183528952e-01
2.8904607442128477e-01
2.9154607700727952e-01
2.9404607959327400e-01
2.9654608217926903e-01
2.9904608476526362e-01
3.0154608735125860e-01
3.0404608993725363e-01
3.0654609252324821e-01
3.0904609510924302e-01
3.1154609769523728e-01
3.1404610028123131e-01
3.1654610286722651e-01
3.1904610545322198e-01
3.2154610803921690e-01
3.2404611062521144e-01
3.2654611321120680e-01
3.2904611579720161e-01
3.3154611838319675e-01
3.3404612096919140e-01
3.3654612355518609e-01
3.3904612614118074e-01
3.4154612872717605e-01
3.4404613131317108e-01
3.4654613389916589e-01
3.4904613648516103e-01
3.5154613907115606e-01
3.5404614165715087e-01
3.5654614424314585e-01
3.5904614682914127e-01
3.6154614941513563e-01
3.6404615200113083e-01
3.6654615458712514e-01
3.6904615717311989e-01
3.7154615975911520e-01
3.7404616234510973e-01
3.7654616493110438e-01
3.7904616751710007e-01
