0.0000000000000000e+00
0.0000000000000000e+00
0.0000000000000000e+00
0.0000000000000000e+00
0.0000000000000000e+00
0.0000000000000000e+00
0.0000000000000000e+00
0.0000000000000000e+00
0.0000000000000000e+00
1.5000000343532494e-03
6.5000010300138439e-03
1.1500654235679126e-02
1.6500659736005969e-02
2.1500664881673008e-02
2.6500670053637137e-02
3.1500675225627502e-02
3.6500680397617266e-02
4.1500685569607169e-02
4.6500690741597364e-02
5.1500695913587198e-02
5.6500701085576602e-02
6.1500706257566276e-02
6.6500711429555617e-02
7.1500716601545236e-02
7.6500721773535174e-02
8.1500726945524932e-02
8.6500732117514509e-02
9.1500737289503795e-02
9.6500742461493760e-02
1.0150074763348363e-01
1.0650075280547322e-01
1.1150075797746274e-01
1.1650076314945257e-01
1.2150076832144201e-01
1.2650077349343217e-01
1.3150077866542206e-01
1.3650078383741157e-01
1.4150078900940122e-01
1.4650079418139106e-01
1.5150079935338048e-01
1.5650080452537038e-01
1.6150080969735997e-01
1.6650081486934920e-01
1.7150082004133893e-01
1.7650082521332885e-01
1.8150083038531911e-01
1.8650083555730934e-01
1.9150084072929957e-01
1.9650084590128963e-01
2.0150085107327900e-01
2.0650085624526848e-01
2.1150086141725877e-01
2.1650086658924822e-01
2.2150087176123751e-01
2.2650087693322674e-01
2.3150088210521591e-01
2.3650088727720608e-01
2.4150089244919587e-01
2.4650089762118560e-01
2.5150090279317544e-01
2.5650090796516500e-01
2.6150091313715462e-01
2.6650091830914424e-01
2.7150092348113408e-01
2.7650092865312392e-01
2.8150093382511343e-01
2.8650093899710316e-01
2.9150094416909345e-01
2.9650094934108295e-01
3.0150095451307279e-01
3.0650095968506297e-01
3.1150096485705231e-01
3.1650097002904215e-01
3.2150097520103199e-01
3.2650098037302172e-01
3.3150098554501151e-01
3.3650099071700179e-01
3.4150099588899197e-01
3.4650100106098197e-01
3.5150100623297154e-01
3.5650101140496127e-01
3.6150101657695127e-01
3.6650102174894106e-01
3.7150102692093112e-01
3.7650103209292063e-01
3.8150103726491069e-01
3.8650104243690125e-01
3.9150104760889087e-01
3.9650105278088021e-01
4.0150105795287022e-01
4.0650106312485967e-01
4.1150106829684918e-01
4.1650107346883847e-01
4.2150107864082881e-01
4.2650108381281893e-01
4.3150108898480860e-01
4.3650109415679805e-01
4.4150109932878734e-01
4.4650110450077635e-01
4.5150110967276602e-01
4.5650111484475642e-01
4.6150112001674615e-01
4.6650112518873577e-01
4.7150113036072500e-01
4.7650113553271450e-01
4.8150114070470351e-01
4.8650114587669313e-01
4.9150115104868281e-01
4.9650115622067315e-01
5.0150116139266299e-01
5.0650116656465261e-01
5.1150117173664245e-01
5.1650117690863218e-01
5.2150118208062202e-01
5.2650118725261164e-01
5.3150119242460148e-01
5.3650119759659132e-01
5.4150120276858138e-01
5.4650120794057189e-01
5.5150121311256162e-01
5.5650121828455101e-01
5.6150122345654085e-01
5.6650122862853025e-01
5.7150123380052098e-01
5.7650123897251138e-01
5.8150124414450077e-01
5.8650124931649061e-01
5.9150125448848101e-01
5.9650125966047052e-01
6.0150126483246058e-01
6.0650127000445053e-01
6.1150127517644015e-01
6.1650128034843044e-01
6.2150128552041961e-01
6.2650129069240945e-01
6.3150129586439940e-01
6.3650130103638958e-01
6.4150130620837920e-01
6.4650131138036893e-01
6.5150131655235877e-01
6.5650132172434894e-01
6.6150132689633845e-01
6.6650133206832762e-01
6.7150133724031735e-01
6.7650134241230764e-01
6.8150134758429715e-01
6.8650135275628676e-01
6.9150135792827583e-01
6.9650136310026567e-01
7.0150136827225529e-01
7.0650137344424480e-01
7.1150137861623475e-01
7.1650138378822503e-01
7.2150138896021376e-01
7.2650139413220394e-01
7.3150139930419333e-01
7.3650140447618229e-01
7.4150140964817246e-01
7.4650141482016152e-01
7.5150141999215159e-01
7.5650142516414254e-01
