2.9999999999999983e+02
2.9999999999999983e+02
2.9999999999999983e+02
2.9999999999999983e+02
2.9999999999999983e+02
2.9999999999999983e+02
2.9999999999999983e+02
2.9999999999999983e+02
2.9999999999999983e+02
3.1500000034353224e+02
3.5000000995660565e+02
3.5000653205665265e+02
3.5000005500326819e+02
3.5000005145666995e+02
3.5000005171964119e+02
3.5000005171990330e+02
3.5000005171989733e+02
3.5000005171989915e+02
3.5000005171990182e+02
3.5000005171989778e+02
3.5000005171989380e+02
3.5000005171989653e+02
3.5000005171989307e+02
3.5000005171989596e+02
3.5000005171989949e+02
3.5000005171989721e+02
3.5000005171989517e+02
3.5000005171989289e+02
3.5000005171989881e+02
3.5000005171989909e+02
3.5000005171989505e+02
3.5000005171989471e+02
3.5000005171989801e+02
3.5000005171989437e+02
3.5000005171990091e+02
3.5000005171989858e+02
3.5000005171989466e+02
3.5000005171989665e+02
3.5000005171989847e+02
3.5000005171989324e+02
3.5000005171989903e+02
3.5000005171989602e+02
3.5000005171989130e+02
3.5000005171989739e+02
3.5000005171989829e+02
3.5000005171990318e+02
3.5000005171990171e+02
3.5000005171990165e+02
3.5000005171990040e+02
3.5000005171989324e+02
3.5000005171989488e+02
3.5000005171990153e+02
3.5000005171989631e+02
3.5000005171989210e+02
3.5000005171989193e+02
3.5000005171989159e+02
3.5000005171990136e+02
3.5000005171989812e+02
3.5000005171989670e+02
3.5000005171989812e+02
3.5000005171989579e+02
3.5000005171989483e+02
3.5000005171989778e+02
3.5000005171989790e+02
3.5000005171989784e+02
3.5000005171989386e+02
3.5000005171989943e+02
3.5000005171990063e+02
3.5000005171989636e+02
3.5000005171989818e+02
3.5000005171990063e+02
3.5000005171989534e+02
3.5000005171989750e+02
3.5000005171989670e+02
3.5000005171989852e+02
3.5000005171989778e+02
3.5000005171990244e+02
3.5000005171990097e+02
3.5000005171990091e+02
3.5000005171989346e+02
3.5000005171989778e+02
3.5000005171990063e+02
3.5000005171989767e+02
3.5000005171990085e+02
3.5000005171989187e+02
3.5000005171990023e+02
3.5000005171990551e+02
3.5000005171989619e+02
3.5000005171989193e+02
3.5000005171990165e+02
3.5000005171989494e+02
3.5000005171989244e+02
3.5000005171989193e+02
3.5000005171990347e+02
3.5000005171990085e+02
3.5000005171989409e+02
3.5000005171989727e+02
3.5000005171989176e+02
3.5000005171989255e+02
3.5000005171989773e+02
3.5000005171990176e+02
3.5000005171989733e+02
3.5000005171989648e+02
3.5000005171989358e+02
3.5000005171989346e+02
3.5000005171989022e+02
3.5000005171989608e+02
3.5000005171989739e+02
3.5000005171990301e+02
3.5000005171989744e+02
3.5000005171989778e+02
3.5000005171989835e+02
3.5000005171989454e+02
3.5000005171989983e+02
3.5000005171989528e+02
3.5000005171989886e+02
3.5000005171989790e+02
3.5000005171990028e+02
3.5000005171990131e+02
3.5000005171989790e+02
3.5000005171989648e+02
3.5000005171989773e+02
3.5000005171989341e+02
3.5000005171990671e+02
3.5000005171990267e+02
3.5000005171989267e+02
3.5000005171989847e+02
3.5000005171990011e+02
3.5000005171989665e+02
3.5000005171989989e+02
3.5000005171990267e+02
3.5000005171989528e+02
3.5000005171990097e+02
3.5000005171989176e+02
3.5000005171989852e+02
3.5000005171989733e+02
3.5000005171990216e+02
3.5000005171989915e+02
3.5000005171989659e+02
3.5000005171990080e+02
3.5000005171990040e+02
3.5000005171989460e+02
3.5000005171989193e+02
3.5000005171989818e+02
3.5000005171989892e+02
3.5000005171989676e+02
3.5000005171989363e+02
3.5000005171989369e+02
3.5000005171989397e+02
3.5000005171989852e+02
3.5000005171989557e+02
3.5000005171989648e+02
3.5000005171989943e+02
3.5000005171988835e+02
3.5000005171990165e+02
3.5000005171989579e+02
3.5000005171988738e+02
3.5000005171989937e+02
3.5000005171989199e+02
3.5000005171989841e+02
3.5000005171988892e+02
