0.0000000000000000e+00
-3.5000000000916984e+01
-7.0000000000498062e+01
-1.0501392466388170e+02
-1.4000000000446187e+02
-1.7499999158791027e+02
-2.1001390782981207e+02
-2.4504175715365102e+02
-2.8000000001821604e+02
-3.1500000027886176e+02
-3.5000000788680995e+02
-3.5000739885016606e+02
-3.4999999493238016e+02
-3.4999999174394111e+02
-3.4999999187279462e+02
-3.4999999187299989e+02
-3.4999999187302308e+02
-3.4999999187297942e+02
-3.4999999187298971e+02
-3.4999999187292576e+02
-3.4999999187302916e+02
-3.4999999187292889e+02
-3.4999999187295168e+02
-3.4999999187294856e+02
-3.4999999187291792e+02
-3.4999999187294895e+02
-3.4999999187292519e+02
-3.4999999187284220e+02
-3.4999999187289370e+02
-3.4999999187299392e+02
-3.4999999187294202e+02
-3.4999999187294520e+02
-3.4999999187289211e+02
-3.4999999187288762e+02
-3.4999999187285897e+02
-3.4999999187287347e+02
-3.4999999187287699e+02
-3.4999999187286267e+02
-3.4999999187286244e+02
-3.4999999187281884e+02
-3.4999999187283709e+02
-3.4999999187281901e+02
-3.4999999187291314e+02
-3.4999999187292792e+02
-3.4999999187288381e+02
-3.4999999187293503e+02
-3.4999999187294708e+02
-3.4999999187298482e+02
-3.4999999187300227e+02
-3.4999999187293798e+02
-3.4999999187282805e+02
-3.4999999187292713e+02
-3.4999999187291940e+02
-3.4999999187293110e+02
-3.4999999187283066e+02
-3.4999999187278092e+02
-3.4999999187280838e+02
-3.4999999187277615e+02
-3.4999999187283066e+02
-3.4999999187284038e+02
-3.4999999187278127e+02
-3.4999999187279752e+02
-3.4999999187284607e+02
-3.4999999187288262e+02
-3.4999999187295225e+02
-3.4999999187295043e+02
-3.4999999187298471e+02
-3.4999999187291473e+02
-3.4999999187294134e+02
-3.4999999187295384e+02
-3.4999999187284914e+02
-3.4999999187296385e+02
-3.4999999187293406e+02
-3.4999999187291451e+02
-3.4999999187284811e+02
-3.4999999187285891e+02
-3.4999999187283629e+02
-3.4999999187282378e+02
-3.4999999187282020e+02
-3.4999999187274079e+02
-3.4999999187274904e+02
-3.4999999187270413e+02
-3.4999999187283998e+02
-3.4999999187280713e+02
-3.4999999187273852e+02
-3.4999999187271942e+02
-3.4999999187266565e+02
-3.4999999187256583e+02
-3.4999999187255133e+02
-3.4999999187244998e+02
-3.4999999187248261e+02
-3.4999999187239501e+02
-3.4999999187249261e+02
-3.4999999187258862e+02
-3.4999999187269043e+02
-3.4999999187265314e+02
-3.4999999187259601e+02
-3.4999999187253616e+02
-3.4999999187244782e+02
-3.4999999187242184e+02
-3.4999999187241650e+02
-3.4999999187242702e+02
-3.4999999187243600e+02
-3.4999999187255759e+02
-3.4999999187256628e+02
-3.4999999187248716e+02
-3.4999999187256549e+02
-3.4999999187253036e+02
-3.4999999187257799e+02
-3.4999999187246573e+02
-3.4999999187247414e+02
-3.4999999187246112e+02
-3.4999999187240115e+02
-3.4999999187242611e+02
-3.4999999187249614e+02
-3.4999999187250592e+02
-3.4999999187253985e+02
-3.4999999187243407e+02
-3.4999999187246306e+02
-3.4999999187245612e+02
-3.4999999187249546e+02
-3.4999999187250199e+02
-3.4999999187245561e+02
-3.4999999187244413e+02
-3.4999999187243850e+02
-3.4999999187236006e+02
-3.4999999187239200e+02
-3.4999999187241951e+02
-3.4999999187248102e+02
-3.4999999187246294e+02
-3.4999999187249949e+02
-3.4999999187249841e+02
-3.4999999187257964e+02
-3.4999999187258607e+02
-3.4999999187266820e+02
-3.4999999187258686e+02
-3.4999999187259778e+02
-3.4999999187266860e+02
-3.4999999187265502e+02
-3.4999999187265769e+02
-3.4999999187267423e+02
-3.4999999187259914e+02
-3.4999999187254156e+02
-3.4999999187251063e+02
-3.4999999187252610e+02
-3.4999999187244538e+02
-3.4999999187244316e+02
-3.4999999187242338e+02
-3.4999999187238922e+02
-3.4999999187242355e+02
-3.4999999187238529e+02
-3.4999999187242224e+02
-3.4999999187235727e+02
-3.4999999187229048e+02
-3.4999999187237148e+02
-3.4999999187231907e+02
-3.4999999187233897e+02
-3.4999999187234846e+02
-3.4999999187235295e+02
-3.4999999187232595e+02
-3.4999999187240138e+02
