0.0000000000000000e+00
-4.5937191153597474e-12
3.3845626014860897e-10
-5.5695103799396264e-03
3.4196507461057566e-09
2.6653900869497897e-06
-5.5641819439682938e-03
-1.6703198738410838e-02
1.3136702053900591e-08
6.4663612521834762e-08
2.0697845011116915e-06
-8.6679351820431933e-04
6.0070890719736493e-05
5.9712726042959762e-05
5.9846846581704136e-05
5.9846917314974491e-05
5.9846886072868625e-05
5.9846918674962060e-05
5.9846903718534925e-05
5.9846972819895409e-05
5.9846862024671692e-05
5.9846953952146317e-05
5.9846938385696210e-05
5.9846954773480461e-05
5.9846989773447971e-05
5.9846935946369367e-05
5.9846967163408140e-05
5.9847049842210462e-05
5.9847007755845660e-05
5.9846912675886482e-05
5.9846954036354104e-05
5.9846957800260635e-05
5.9847002200183068e-05
5.9847006301362913e-05
5.9847039957254903e-05
5.9847030101504519e-05
5.9847028033659986e-05
5.9847021288708865e-05
5.9847030417177652e-05
5.9847078682832254e-05
5.9847057388555928e-05
5.9847064492706604e-05
5.9846978015304399e-05
5.9846967380886492e-05
5.9847009977040175e-05
5.9846961013461764e-05
5.9846957399760744e-05
5.9846907589793775e-05
5.9846885885002965e-05
5.9846947553611945e-05
5.9847065370117608e-05
5.9846976821588327e-05
5.9846974107140812e-05
5.9846969859978524e-05
5.9847051600380833e-05
5.9847120808977742e-05
5.9847094627366196e-05
5.9847122714024372e-05
5.9847056480450638e-05
5.9847052064825289e-05
5.9847114854395219e-05
5.9847098147715647e-05
5.9847054905559183e-05
5.9847024799722224e-05
5.9846941553114592e-05
5.9846947952415535e-05
5.9846920700786433e-05
5.9847001123830438e-05
5.9846957766988124e-05
5.9846937676892969e-05
5.9847051328153064e-05
5.9846944369288914e-05
5.9846963706658375e-05
5.9846977703329954e-05
5.9847055255304867e-05
5.9847041139657285e-05
5.9847066116306472e-05
5.9847084765314151e-05
5.9847071877321665e-05
5.9847148395937030e-05
5.9847149265719750e-05
5.9847194688735373e-05
5.9847058047001719e-05
5.9847098472689975e-05
5.9847156348870609e-05
5.9847192367017590e-05
5.9847257704876378e-05
5.9847337176738202e-05
5.9847343241928442e-05
5.9847446225485217e-05
5.9847403006452901e-05
5.9847490725902938e-05
5.9847400069775761e-05
5.9847309319421766e-05
5.9847205435890004e-05
5.9847240175646777e-05
5.9847297662559394e-05
5.9847364596886155e-05
5.9847442992452059e-05
5.9847473520193052e-05
5.9847483111325709e-05
5.9847470718049633e-05
5.9847459602473800e-05
5.9847332914202822e-05
5.9847327629060232e-05
5.9847405130391059e-05
5.9847326334992189e-05
5.9847357274973899e-05
5.9847312230052432e-05
5.9847428068743963e-05
5.9847436626088270e-05
5.9847441067625536e-05
5.9847481844034736e-05
5.9847484743380653e-05
5.9847406455463875e-05
5.9847396260418316e-05
5.9847354249873405e-05
5.9847467332221218e-05
5.9847443604783323e-05
5.9847444264384861e-05
5.9847388654697880e-05
5.9847387548231955e-05
5.9847436161951464e-05
5.9847462471714839e-05
5.9847450895942882e-05
5.9847546918785635e-05
5.9847518470892593e-05
5.9847476039913270e-05
5.9847405831978345e-05
5.9847437273649335e-05
5.9847400389883857e-05
5.9847403719156601e-05
5.9847328219955255e-05
5.9847314634821938e-05
5.9847237998693085e-05
5.9847307318000662e-05
5.9847297615714257e-05
5.9847221290299654e-05
5.9847237805035251e-05
5.9847235755714008e-05
5.9847223766964937e-05
5.9847288940984242e-05
5.9847351348062865e-05
5.9847399921117149e-05
5.9847390101859640e-05
5.9847445112581448e-05
5.9847450880068698e-05
5.9847460088954102e-05
5.9847494211091713e-05
5.9847474658105408e-05
5.9847513159241186e-05
5.9847467836735495e-05
5.9847543582436128e-05
5.9847593383030373e-05
5.9847529672141161e-05
5.9847576353786743e-05
5.9847541407281242e-05
5.9847547403594768e-05
5.9847526423315256e-05
5.9847563750226593e-05
5.9847482712197469e-05
