0.0000000000000000e+00
-4.5937191153597474e-12
3.3845626014860897e-10
-5.5695103916527638e-03
3.4463623492018332e-09
2.6654550985419521e-06
-5.5641818773666434e-03
-1.6703198658263505e-02
1.3187019824698289e-08
6.4677488547936178e-08
2.0698062325641737e-06
-8.6679350870255917e-04
6.0070885363965043e-05
5.9712732009170761e-05
5.9846846606176828e-05
5.9846889764413761e-05
5.9846861858018874e-05
5.9846920341339776e-05
5.9846920123582777e-05
5.9846970850815630e-05
5.9846866556967658e-05
5.9846981444142911e-05
5.9846944094564376e-05
5.9846939457259594e-05
5.9846972736720209e-05
5.9846960611279604e-05
5.9846973352071844e-05
5.9847051200677363e-05
5.9847002782239437e-05
5.9846898140303119e-05
5.9846951341932744e-05
5.9846941829620345e-05
5.9847009389362102e-05
5.9847007328425476e-05
5.9847043946557959e-05
5.9847019870489678e-05
5.9847007935569571e-05
5.9847047121970088e-05
5.9847040744407500e-05
5.9847070105897946e-05
5.9847066291705454e-05
5.9847089369578860e-05
5.9846978483815934e-05
5.9846971070087300e-05
5.9847019635473618e-05
5.9846975025498541e-05
5.9846952456924219e-05
5.9846925545713593e-05
5.9846910521364627e-05
5.9846962505998862e-05
5.9847067476318917e-05
5.9846971849209692e-05
5.9846979178729150e-05
5.9846951845596519e-05
5.9847071113492602e-05
5.9847099461039758e-05
5.9847090306072785e-05
5.9847120721870934e-05
5.9847075382754677e-05
5.9847063579786413e-05
5.9847112933108365e-05
5.9847096440033041e-05
5.9847047572538375e-05
5.9847005775974518e-05
5.9846948917559095e-05
5.9846938963239581e-05
5.9846907879207579e-05
5.9846970326386958e-05
5.9846951614468963e-05
5.9846950693769703e-05
5.9847051029817990e-05
5.9846918329006266e-05
5.9846962943846517e-05
5.9846986934449519e-05
5.9847045204635396e-05
5.9847036886830787e-05
5.9847066221477105e-05
5.9847069603538209e-05
5.9847089233044142e-05
5.9847156498011102e-05
5.9847147540477643e-05
5.9847197742402034e-05
5.9847057248359934e-05
5.9847088474855980e-05
5.9847150535244519e-05
5.9847168834955360e-05
5.9847221585036193e-05
5.9847323494758451e-05
5.9847337799063838e-05
5.9847456825535602e-05
5.9847422148481378e-05
5.9847504151540567e-05
5.9847398728580587e-05
5.9847319452461633e-05
5.9847214984690963e-05
5.9847241775751883e-05
5.9847305245441484e-05
5.9847346196402280e-05
5.9847446648222569e-05
5.9847478045681191e-05
5.9847487133371020e-05
5.9847469365330997e-05
5.9847461330215638e-05
5.9847338042927626e-05
5.9847327229742934e-05
5.9847402135088485e-05
5.9847335071960769e-05
5.9847376500260932e-05
5.9847337863514711e-05
5.9847435631286278e-05
5.9847411008591580e-05
5.9847433000034094e-05
5.9847504838105427e-05
5.9847462213786740e-05
5.9847390873530494e-05
5.9847389377683022e-05
5.9847361076333537e-05
5.9847464550000997e-05
5.9847432961792982e-05
5.9847439553708940e-05
5.9847413113606981e-05
5.9847404267265881e-05
5.9847439801084614e-05
5.9847462844638631e-05
5.9847478330849455e-05
5.9847517917050573e-05
5.9847494618268568e-05
5.9847485817594126e-05
5.9847425198192761e-05
5.9847436460149813e-05
5.9847405900627432e-05
5.9847389434059874e-05
5.9847315056468895e-05
5.9847296073844625e-05
5.9847222218041851e-05
5.9847312889163219e-05
5.9847311201671960e-05
5.9847239994952573e-05
5.9847244977562607e-05
5.9847249511022789e-05
5.9847228997779924e-05
5.9847302390508498e-05
5.9847348890331879e-05
5.9847374680410895e-05
5.9847355841661623e-05
5.9847457699197869e-05
5.9847450053278565e-05
5.9847480985186004e-05
5.9847515779615122e-05
5.9847474959054642e-05
5.9847508702600637e-05
5.9847480305576681e-05
5.9847540564553025e-05
5.9847601613028978e-05
5.9847529707824639e-05
5.9847576833055135e-05
5.9847555117009060e-05
5.9847554362932456e-05
5.9847550569585614e-05
5.9847581012641256e-05
5.9847492666617983e-05
