0.0000000000000000e+00
3.5000000000912415e+01
7.0000000000836536e+01
1.0500835515349588e+02
1.4000000000789487e+02
1.7499999425333277e+02
2.1000834364790137e+02
2.4502505395495271e+02
2.8000000003137774e+02
3.1500000034353246e+02
3.5000000995660531e+02
3.5000653205665265e+02
3.5000005500326819e+02
3.5000005145667041e+02
3.5000005171964119e+02
3.5000005171990330e+02
3.5000005171989710e+02
3.5000005171989892e+02
3.5000005171990148e+02
3.5000005171989778e+02
3.5000005171989363e+02
3.5000005171989665e+02
3.5000005171989289e+02
3.5000005171989585e+02
3.5000005171989898e+02
3.5000005171989727e+02
3.5000005171989557e+02
3.5000005171989289e+02
3.5000005171989903e+02
3.5000005171989943e+02
3.5000005171989454e+02
3.5000005171989483e+02
3.5000005171989801e+02
3.5000005171989460e+02
3.5000005171990108e+02
3.5000005171989847e+02
3.5000005171989511e+02
3.5000005171989676e+02
3.5000005171989812e+02
3.5000005171989318e+02
3.5000005171989886e+02
3.5000005171989619e+02
3.5000005171989125e+02
3.5000005171989716e+02
3.5000005171989835e+02
3.5000005171990307e+02
3.5000005171990182e+02
3.5000005171990153e+02
3.5000005171990045e+02
3.5000005171989318e+02
3.5000005171989443e+02
3.5000005171990142e+02
3.5000005171989608e+02
3.5000005171989164e+02
3.5000005171989181e+02
3.5000005171989119e+02
3.5000005171990074e+02
3.5000005171989807e+02
3.5000005171989659e+02
3.5000005171989807e+02
3.5000005171989528e+02
3.5000005171989505e+02
3.5000005171989767e+02
3.5000005171989778e+02
3.5000005171989750e+02
3.5000005171989386e+02
3.5000005171989886e+02
3.5000005171990034e+02
3.5000005171989608e+02
3.5000005171989824e+02
3.5000005171990045e+02
3.5000005171989523e+02
3.5000005171989733e+02
3.5000005171989676e+02
3.5000005171989852e+02
3.5000005171989824e+02
3.5000005171990267e+02
3.5000005171990097e+02
3.5000005171990091e+02
3.5000005171989341e+02
3.5000005171989744e+02
3.5000005171990028e+02
3.5000005171989767e+02
3.5000005171990045e+02
3.5000005171989210e+02
3.5000005171990000e+02
3.5000005171990517e+02
3.5000005171989619e+02
3.5000005171989181e+02
3.5000005171990165e+02
3.5000005171989534e+02
3.5000005171989238e+02
3.5000005171989204e+02
3.5000005171990313e+02
3.5000005171990068e+02
3.5000005171989409e+02
3.5000005171989773e+02
3.5000005171989153e+02
3.5000005171989244e+02
3.5000005171989750e+02
3.5000005171990188e+02
3.5000005171989710e+02
3.5000005171989636e+02
3.5000005171989312e+02
3.5000005171989392e+02
3.5000005171989073e+02
3.5000005171989619e+02
3.5000005171989761e+02
3.5000005171990335e+02
3.5000005171989778e+02
3.5000005171989790e+02
3.5000005171989824e+02
3.5000005171989466e+02
3.5000005171989983e+02
3.5000005171989517e+02
3.5000005171989886e+02
3.5000005171989756e+02
3.5000005171990000e+02
3.5000005171990142e+02
3.5000005171989790e+02
3.5000005171989642e+02
3.5000005171989790e+02
3.5000005171989363e+02
3.5000005171990654e+02
3.5000005171990301e+02
3.5000005171989255e+02
3.5000005171989864e+02
3.5000005171990051e+02
3.5000005171989659e+02
3.5000005171989989e+02
3.5000005171990267e+02
3.5000005171989523e+02
3.5000005171990114e+02
3.5000005171989119e+02
3.5000005171989864e+02
3.5000005171989721e+02
3.5000005171990227e+02
3.5000005171989949e+02
3.5000005171989648e+02
3.5000005171990040e+02
3.5000005171990057e+02
3.5000005171989466e+02
3.5000005171989193e+02
3.5000005171989790e+02
3.5000005171989886e+02
3.5000005171989676e+02
3.5000005171989352e+02
3.5000005171989403e+02
3.5000005171989432e+02
3.5000005171989824e+02
3.5000005171989619e+02
3.5000005171989602e+02
3.5000005171989949e+02
3.5000005171988801e+02
3.5000005171990119e+02
3.5000005171989579e+02
3.5000005171988727e+02
3.5000005171989949e+02
3.5000005171989130e+02
3.5000005171989824e+02
3.5000005171988909e+02
