0.0000000000000000e+00
0.0000000000000000e+00
0.0000000000000000e+00
0.0000000000000000e+00
0.0000000000000000e+00
0.0000000000000000e+00
0.0000000000000000e+00
-5.1282080241063871e-02
-3.8264401951109528e-01
-9.8331246607657941e-01
-1.8429294914910515e+00
-2.3874322036752389e+00
-2.6289423901646223e+00
-2.6289423901646223e+00
-2.6289423901646223e+00
-2.6289423901646223e+00
-2.6289423901646223e+00
-2.6289423901646223e+00
-2.6289423901646223e+00
-2.6289423901646223e+00
-2.6289423901646223e+00
-2.6289423901646223e+00
-2.6289423901646223e+00
-2.6289423901646223e+00
-2.6289423901646223e+00
-2.6289423901646223e+00
-2.6289423901646223e+00
-2.6282169235041359e+00
-2.3454690849148911e+00
-1.7915448150290150e+00
-9.7687397373963325e-01
-4.7558703603956348e-01
-2.7563279176970490e-01
-2.7563279176970490e-01
-2.7563279176970490e-01
-2.7563279176970490e-01
-2.7563279176970507e-01
-2.7563279176970507e-01
-2.7563279176970507e-01
-2.7563279176970484e-01
-2.7563279176970484e-01
-2.7563279176970484e-01
-2.7563279176970479e-01
-2.7563279176970479e-01
-2.7563279176970484e-01
-2.7563279176970473e-01
-2.7563279176970473e-01
-2.7563279176970473e-01
-4.6259744535152009e-01
-9.2442293786067875e-01
-1.6505371197634737e+00
-2.0666716771059894e+00
-2.1847509084783305e+00
-2.1847509084783305e+00
-2.1847509084783305e+00
-2.1847509084783305e+00
-2.1847509084783305e+00
-2.1847509084783305e+00
-2.1847509084783305e+00
-2.1847509084783305e+00
-2.1847509084783305e+00
-2.1847509084783305e+00
-2.1847509084783305e+00
-2.1847509084783305e+00
-2.1847509084783305e+00
-2.1847509084783305e+00
-2.1847509084783305e+00
-2.1847509084783305e+00
-2.0292001837107856e+00
-1.5975815652571397e+00
-9.0051230955210426e-01
-5.1230378874521731e-01
-4.2107875798780947e-01
-4.2107875798780947e-01
-4.2107875798780958e-01
-4.2107875798780958e-01
-4.2107875798780958e-01
-4.2107875798780942e-01
-4.2107875798780897e-01
-4.2107875798780897e-01
-4.2107875798780897e-01
-4.2107875798780892e-01
-4.2107875798780914e-01
-4.2107875798780892e-01
-4.2107875798780880e-01
-4.2107875798780903e-01
-4.2107875798780903e-01
-4.2107875798780903e-01
-5.0069865697779103e-01
-8.5930843149709446e-01
-1.4861767284056426e+00
-1.8068825228858341e+00
-1.8332033013359805e+00
-1.8332033013359805e+00
-1.8332033013359805e+00
-1.8332033013359805e+00
-1.8332033013359805e+00
-1.8332033013359805e+00
-1.8332033013359805e+00
-1.8332033013359805e+00
-1.8332033013359805e+00
-1.8332033013359805e+00
-1.8332033013359805e+00
-1.8332033013359805e+00
-1.8332033013359805e+00
-1.8332033013359805e+00
-1.8332033013359805e+00
-1.8332033013359805e+00
-1.7726421019347016e+00
-1.4323598508468378e+00
-8.2311402345214979e-01
-5.1935108345641356e-01
-5.0932370184144071e-01
-5.0932370184144049e-01
-5.0932370184144049e-01
-5.0932370184144049e-01
-5.0932370184144027e-01
-5.0932370184144027e-01
-5.0932370184144038e-01
-5.0932370184144027e-01
-5.0932370184143994e-01
-5.0932370184143982e-01
-5.0932370184143994e-01
-5.0932370184143982e-01
-5.0932370184143982e-01
-5.0932370184143982e-01
-5.0932370184143982e-01
-5.0932370184143982e-01
-5.0932370184143982e-01
-7.9122409576212160e-01
-1.3443333723276574e+00
-1.5941170113000709e+00
-1.5941170113000709e+00
-1.5941170113000709e+00
-1.5941170113000709e+00
-1.5941170113000709e+00
-1.5941170113000709e+00
-1.5941170113000709e+00
-1.5941170113000709e+00
-1.5941170113000709e+00
-1.5941170113000709e+00
-1.5941170113000709e+00
-1.5941170113000709e+00
-1.5941170113000709e+00
-1.5941170113000709e+00
-1.5941170113000709e+00
-1.5941170113000709e+00
-1.5941170113000709e+00
-1.5941170113000709e+00
-1.3232852765752314e+00
-7.8081887243454307e-01
-5.4126689840716902e-01
-5.4126689840716902e-01
-5.4126689840716891e-01
-5.4126689840716891e-01
-5.4126689840716868e-01
-5.4126689840716868e-01
-5.4126689840716868e-01
-5.4126689840716868e-01
-5.4126689840716835e-01
-5.4126689840716813e-01
