0.0000000000000000e+00
0.0000000000000000e+00
0.0000000000000000e+00
0.0000000000000000e+00
0.0000000000000000e+00
0.0000000000000000e+00
0.0000000000000000e+00
2.5641040120523553e-02
1.9132200975554517e-01
4.9165623303834338e-01
9.2146474574561466e-01
1.1937161018378104e+00
1.3144711950825350e+00
1.3144711950825372e+00
1.3144711950825372e+00
1.3144711950825401e+00
1.3144711950825405e+00
1.3144711950825383e+00
1.3144711950825383e+00
1.3144711950825374e+00
1.3144711950825367e+00
1.3144711950825378e+00
1.3144711950825334e+00
1.3144711950825303e+00
1.3144711950825294e+00
1.3144711950825312e+00
1.3144711950825345e+00
1.3141084617522891e+00
1.1727345424577249e+00
8.9577240751493636e-01
4.8843698687038345e-01
2.3779351802043264e-01
1.3781639588555983e-01
1.3781639588555958e-01
1.3781639588555955e-01
1.3781639588555961e-01
1.3781639588555963e-01
1.3781639588555980e-01
1.3781639588555966e-01
1.3781639588555961e-01
1.3781639588555944e-01
1.3781639588555927e-01
1.3781639588555919e-01
1.3781639588555941e-01
1.3781639588555922e-01
1.3781639588555916e-01
1.3781639588555944e-01
1.3781639588555933e-01
2.3129872267653798e-01
4.6221146893120502e-01
8.2526855988276648e-01
1.0333358385541145e+00
1.0923754542403201e+00
1.0923754542403195e+00
1.0923754542403210e+00
1.0923754542403201e+00
1.0923754542403197e+00
1.0923754542403217e+00
1.0923754542403210e+00
1.0923754542403206e+00
1.0923754542403208e+00
1.0923754542403212e+00
1.0923754542403188e+00
1.0923754542403186e+00
1.0923754542403183e+00
1.0923754542403175e+00
1.0923754542403163e+00
1.0923754542403172e+00
1.0146000918566329e+00
7.9879078262996250e-01
4.5025615477770320e-01
2.5615189437439384e-01
2.1053937899572853e-01
2.1053937899572825e-01
2.1053937899572847e-01
2.1053937899572850e-01
2.1053937899572830e-01
2.1053937899572814e-01
2.1053937899572803e-01
2.1053937899572783e-01
2.1053937899572772e-01
2.1053937899572817e-01
2.1053937899572825e-01
2.1053937899572847e-01
2.1053937899572847e-01
2.1053937899572861e-01
2.1053937899572850e-01
2.1053937899572839e-01
2.5034932849075986e-01
4.2965421575059931e-01
7.4308836420515334e-01
9.0344126144539660e-01
9.1660165067048294e-01
9.1660165067048394e-01
9.1660165067048549e-01
9.1660165067048682e-01
9.1660165067048816e-01
9.1660165067048682e-01
9.1660165067048549e-01
9.1660165067048427e-01
9.1660165067048271e-01
9.1660165067048105e-01
9.1660165067048305e-01
9.1660165067048172e-01
9.1660165067048172e-01
9.1660165067048083e-01
9.1660165067048205e-01
9.1660165067048216e-01
8.8632105096987701e-01
7.1617992542610043e-01
4.1155701172893694e-01
2.5967554173114887e-01
2.5466185092366689e-01
2.5466185092366672e-01
2.5466185092366733e-01
2.5466185092366767e-01
2.5466185092366789e-01
2.5466185092366789e-01
2.5466185092366778e-01
2.5466185092366811e-01
2.5466185092366822e-01
2.5466185092366822e-01
2.5466185092366800e-01
2.5466185092366772e-01
2.5466185092366733e-01
2.5466185092366728e-01
2.5466185092366722e-01
2.5466185092366739e-01
2.5466185092366755e-01
3.9561204788402726e-01
6.7216668616685571e-01
7.9705850565309133e-01
7.9705850565309333e-01
7.9705850565309277e-01
7.9705850565309255e-01
7.9705850565309233e-01
7.9705850565309211e-01
7.9705850565309300e-01
7.9705850565309355e-01
7.9705850565309544e-01
7.9705850565309533e-01
7.9705850565309655e-01
7.9705850565309588e-01
7.9705850565309699e-01
7.9705850565309699e-01
7.9705850565309833e-01
7.9705850565309866e-01
7.9705850565309633e-01
7.9705850565309622e-01
6.6164263829073211e-01
3.9040943622045216e-01
2.7063344920680382e-01
2.7063344920680382e-01
2.7063344920680360e-01
2.7063344920680366e-01
2.7063344920680332e-01
2.7063344920680316e-01
2.7063344920680288e-01
2.7063344920680343e-01
2.7063344920680299e-01
2.7063344920680277e-01
