0.0000000000000000e+00
0.0000000000000000e+00
0.0000000000000000e+00
0.0000000000000000e+00
0.0000000000000000e+00
0.0000000000000000e+00
0.0000000000000000e+00
2.5641040120540363e-02
1.9132200975554997e-01
4.9165623303823786e-01
9.2146474574544290e-01
1.1937161018374398e+00
1.3144711950821040e+00
1.3144711950821049e+00
1.3144711950821044e+00
1.3144711950821071e+00
1.3144711950821080e+00
1.3144711950821075e+00
1.3144711950821080e+00
1.3144711950821077e+00
1.3144711950821073e+00
1.3144711950821066e+00
1.3144711950821029e+00
1.3144711950821000e+00
1.3144711950821000e+00
1.3144711950821006e+00
1.3144711950821031e+00
1.3141084617518568e+00
1.1727345424571771e+00
8.9577240751409448e-01
4.8843698686927450e-01
2.3779351801915927e-01
1.3781639588417527e-01
1.3781639588417513e-01
1.3781639588417496e-01
1.3781639588417499e-01
1.3781639588417499e-01
1.3781639588417513e-01
1.3781639588417496e-01
1.3781639588417496e-01
1.3781639588417496e-01
1.3781639588417485e-01
1.3781639588417471e-01
1.3781639588417491e-01
1.3781639588417469e-01
1.3781639588417469e-01
1.3781639588417488e-01
1.3781639588417488e-01
2.3129872267501320e-01
4.6221146892950971e-01
8.2526855988074854e-01
1.0333358385519209e+00
1.0923754542380593e+00
1.0923754542380595e+00
1.0923754542380608e+00
1.0923754542380602e+00
1.0923754542380604e+00
1.0923754542380626e+00
1.0923754542380613e+00
1.0923754542380606e+00
1.0923754542380602e+00
1.0923754542380599e+00
1.0923754542380575e+00
1.0923754542380584e+00
1.0923754542380575e+00
1.0923754542380575e+00
1.0923754542380562e+00
1.0923754542380573e+00
1.0146000918541982e+00
7.9879078262722791e-01
4.5025615477445941e-01
2.5615189437088731e-01
2.1053937899214525e-01
2.1053937899214514e-01
2.1053937899214531e-01
2.1053937899214520e-01
2.1053937899214498e-01
2.1053937899214489e-01
2.1053937899214481e-01
2.1053937899214475e-01
2.1053937899214475e-01
2.1053937899214503e-01
2.1053937899214517e-01
2.1053937899214528e-01
2.1053937899214534e-01
2.1053937899214550e-01
2.1053937899214514e-01
2.1053937899214492e-01
2.5034932848709707e-01
4.2965421574656504e-01
7.4308836420056679e-01
9.0344126144051673e-01
9.1660165066557331e-01
9.1660165066557420e-01
9.1660165066557631e-01
9.1660165066557764e-01
9.1660165066557797e-01
9.1660165066557631e-01
9.1660165066557542e-01
9.1660165066557431e-01
9.1660165066557275e-01
9.1660165066557142e-01
9.1660165066557209e-01
9.1660165066557209e-01
9.1660165066557098e-01
9.1660165066557042e-01
9.1660165066557187e-01
9.1660165066557142e-01
8.8632105096490099e-01
7.1617992542081477e-01
4.1155701172329656e-01
2.5967554172535212e-01
2.5466185091786175e-01
2.5466185091786164e-01
2.5466185091786231e-01
2.5466185091786259e-01
2.5466185091786292e-01
2.5466185091786281e-01
2.5466185091786253e-01
2.5466185091786292e-01
2.5466185091786298e-01
2.5466185091786292e-01
2.5466185091786264e-01
2.5466185091786253e-01
2.5466185091786198e-01
2.5466185091786214e-01
2.5466185091786209e-01
2.5466185091786214e-01
2.5466185091786236e-01
3.9561204787818749e-01
6.7216668616089814e-01
7.9705850564707503e-01
7.9705850564707581e-01
7.9705850564707548e-01
7.9705850564707514e-01
7.9705850564707481e-01
7.9705850564707514e-01
7.9705850564707570e-01
7.9705850564707537e-01
7.9705850564707581e-01
7.9705850564707714e-01
7.9705850564707714e-01
7.9705850564707603e-01
7.9705850564707759e-01
7.9705850564707725e-01
7.9705850564707825e-01
7.9705850564707759e-01
7.9705850564707703e-01
7.9705850564707725e-01
6.6164263828460190e-01
3.9040943621419777e-01
2.7063344920047389e-01
2.7063344920047394e-01
2.7063344920047383e-01
2.7063344920047355e-01
2.7063344920047316e-01
2.7063344920047311e-01
2.7063344920047261e-01
2.7063344920047316e-01
2.7063344920047300e-01
2.7063344920047266e-01
