0.0000000000000000e+00
-4.0000000002097868e-04
-8.0000000001612494e-04
-1.2001600640391729e-03
-1.6000000001420945e-03
-1.9999998721693217e-03
-2.4001598081227035e-03
-2.8076923695731061e-03
-3.2573985316128075e-03
-3.7474986372210686e-03
-4.2764410544084020e-03
-3.9581148310052902e-03
-3.5943436251481800e-03
-3.1943429435771398e-03
-2.7945021985796735e-03
-2.3943413586653989e-03
-1.9943405834001167e-03
-1.5944997447822390e-03
-1.1943413586634846e-03
-7.9434303523053754e-04
-3.9434135854131094e-04
5.6586414593226375e-06
4.0565864145893722e-04
8.0549870543011025e-04
1.2056586413337973e-03
1.6056585133118562e-03
2.0054984493643388e-03
2.4057674612202621e-03
2.8481776813106649e-03
3.3312664533573792e-03
3.8534672139023990e-03
3.5286619441392141e-03
3.1586528574165497e-03
2.7586540104580877e-03
2.3584951003948083e-03
1.9586550810941697e-03
1.5586551258006953e-03
1.1584951065157444e-03
7.5865508109372278e-04
3.5865511967514185e-04
-4.1344918781851018e-05
-4.4134491878109903e-04
-8.4134491878133080e-04
-1.2415049828092019e-03
-1.6413449189065072e-03
-2.0413447909288095e-03
-2.4415047268767790e-03
-2.8413449189060099e-03
-3.2693904764651161e-03
-3.7386652836725728e-03
-4.2475822684250875e-03
-3.9100007520180991e-03
-3.5277148308736472e-03
-3.1277130182385832e-03
-2.7278711430801590e-03
-2.3277126364111170e-03
-1.9277141925244691e-03
-1.5278756834206512e-03
-1.1277126364156518e-03
-7.2770965582395883e-04
-3.2771263628707985e-04
7.2287363711139718e-05
4.7228736371192836e-04
8.7212742768517102e-04
1.2722873635881453e-03
1.6722872355652556e-03
2.0721271716173935e-03
2.4722873635881241e-03
2.8956193774166759e-03
3.3603608762639162e-03
3.8649214035665937e-03
3.5231544312384275e-03
3.1368360273296473e-03
2.7368379659320407e-03
2.3366798420593050e-03
1.9368381861653865e-03
1.5368365929698746e-03
1.1366749344714562e-03
7.3683818616064242e-04
3.3684150447493377e-04
-6.3161813710372873e-05
-4.6316181371200925e-04
-8.6316181371154854e-04
-1.2633218777381703e-03
-1.6631618138362898e-03
-2.0631616858598910e-03
-2.4633216218083228e-03
-2.8631618138359426e-03
-3.2751049544425251e-03
-3.7288981649464276e-03
-4.2229282624999852e-03
-3.8710323788800336e-03
-3.4749826370526807e-03
-3.0749805152308369e-03
-2.6751383311332663e-03
-2.2749804953358563e-03
-1.8749827217837130e-03
-1.4751448824790866e-03
-1.0749804953413562e-03
-6.7497617568915104e-04
-2.7498049521126536e-04
1.2501950478689122e-04
5.2501950478761692e-04
9.2485956876017632e-04
1.3250195046631678e-03
1.7250193766400416e-03
2.1248593126917681e-03
2.5250195046616656e-03
2.9341035945180944e-03
3.3851440843558627e-03
3.8765311010265260e-03
3.5220973370340925e-03
3.1235993335825226e-03
2.7236014425013788e-03
2.3234434890808120e-03
1.9236014445884462e-03
1.5235994624830294e-03
1.1234374147640516e-03
7.2360144458296543e-04
3.2360554164963983e-04
-7.6398555286680606e-05
-4.7639855528966278e-04
-8.7639855528879912e-04
-1.2765586193150961e-03
-1.6763985554128335e-03
-2.0763984274365676e-03
-2.4765583633853529e-03
-2.8763985554131765e-03
-3.2763986835715746e-03
-3.7186855553889542e-03
-4.2016517988544156e-03
-3.8391175521417984e-03
-3.4391192462825981e-03
-3.0392808750967885e-03
-2.6391175518361391e-03
-2.2391142952098344e-03
-1.8392709772150602e-03
-1.4391175518271204e-03
-1.0391241851576496e-03
-6.3911755171178132e-04
-2.3911755170772056e-04
1.6088244829094410e-04
5.6088244829112283e-04
9.6072251226339675e-04
1.3608824481658108e-03
1.7608823201434331e-03
2.1607222561956722e-03
2.5608824481656639e-03
2.9608825760063075e-03
3.4015053919033695e-03
3.8828753387429994e-03
3.5188099647903664e-03
3.1188084255108239e-03
2.7186468209708737e-03
2.3188099650965962e-03
1.9188131757617776e-03
1.5186563249688040e-03
1.1188099651051379e-03
7.1880366417522898e-04
3.1880996522183554e-04
-8.1190034774571203e-05
