0.0000000000000000e+00
1.0000000000568904e-04
2.0000000000893988e-04
2.9999000101229645e-04
4.0000000008175190e-04
4.9999999815219468e-04
5.9998999722285398e-04
7.0384614981713705e-04
8.2869813422687235e-04
9.7374827879727658e-04
1.1382195670988035e-03
1.0790574153868165e-03
9.9717048439360847e-04
8.9717058174628730e-04
7.9716067811780257e-04
6.9717067934418181e-04
5.9717068156984218e-04
4.9716068279632541e-04
3.9717067934367124e-04
2.9717067689029840e-04
1.9717067927179887e-04
9.7170679271453735e-05
-2.8293207279475364e-06
-1.0283932172808953e-04
-2.0282932065525972e-04
-3.0282931858234487e-04
-4.0283931750871203e-04
-5.0288373064531896e-04
-6.2408998811095317e-04
-7.6563429399056817e-04
-9.2673459498869874e-04
-8.6433097218689822e-04
-7.7932773490526361e-04
-6.7932760885782903e-04
-5.7933748183525949e-04
-4.7932754053505740e-04
-3.7932760022414490e-04
-2.7933765890070114e-04
-1.7932754053491087e-04
-7.9327423191587291e-05
2.0672459392279291e-05
1.2067245939273667e-04
2.2067245939273435e-04
3.2066246039258759e-04
4.2067245946623619e-04
5.2067245753926333e-04
6.2066245661314347e-04
7.2067245946619458e-04
8.3469473390876327e-04
9.6933155790355032e-04
1.1237901334028532e-03
1.0550003758936024e-03
9.6385612969607465e-04
8.6385629510902227e-04
7.6384645955528065e-04
6.6385631821775683e-04
5.6385617785140283e-04
4.6384603645808619e-04
3.6385631822064528e-04
2.6385660103962478e-04
1.6385631814534190e-04
6.3856318146768024e-05
-3.6143681853575327e-05
-1.3615368285339175e-04
-2.3614368177968405e-04
-3.3614367970549177e-04
-4.3615367863016210e-04
-5.3614368177910560e-04
-6.4781003777798047e-04
-7.8018154357937174e-04
-9.3246172519592478e-04
-8.6157721573004167e-04
-7.6841928198097601e-04
-6.6841910757257060e-04
-5.6842893219892423e-04
-4.6841909306568328e-04
-3.6841925489992857e-04
-2.6842941570154007e-04
-1.6841909306242856e-04
-6.8418771487278570e-05
3.1580906861176552e-05
1.3158090686251156e-04
2.3158090686215151e-04
3.3157090786194849e-04
4.3158090693496434e-04
5.3158090500916226e-04
6.3157090408415240e-04
7.3158090693563489e-04
8.3755238576807729e-04
9.6444796517340518e-04
1.1114630996493745e-03
1.0355161893297283e-03
9.3749006387897874e-04
8.3749024656315171e-04
7.3748042828372272e-04
6.3749024768464102e-04
5.3749006804974320e-04
4.3747988737873804e-04
3.3749024768890744e-04
2.3749060907048982e-04
1.3749024761211271e-04
3.7490247613401241e-05
-6.2509752386332918e-05
-1.6251975338724952e-04
-2.6250975231326926e-04
-3.6250975023976247e-04
-4.6251974916531615e-04
-5.6250975231366090e-04
-6.6705185016679134e-04
-7.9257317659131880e-04
-9.3826660074813417e-04
-8.6104866862751729e-04
-7.6180090717573707e-04
-6.6180072256537379e-04
-5.6181053699204267e-04
-4.6180072227829550e-04
-3.6180090852752807e-04
-2.6181109373975037e-04
-1.6180072227487994e-04
-6.1800351884326607e-05
3.8199277648677600e-05
1.3819927765018760e-04
2.3819927764927450e-04
3.3818927864821406e-04
4.3819927772236996e-04
5.3819927579651676e-04
6.3818927487064258e-04
7.3819927772139312e-04
8.3819927957108176e-04
9.5934163658967556e-04
1.1008248446260115e-03
1.0195587759583144e-03
9.1955867144983302e-04
8.1954856591974067e-04
7.1955877593290920e-04
6.1955898698867089e-04
5.1954919708588809e-04
4.1955877592846200e-04
3.1955835568685199e-04
2.1955877586037076e-04
1.1955877585787558e-04
1.9558775858414757e-05
-8.0441224141468851e-05
-1.8045122514179262e-04
-2.8044122406875328e-04
-3.8044122199528313e-04
-4.8045122092169263e-04
-5.8044122406892163e-04
-6.8044122621679221e-04
-8.0075375934893429e-04
-9.4143874022790854e-04
-8.5940498250857626e-04
-7.5940508030458861e-04
-6.5941517708044222e-04
-5.5940498253564453e-04
-4.5940478902861258e-04
-3.5941459456008694e-04
-2.5940498253999362e-04
-1.5940537144166185e-04
-5.9404982609025256e-05
4.0595017388792304e-05
