0.0000000000000000e+00
1.0000000000565927e-04
2.0000000000928119e-04
2.9999000101309345e-04
4.0000000008233764e-04
4.9999999815223306e-04
5.9998999722191127e-04
7.0384614981790379e-04
8.2869813422674615e-04
9.7374827879674142e-04
1.1382195670986645e-03
1.0790574153855639e-03
9.9717048439304208e-04
8.9717058174564664e-04
7.9716067811822086e-04
6.9717067934371474e-04
5.9717068156955411e-04
4.9716068279546661e-04
3.9717067934292520e-04
2.9717067689030312e-04
1.9717067927160062e-04
9.7170679271179120e-05
-2.8293207283234471e-06
-1.0283932172812515e-04
-2.0282932065612076e-04
-3.0282931858304629e-04
-4.0283931750989993e-04
-5.0288373064629431e-04
-6.2408998811157258e-04
-7.6563429399164912e-04
-9.2673459498954268e-04
-8.6433097218760295e-04
-7.7932773490650210e-04
-6.7932760885877261e-04
-5.7933748183622118e-04
-4.7932754053683381e-04
-3.7932760022578243e-04
-2.7933765890213392e-04
-1.7932754053585171e-04
-7.9327423193168288e-05
2.0672459391075766e-05
1.2067245939141078e-04
2.2067245939169904e-04
3.2066246039143416e-04
4.2067245946515936e-04
5.2067245753956246e-04
6.2066245661397494e-04
7.2067245946500391e-04
8.3469473390762117e-04
9.6933155790345686e-04
1.1237901334023150e-03
1.0550003758935059e-03
9.6385612969552030e-04
8.6385629510825649e-04
7.6384645955439258e-04
6.6385631821705676e-04
5.6385617785155591e-04
4.6384603645753579e-04
3.6385631821985630e-04
2.6385660103868565e-04
1.6385631814468110e-04
6.3856318145376668e-05
-3.6143681854736738e-05
-1.3615368285499848e-04
-2.3614368178126669e-04
-3.3614367970776654e-04
-4.3615367863347580e-04
-5.3614368178106465e-04
-6.4781003778099087e-04
-7.8018154358122584e-04
-9.3246172519826818e-04
-8.6157721573208051e-04
-7.6841928198323874e-04
-6.6841910757446177e-04
-5.6842893220039646e-04
-4.6841909306837156e-04
-3.6841925490435022e-04
-2.6842941570731703e-04
-1.6841909306527578e-04
-6.8418771487622153e-05
3.1580906858233092e-05
1.3158090685979389e-04
2.3158090685907522e-04
3.3157090785899187e-04
4.3158090693307626e-04
5.3158090500741691e-04
6.3157090408169408e-04
7.3158090693271113e-04
8.3755238576520177e-04
9.6444796517031206e-04
1.1114630996464409e-03
1.0355161893272052e-03
9.3749006387603426e-04
8.3749024655980966e-04
7.3748042828032526e-04
6.3749024768172549e-04
5.3749006804615850e-04
4.3747988737513383e-04
3.3749024768570980e-04
2.3749060906829193e-04
1.3749024760945479e-04
3.7490247610941193e-05
-6.2509752389932116e-05
-1.6251975339006295e-04
-2.6250975231658481e-04
-3.6250975024319689e-04
-4.6251974916894389e-04
-5.6250975231671163e-04
-6.6705185016993564e-04
-7.9257317659425092e-04
-9.3826660075050998e-04
-8.6104866862948392e-04
-7.6180090717830457e-04
-6.6180072256761732e-04
-5.6181053699379615e-04
-4.6180072228062502e-04
-3.6180090853030634e-04
-2.6181109374269295e-04
-1.6180072227729540e-04
-6.1800351885813861e-05
3.8199277646204230e-05
1.3819927764783775e-04
2.3819927764715242e-04
3.3818927864624521e-04
4.3819927772054769e-04
5.3819927579516161e-04
6.3818927486989664e-04
7.3819927772092225e-04
8.3819927957103893e-04
9.5934163658973324e-04
1.1008248446256162e-03
1.0195587759575697e-03
9.1955867144914076e-04
8.1954856591910316e-04
7.1955877593150299e-04
6.1955898698666620e-04
5.1954919708350664e-04
4.1955877592687911e-04
3.1955835568623931e-04
2.1955877585910915e-04
1.1955877585615980e-04
1.9558775857193641e-05
-8.0441224143407906e-05
-1.8045122514328651e-04
-2.8044122407010230e-04
-3.8044122199623376e-04
-4.8045122092280204e-04
-5.8044122407077214e-04
-6.8044122621842664e-04
-8.0075375935023153e-04
-9.4143874022876572e-04
-8.5940498250962523e-04
-7.5940508030554802e-04
-6.5941517708201344e-04
-5.5940498253657640e-04
-4.5940478902981171e-04
-3.5941459456145125e-04
-2.5940498254171083e-04
-1.5940537144395762e-04
-5.9404982609804994e-05
4.0595017388228532e-05
