0.0000000000000000e+00
0.0000000000000000e+00
0.0000000000000000e+00
0.0000000000000000e+00
0.0000000000000000e+00
0.0000000000000000e+00
0.0000000000000000e+00
7.6923120361595862e-06
5.7396602926664294e-05
1.4749686991148695e-04
2.7643942372365785e-04
3.5811483055128615e-04
3.9434135852469375e-04
3.9434135852469375e-04
3.9434135852469375e-04
3.9434135852469375e-04
3.9434135852469375e-04
3.9434135852469375e-04
3.9434135852469375e-04
3.9434135852469375e-04
3.9434135852469375e-04
3.9434135852469375e-04
3.9434135852469375e-04
3.9434135852469375e-04
3.9434135852469375e-04
3.9434135852469375e-04
3.9434135852469375e-04
3.9445017852376692e-04
4.3686235431215312e-04
5.1995099479503436e-04
6.4215162098844153e-04
7.1734466164345158e-04
7.4733779828393021e-04
7.4733779828393021e-04
7.4733779828393021e-04
7.4733779828393021e-04
7.4733779828393021e-04
7.4733779828393021e-04
7.4733779828393021e-04
7.4733779828393021e-04
7.4733779828393021e-04
7.4733779828393021e-04
7.4733779828393021e-04
7.4733779828393021e-04
7.4733779828393021e-04
7.4733779828393021e-04
7.4733779828393021e-04
7.4733779828393021e-04
7.7538249632120302e-04
8.4465632019757684e-04
9.5357344748299661e-04
1.0159936310843740e-03
1.0337055157902250e-03
1.0337055157902250e-03
1.0337055157902250e-03
1.0337055157902250e-03
1.0337055157902250e-03
1.0337055157902250e-03
1.0337055157902250e-03
1.0337055157902250e-03
1.0337055157902250e-03
1.0337055157902250e-03
1.0337055157902250e-03
1.0337055157902250e-03
1.0337055157902250e-03
1.0337055157902250e-03
1.0337055157902250e-03
1.0337055157902250e-03
1.0570381245053567e-03
1.1217809172734037e-03
1.2263413056291586e-03
1.2845725837501911e-03
1.2982563383638027e-03
1.2982563383638027e-03
1.2982563383638027e-03
1.2982563383638027e-03
1.2982563383638027e-03
1.2982563383638027e-03
1.2982563383638027e-03
1.2982563383638027e-03
1.2982563383638027e-03
1.2982563383638027e-03
1.2982563383638027e-03
1.2982563383638027e-03
1.2982563383638027e-03
1.2982563383638027e-03
1.2982563383638027e-03
1.2982563383638027e-03
1.3101993232123002e-03
1.3639907893901960e-03
1.4580210339264783e-03
1.5061269030985076e-03
1.5100750198660297e-03
1.5100750198660297e-03
1.5100750198660297e-03
1.5100750198660297e-03
1.5100750198660297e-03
1.5100750198660297e-03
1.5100750198660297e-03
1.5100750198660297e-03
1.5100750198660297e-03
1.5100750198660297e-03
1.5100750198660297e-03
1.5100750198660297e-03
1.5100750198660297e-03
1.5100750198660297e-03
1.5100750198660297e-03
1.5100750198660297e-03
1.5191591997762216e-03
1.5702015374394005e-03
1.6615884115486037e-03
1.7071528525479638e-03
1.7086569597902102e-03
1.7086569597902102e-03
1.7086569597902102e-03
1.7086569597902102e-03
1.7086569597902102e-03
1.7086569597902102e-03
1.7086569597902102e-03
1.7086569597902102e-03
1.7086569597902102e-03
1.7086569597902102e-03
1.7086569597902102e-03
1.7086569597902102e-03
1.7086569597902102e-03
1.7086569597902102e-03
1.7086569597902102e-03
1.7086569597902102e-03
1.7086569597902102e-03
1.7509420188783127e-03
1.8339084103631428e-03
1.8713759562090048e-03
1.8713759562090048e-03
1.8713759562090048e-03
1.8713759562090048e-03
1.8713759562090048e-03
1.8713759562090048e-03
1.8713759562090048e-03
1.8713759562090048e-03
1.8713759562090048e-03
1.8713759562090048e-03
1.8713759562090048e-03
1.8713759562090048e-03
1.8713759562090048e-03
1.8713759562090048e-03
1.8713759562090048e-03
1.8713759562090048e-03
1.8713759562090048e-03
1.8713759562090048e-03
1.9120007164177312e-03
1.9933706770388334e-03
2.0293034731429394e-03
2.0293034731429394e-03
2.0293034731429394e-03
2.0293034731429394e-03
2.0293034731429394e-03
2.0293034731429394e-03
2.0293034731429394e-03
2.0293034731429394e-03
2.0293034731429394e-03
2.0293034731429394e-03
