0.0000000000000000e+00
4.4000000002345438e+01
8.8000000002228603e+01
1.3201320572457576e+02
1.7600000001973805e+02
2.1999998858829042e+02
2.6401318287036554e+02
3.0800000451760565e+02
3.5200015500757098e+02
3.9600014178128203e+02
4.4000013076111736e+02
3.9600000004967916e+02
3.5200018231439503e+02
3.0800013090318782e+02
2.6401327382415803e+02
2.2000000001959103e+02
1.7599993199211156e+02
1.3201305830165165e+02
8.8000000019361948e+01
4.4000147341394594e+01
2.3055994703234680e-09
4.3999999997770942e+01
8.7999999997686672e+01
1.3198680571514885e+02
1.7599999998029236e+02
2.1999998853193966e+02
2.6398678281008841e+02
3.0799999996952948e+02
3.5199984279037852e+02
3.9599985310418822e+02
4.3999986386245052e+02
3.9599999995025394e+02
3.5199982140134176e+02
3.0799991177679618e+02
2.6398679651326114e+02
2.1999999998040803e+02
1.7600000916719958e+02
1.3198681263364571e+02
8.7999999980309724e+01
4.3999993049313204e+01
2.2869914333410935e-09
4.4000000002252861e+01
8.8000000002291301e+01
1.3201320572474091e+02
1.7600000001977722e+02
2.1999998858822357e+02
2.6401318287016790e+02
3.0800000001971028e+02
3.5200006909493544e+02
3.9600014788909209e+02
4.4000013638955431e+02
3.9600000004956752e+02
3.5200017654227526e+02
3.0800003158670194e+02
2.6401308104401892e+02
2.2000000001944122e+02
1.7600012460521691e+02
1.3201344336143018e+02
8.8000000020093836e+01
4.3999762616069646e+01
2.1578074853055029e-09
4.3999999997596149e+01
8.7999999997677918e+01
1.3198680571533043e+02
1.7599999998029807e+02
2.1999998853178084e+02
2.6398678280978459e+02
3.0799999998026533e+02
3.5199995217472593e+02
3.9599984793836285e+02
4.3999985906030111e+02
3.9599999995042032e+02
3.5199982662754331e+02
3.0799998187659560e+02
2.6398693154288856e+02
2.1999999998055250e+02
1.7599987402084258e+02
1.3198654222357752e+02
8.7999999979833262e+01
4.4000263692757386e+01
2.1064655752921713e-09
4.4000000002370633e+01
8.8000000002303736e+01
1.3201320572462302e+02
1.7600000001971625e+02
2.1999998858831825e+02
2.6401318287035804e+02
3.0800000001970011e+02
3.5200001253033281e+02
3.9600015250684680e+02
4.4000014064668517e+02
3.9600000004931252e+02
3.5200017231550646e+02
3.0800000167137347e+02
2.6401302546219699e+02
2.2000000001931599e+02
1.7600018013882615e+02
1.3201355438098017e+02
8.8000000020160655e+01
4.3999651692395197e+01
1.9740983374860580e-09
4.3999999997736246e+01
8.7999999997810335e+01
1.3198680571543690e+02
1.7599999998040687e+02
2.1999998853189092e+02
2.6398678280990646e+02
3.0799999998029529e+02
3.5199999275057564e+02
3.9599984401009118e+02
4.3999985542048245e+02
3.9599999995061410e+02
3.5199983048318961e+02
3.0799999982233157e+02
2.6398696359084931e+02
2.1999999998075094e+02
1.7599984194545237e+02
1.3198647804484494e+02
8.7999999979995238e+01
4.4000327927440082e+01
1.8261621579979844e-09
4.4000000002223366e+01
8.8000000002064752e+01
1.3201320572430123e+02
1.7600000001943525e+02
2.1999998858806421e+02
2.6401318287010434e+02
3.0800000001943062e+02
3.5200001146016439e+02
3.9600015579809480e+02
4.4000014385421611e+02
3.9600000004908247e+02
3.5200013993671985e+02
3.0801347398573029e+02
2.6400000001991003e+02
2.1999973200968236e+02
1.7601265851469230e+02
1.3200000001872783e+02
8.8000546770595193e+01
4.4000000002581906e+01
1.9906004781470151e-09
4.3999999997790319e+01
8.7999999997828326e+01
1.3198680571538500e+02
1.7599999998036918e+02
2.1999998853191576e+02
2.6398678281002657e+02
3.0799999998038885e+02
3.5200001141937958e+02
3.9599985378639434e+02
4.3999985262361599e+02
3.9599999995078315e+02
3.5199987310024494e+02
3.0798654041702383e+02
2.6399999998010986e+02
2.2000026549002223e+02
1.7598732550702528e+02
1.3199999998126685e+02
8.7999479722810719e+01
4.3999999997567777e+01
1.9215415798830726e-09
