0.0000000000000000e+00
7.6904062990227029e-11
8.8388450175422823e-10
-8.8026394877570094e-03
8.2046344427899974e-09
5.2993381505851388e-06
-8.7920462209292033e-03
-3.6229530021330327e-06
-1.1429582251687486e-04
-1.0524553033105084e-04
-9.7228408145838481e-05
-4.7196322515787733e-10
-1.3402831727172949e-04
-8.6905105579060382e-05
-8.8371637606895967e-03
8.2513144080663409e-09
3.4511663122430321e-05
-8.7283732932416248e-03
8.2558628441869698e-09
-7.4192449220118593e-05
1.0195744719533288e-09
9.6906337513400884e-10
1.0505719891672293e-09
-8.7973602222787481e-03
8.3053903976452973e-09
-5.2598161591596249e-06
-8.8078845800463792e-03
5.0041499474508282e-09
-1.1589026153308992e-04
-1.0757377521949590e-04
-9.9532952079073737e-05
-5.9484132596496201e-10
-1.3204266712062829e-04
-5.9124483488074106e-05
-8.7888112839500758e-03
8.2823222672604704e-09
-8.5299214198742932e-06
-8.8197055373333277e-03
8.2884624704593435e-09
2.2358285315374169e-05
9.4098833896719379e-10
1.0350128346499399e-09
1.0388950461167966e-09
-8.8026401907502251e-03
8.4827481449452801e-09
5.3004092985214942e-06
-8.7920442754963572e-03
8.4857323449597806e-09
-5.0935891377284429e-05
-1.0968044846119236e-04
-1.0132226512726659e-04
-4.1641608228510635e-10
-1.2972791459044217e-04
-2.0859327024621566e-05
-8.7094098164410376e-03
8.2105697473911261e-09
-9.3165206350932455e-05
-8.9836499229494996e-03
8.5037976116318233e-09
1.8093062515069113e-04
8.8417832033113643e-10
9.8921318658807838e-10
9.9045745553499069e-10
-8.7973601839810012e-03
8.5124420311082766e-09
-5.2594771659588467e-06
-8.8078839755825599e-03
8.6007116791043799e-09
-3.5255334637432524e-05
-1.1144525427668375e-04
-1.0312082062106401e-04
5.8513272614200180e-11
-1.2822911106243469e-04
-1.2234732690200176e-05
-8.6988193398563184e-03
8.7232283463057756e-09
-9.8574811502417491e-05
-8.9998498982767888e-03
9.0453915313529477e-09
2.0261222416419859e-04
1.2886582796467872e-09
1.4492098482442096e-09
1.4162518404484511e-09
-8.8026398148272397e-03
8.7740252800052673e-09
5.3007722693150999e-06
-8.7920437832175770e-03
8.8340453196158184e-09
-9.2366792178742806e-06
-1.1303534612885015e-04
-1.0441950890547766e-04
-2.9001053687901509e-11
-1.2657674602958532e-04
-1.0642205075709200e-06
-8.6729810917430539e-03
8.5545163336294902e-09
-1.2957092662054860e-04
-9.0564396303191141e-03
9.0073858840898375e-09
2.5367693592576374e-04
1.2642876603546947e-09
1.3977436502115987e-09
1.4444625690048979e-09
-8.7973598837959924e-03
8.8269416545167046e-09
-5.2592575942006290e-06
-8.8078838902872856e-03
8.7100589167234319e-09
-5.3437198030124142e-06
-1.1438438810969760e-04
-1.0584166042078214e-04
-1.0915485733554391e-10
-1.2541784264451499e-04
-1.3398174946865110e-07
-8.6774235673341988e-03
8.3681639499438140e-09
-1.1998415405194084e-04
-9.0426811601529832e-03
8.6985342600909536e-09
2.4546840697506074e-04
9.9063452946386892e-10
1.1367763656522246e-09
9.9998912339806415e-10
-8.8026403224812384e-03
8.4222630782630587e-09
5.3004369170970997e-06
-8.7920442376612992e-03
8.2860929995466806e-09
-5.3051203611375589e-06
-1.1542968342706270e-04
-1.0675315871143783e-04
-5.6842122898095617e-10
-9.2936264912752656e-05
-8.9831773919552931e-03
8.3646893790870537e-09
1.8044572317311498e-04
-8.4365853948766261e-03
7.9690289331683653e-09
-3.6582103203879827e-04
1.0687608296735661e-09
8.2807022470408346e-10
8.9932843036009723e-10
8.9601392848901567e-10
-8.7973603579325002e-03
8.2122109105592289e-09
-5.2598315121509760e-06
-8.8078845820560320e-03
8.1507836889478713e-09
5.2551239296652162e-06
-1.0722744445458468e-04
-1.0793386654867172e-04
-6.0786852108342950e-10
-8.4941003748543819e-05
-8.9725733266998592e-03
8.0995354695850641e-09
1.7533458075036509e-04
-8.4518738697192779e-03
7.6630290231103856e-09
-3.4567996067322001e-04
6.8647521837886383e-10
4.4609701747266307e-10
