0.0000000000000000e+00
7.4285577069685568e-11
9.0183751180335365e-10
-8.8026394366523923e-03
8.2476780665981065e-09
5.2993433617902083e-06
-8.7920463052160100e-03
-3.6228857277404559e-06
-1.1429583090640908e-04
-1.0524557877539736e-04
-9.7228430692396797e-05
-5.6827693320111297e-10
-1.3402837594579518e-04
-8.6905188017895031e-05
-8.8371637682390924e-03
8.1792353133346020e-09
3.4511601272727973e-05
-8.7283734144863595e-03
8.1270823367332004e-09
-7.4192532992320903e-05
9.3368699206998613e-10
8.7932574512265958e-10
9.6545263368466874e-10
-8.7973602783941087e-03
8.1918124634202201e-09
-5.2599352392223570e-06
-8.8078847251319755e-03
4.8722983859459935e-09
-1.1589035826396320e-04
-1.0757391713875824e-04
-9.9533049579251441e-05
-6.8296366532387913e-10
-1.3204279927258144e-04
-5.9124593222741781e-05
-8.7888113991563335e-03
8.0887480836886779e-09
-8.5300780629005088e-06
-8.8197056805767345e-03
8.2051331018528820e-09
2.2358124781859584e-05
7.8390562692198485e-10
8.6771287252968278e-10
8.9538306230383992e-10
-8.8026403439809258e-03
8.3385385332291451e-09
5.3003720452230867e-06
-8.7920442790766148e-03
8.2875449610561069e-09
-5.0936068764034710e-05
-1.0968054710859117e-04
-1.0132239693758120e-04
-5.2859175043592343e-10
-1.2972804942553722e-04
-2.0859478746291530e-05
-8.7094099994373744e-03
8.0535140804337965e-09
-9.3165293285828681e-05
-8.9836500417097634e-03
8.3831053807732572e-09
1.8093049962827630e-04
7.8650344908308734e-10
8.6021381293024150e-10
8.7176281485913355e-10
-8.7973603257958978e-03
8.3554137823075949e-09
-5.2596937347522730e-06
-8.8078842757566972e-03
8.4031781718768383e-09
-3.5255603624257485e-05
-1.1144544116828801e-04
-1.0312103891891090e-04
-1.2403583894807537e-10
-1.2822931243172120e-04
-1.2234881447011436e-05
-8.6988194625866461e-03
8.4998913416208566e-09
-9.8575164187053761e-05
-8.9998503699393606e-03
8.8132726053609345e-09
2.0261219500298150e-04
1.0372865238160100e-09
1.2244601935816546e-09
1.1591849779411698e-09
-8.8026400615869322e-03
8.6000313334251502e-09
5.3006115055281041e-06
-8.7920439938331263e-03
8.5741172207871221e-09
-9.2369168967563952e-06
-1.1303562294775428e-04
-1.0441977031913960e-04
-2.7370424431505680e-10
-1.2657701596362322e-04
-1.0644722154846054e-06
-8.6729813715865599e-03
8.3036744504392088e-09
-1.2957121445949585e-04
-9.0564399148283618e-03
8.7488459574640502e-09
2.5367677515652381e-04
1.0518828905672101e-09
1.2171458655159919e-09
1.1524216493985296e-09
-8.7973601292611336e-03
8.5416638579316058e-09
-5.2595566790384634e-06
-8.8078842074682476e-03
8.4518307901223940e-09
-5.3439819727264564e-06
-1.1438463467399937e-04
-1.0584183731663552e-04
-2.5126752543381843e-10
-1.2541804208337527e-04
-1.3416734286477398e-07
-8.6774237157242837e-03
8.1550140180991357e-09
-1.1998440269965458e-04
-9.0426814262873217e-03
8.4958655063535534e-09
2.4546827255426354e-04
7.5179915962436261e-10
8.9337666787429143e-10
7.8518099102905449e-10
-8.8026405261717264e-03
8.2452968724897090e-09
5.3002907608217696e-06
-8.7920443341365107e-03
8.2109565252048576e-09
-5.3051429455369643e-06
-1.1542972160020074e-04
-1.0675322692707679e-04
-6.3620083969572415e-10
-9.2936325110386426e-05
-8.9831774176429499e-03
8.2753652247271320e-09
1.8044557170985320e-04
-8.4365855814509273e-03
7.8510802023740061e-09
-3.6582107822935383e-04
9.7341965487951323e-10
6.9162350998270692e-10
7.9763464941044025e-10
7.2361134593250039e-10
-8.7973604990744872e-03
8.0859796376019338e-09
-5.2599201168526394e-06
-8.8078846873644780e-03
7.9821561042408525e-09
5.2549752336725153e-06
-1.0722755788927583e-04
-1.0793394018234684e-04
-6.9784291194663420e-10
-8.4941087168981694e-05
-8.9725734649595129e-03
8.0343099584909558e-09
1.7533450036428253e-04
-8.4518739648573541e-03
7.5402154204929820e-09
-3.4568012704661369e-04
6.4762714634261781e-10
4.1653170698638817e-10
