0.0000000000000000e+00
-4.4000000002269850e+01
-8.8000000001335735e+01
-1.3202200836403799e+02
-1.7600000001151182e+02
-2.1999998328894972e+02
-2.6402197491662872e+02
-3.0800000814052510e+02
-3.5200026930339760e+02
-3.9600024702683640e+02
-4.4000022798953688e+02
-3.9600000005019945e+02
-3.5200031634274177e+02
-3.0800021780833441e+02
-2.6402211098792259e+02
-2.2000000001137590e+02
-1.7599989748047932e+02
-1.3202178667500561e+02
-8.8000000011170457e+01
-4.4000221533885693e+01
-1.3282897804621692e-09
4.3999999998695124e+01
8.7999999998694662e+01
1.3197800835489849e+02
1.7599999998854094e+02
2.1999998327206407e+02
2.6397797492543583e+02
3.0799999997446776e+02
3.5199972690006882e+02
3.9599974553034178e+02
4.3999976432944948e+02
3.9599999994961519e+02
3.5199968935860863e+02
3.0799985265225803e+02
2.6397800770191952e+02
2.1999999998859354e+02
1.7600000063719995e+02
1.3197799292803666e+02
8.7999999988556567e+01
4.4000015407518234e+01
-1.4249154150248659e-09
-4.4000000001301501e+01
-8.8000000001324139e+01
-1.3202200836500828e+02
-1.7600000001136664e+02
-2.1999998328783292e+02
-2.6402197491444520e+02
-3.0800000001132349e+02
-3.5200012003091553e+02
-3.9600025756958991e+02
-4.4000023771188546e+02
-3.9600000005003983e+02
-3.5200030627025728e+02
-3.0800005244610492e+02
-2.6402179045392677e+02
-2.2000000001130928e+02
-1.7600021777046678e+02
-1.3202242701141259e+02
-8.8000000011650428e+01
-4.3999581685507280e+01
-1.3183897034445936e-09
4.3999999998520870e+01
8.7999999998609098e+01
1.3197800835507559e+02
1.7599999998873204e+02
2.1999998327219529e+02
2.6397797492565877e+02
3.0799999998876746e+02
3.5199991691925663e+02
3.9599973649301529e+02
4.3999975593937148e+02
3.9599999995038746e+02
3.5199969839833147e+02
3.0799996964178877e+02
2.6397823272348734e+02
2.1999999998916400e+02
1.7599977544585482e+02
1.3197754237344347e+02
8.7999999988762525e+01
4.4000466304967027e+01
-9.4133854277286584e-10
-4.4000000001033776e+01
-8.8000000001016090e+01
-1.3202200836456120e+02
-1.7600000001102941e+02
-2.1999998328762621e+02
-2.6402197491424670e+02
-3.0800000001099585e+02
-3.5200002176713070e+02
-3.9600026554233125e+02
-4.4000024506632468e+02
-3.9600000004946389e+02
-3.5200029889238749e+02
-3.0800000273571982e+02
-2.6402169844342859e+02
-2.2000000001088694e+02
-1.7600030970989667e+02
-1.3202261082075270e+02
-8.8000000011282523e+01
-4.3999398015539654e+01
-8.1662058087971560e-10
4.3999999999043695e+01
8.7999999999108809e+01
1.3197800835543040e+02
1.7599999998909112e+02
2.1999998327248380e+02
2.6397797492585778e+02
3.0799999998887614e+02
3.5199998740672493e+02
3.9599972962557979e+02
4.3999974957873354e+02
3.9599999995043396e+02
3.5199970506524738e+02
3.0799999968825705e+02
2.6397828616720773e+02
2.1999999998901265e+02
1.7599972196117400e+02
1.3197743536355173e+02
8.7999999988592464e+01
4.4000573395779831e+01
-9.5688606759998287e-10
-4.4000000001208292e+01
-8.8000000001172197e+01
-1.3202200836472559e+02
-1.7600000001110149e+02
-2.1999998328770042e+02
-2.6402197491439017e+02
-3.0800000001118201e+02
-3.5200001676529621e+02
-3.9600027122779721e+02
-4.4000025060740876e+02
-3.9600000004968467e+02
-3.5200023287301497e+02
-3.0802245716313530e+02
-2.6400000001159015e+02
-2.1999955156403502e+02
-1.7602109510018045e+02
-1.3200000001081784e+02
-8.8000912591650348e+01
-4.4000000001560792e+01
-1.2411819941496899e-09
4.3999999998638813e+01
8.7999999998638131e+01
1.3197800835495653e+02
1.7599999998851840e+02
2.1999998327203994e+02
2.6397797492539200e+02
3.0799999998845527e+02
3.5200001667442916e+02
3.9599974655889321e+02
4.3999974468971260e+02
3.9599999995013053e+02
3.5199978815919957e+02
3.0797756784362792e+02
2.6399999998817691e+02
2.2000044082456279e+02
1.7597887363310804e+02
1.3199999998886844e+02
8.7999134042766840e+01
4.3999999998234820e+01
-1.4924231583379461e-09
