2.9999999999999983e+02
2.9999999999999983e+02
2.9999999999999983e+02
2.9999999999999983e+02
2.9999999999999983e+02
2.9999999999999983e+02
2.9999999999999983e+02
3.0792308139724418e+02
3.5142618897830448e+02
3.9452517308216687e+02
4.3723573652388035e+02
3.9241885174416672e+02
3.4805676872914813e+02
3.1183024075574048e+02
3.1183024075574048e+02
3.1183024075574048e+02
3.1183024075574048e+02
3.1183024075574048e+02
3.1183024075574048e+02
3.1183024075574048e+02
3.1183024075574048e+02
3.1183024075574048e+02
3.1183024075574048e+02
3.1183024075574048e+02
3.1183024075574048e+02
3.1183024075574048e+02
3.1183024075574048e+02
3.1194232535478574e+02
3.5551804641775101e+02
3.9868717032673203e+02
4.4146517482306001e+02
3.9671338050431348e+02
3.5241327058899634e+02
3.2242013394851773e+02
3.2242013394851773e+02
3.2242013394851773e+02
3.2242013394851773e+02
3.2242013394851773e+02
3.2242013394851773e+02
3.2242013394851773e+02
3.2242013394851773e+02
3.2242013394851773e+02
3.2242013394851773e+02
3.2242013394851773e+02
3.2242013394851773e+02
3.2242013394851773e+02
3.2242013394851773e+02
3.2242013394851773e+02
3.5130617292690829e+02
3.9461351348230119e+02
4.3752433070990895e+02
3.9289999253390886e+02
3.4872305017955773e+02
3.3101116547370646e+02
3.3101116547370646e+02
3.3101116547370646e+02
3.3101116547370646e+02
3.3101116547370646e+02
3.3101116547370646e+02
3.3101116547370646e+02
3.3101116547370646e+02
3.3101116547370646e+02
3.3101116547370646e+02
3.3101116547370646e+02
3.3101116547370646e+02
3.3101116547370646e+02
3.3101116547370646e+02
3.3101116547370646e+02
3.5504375245029229e+02
3.9839622028624854e+02
4.4135062752462949e+02
3.9676845563353839e+02
3.5263144476452504e+02
3.3894769015091390e+02
3.3894769015091390e+02
3.3894769015091390e+02
3.3894769015091390e+02
3.3894769015091390e+02
3.3894769015091390e+02
3.3894769015091390e+02
3.3894769015091390e+02
3.3894769015091390e+02
3.3894769015091390e+02
3.3894769015091390e+02
3.3894769015091390e+02
3.3894769015091390e+02
3.3894769015091390e+02
3.3894769015091390e+02
3.5124896454486617e+02
3.9471118985960140e+02
4.3777087555407667e+02
3.9328967626498360e+02
3.4925036736350239e+02
3.4530225059598052e+02
3.4530225059598052e+02
3.4530225059598052e+02
3.4530225059598052e+02
3.4530225059598052e+02
3.4530225059598052e+02
3.4530225059598052e+02
3.4530225059598052e+02
3.4530225059598052e+02
3.4530225059598052e+02
3.4530225059598052e+02
3.4530225059598052e+02
3.4530225059598052e+02
3.4530225059598052e+02
3.4530225059598052e+02
3.5465895590347793e+02
3.9814838378636125e+02
4.4123452645566078e+02
3.9677902657579898e+02
3.5276381603595200e+02
3.5125970879370601e+02
3.5125970879370601e+02
3.5125970879370601e+02
3.5125970879370601e+02
3.5125970879370601e+02
3.5125970879370601e+02
3.5125970879370601e+02
3.5125970879370601e+02
3.5125970879370601e+02
3.5125970879370601e+02
3.5125970879370601e+02
3.5125970879370601e+02
3.5125970879370601e+02
3.5125970879370601e+02
3.5125970879370601e+02
3.5125970879370601e+02
3.9481331965445145e+02
4.3798364379572445e+02
3.9360882453213191e+02
3.5614127868626991e+02
3.5614127868626991e+02
3.5614127868626991e+02
3.5614127868626991e+02
3.5614127868626991e+02
3.5614127868626991e+02
3.5614127868626991e+02
3.5614127868626991e+02
3.5614127868626991e+02
3.5614127868626991e+02
3.5614127868626991e+02
3.5614127868626991e+02
3.5614127868626991e+02
3.5614127868626991e+02
3.5614127868626991e+02
3.5614127868626991e+02
3.5614127868626991e+02
3.9798478170125736e+02
4.4117108093226790e+02
3.9681190029839399e+02
3.6087910419428812e+02
3.6087910419428812e+02
3.6087910419428812e+02
3.6087910419428812e+02
3.6087910419428812e+02
3.6087910419428812e+02
3.6087910419428812e+02
3.6087910419428812e+02
3.6087910419428812e+02
