0.0000000000000000e+00
-8.0000000033825149e-04
-1.6000000002501838e-03
-2.4000000002503785e-03
-3.5715801131111892e-03
-5.2656405462987704e-03
-5.9038858459426902e-03
-6.3599552698036417e-03
-6.6856835562459985e-03
-6.9183459778822190e-03
-7.0845331420578191e-03
-6.2848389996883148e-03
-5.4845298710282809e-03
-4.6845298701375538e-03
-3.8845298703202059e-03
-3.0845298700706214e-03
-3.0845298700704626e-03
-3.0845298700710256e-03
-3.0845298700714363e-03
-3.0845298700718470e-03
-3.0845298700718118e-03
-2.2845298704078768e-03
-1.4845298703201979e-03
-6.8452987032033600e-04
1.1547012968000976e-04
1.0341601265833314e-03
1.1180877251795226e-03
1.1792744475943252e-03
1.2226074514498548e-03
1.2535596825058524e-03
1.2756684135388572e-03
4.7566847119081374e-04
-3.2433152893374773e-04
-1.1243315289342591e-03
-1.9243315289340784e-03
-2.7243315286838753e-03
-2.7243315286843133e-03
-2.7243315286844855e-03
-2.7243315286848411e-03
-2.7243315286850697e-03
-2.7243315286853333e-03
-3.5243315290240671e-03
-4.3243315289359765e-03
-5.1243315289365337e-03
-5.9243315289367014e-03
-6.7401237152163876e-03
-6.7522191655206556e-03
-6.7596975339177558e-03
-6.7653848920932770e-03
-6.7694473006141218e-03
-6.7735097256373849e-03
-5.9729122985635406e-03
-5.1729122983193137e-03
-4.3729122986795764e-03
-3.5729122986792408e-03
-2.7729122984305144e-03
-2.7729122984307781e-03
-2.7729122984295022e-03
-2.7729122984298839e-03
-2.7729122984302703e-03
-2.7729122984298735e-03
-1.9729122987670717e-03
-1.1729122986795762e-03
-3.7291229867975311e-04
4.2708770132040218e-04
1.2289994132819164e-03
1.2295577397166482e-03
1.2311057683346786e-03
1.2326537945561414e-03
1.2326415713612355e-03
1.2326293481657695e-03
4.3286625006018367e-04
-3.6753698104650669e-04
-1.1671337513377911e-03
-1.9671337498101522e-03
-2.7671337498012716e-03
-2.7671337498013163e-03
-2.7671337498013874e-03
-2.7671337498012764e-03
-2.7671337498011892e-03
-2.7671337498002655e-03
-3.5671337501387685e-03
-4.3671337500508171e-03
-5.1671337500510828e-03
-5.9671337500510667e-03
-6.7673944556281779e-03
-6.7683874808077259e-03
-6.7679482700846259e-03
-6.7675090595541850e-03
-6.7679482691632379e-03
-6.7683874789650246e-03
-5.9681179896532875e-03
-5.1684884195240775e-03
-4.3681179908530389e-03
-3.5681179895438427e-03
-2.7681179895185423e-03
-2.7681179895185726e-03
-2.7681179895185874e-03
-2.7681179895186346e-03
-2.7681179895190831e-03
-2.7681179895191698e-03
-1.9681179898558268e-03
-1.1681179897684271e-03
-3.6811798976782017e-04
4.3188201023221262e-04
1.2318820102321401e-03
1.2318820097890742e-03
1.2318820093460668e-03
1.2318820089031511e-03
1.2318820084601149e-03
1.2318820080170069e-03
4.3188201014402610e-04
-3.6811798976759812e-04
-1.1681179897682307e-03
-1.9681179897683325e-03
-2.7681179895186693e-03
-2.7681179895183900e-03
-2.7681179895186533e-03
-2.7681179895190852e-03
-2.7681179895198212e-03
-2.7681179895207198e-03
-3.5681179898571897e-03
-4.3681179897692201e-03
-5.1681179897691805e-03
-5.9681179897689450e-03
-6.7680974844321305e-03
-6.7689041013784378e-03
-6.7683173697457091e-03
-6.7677306384573612e-03
-6.7684258277730678e-03
-6.7691210175719685e-03
-5.9686442697280294e-03
-5.1688077724348150e-03
-4.3686442699330114e-03
-3.5686442697790929e-03
-2.7686442695935062e-03
-2.7686442695927941e-03
-2.7686442695932529e-03
-2.7686442695928071e-03
-2.7686442695923790e-03
-2.7686442695916275e-03
-1.9686442699305934e-03
-1.1686442698440500e-03
-3.6864426984392835e-04
4.3135573015594170e-04
1.2313557301562399e-03
1.2313557294044630e-03
1.2313557286530699e-03
1.2313557279019390e-03
1.2313557271500224e-03
1.2313557263988102e-03
4.3135573006794714e-04
-3.6864426984378615e-04
-1.1686442698438564e-03
-1.9686442698437366e-03
-2.7686442695941098e-03
-2.7686442695946489e-03
-2.7686442695944845e-03
-2.7686442695944022e-03
-2.7686442695943709e-03
-2.7686442695945019e-03
