0.0000000000000000e+00
2.0000000008920152e-04
4.0000000014636428e-04
6.0000000014644780e-04
9.8571714744587549e-04
1.6326762338720103e-03
1.9519429224765154e-03
2.1799600033070255e-03
2.3428327716473255e-03
2.4591683978933314e-03
2.5422642295092009e-03
2.3422453415138447e-03
2.1422649355966068e-03
1.9422649350733720e-03
1.7422649351801929e-03
1.5422649350333145e-03
1.5422649350338392e-03
1.5422649350336176e-03
1.5422649350330198e-03
1.5422649350326425e-03
1.5422649350329591e-03
1.3422649351223655e-03
1.1422649351796076e-03
9.4226493517895495e-04
7.4226493517917397e-04
4.8291242753429172e-04
4.4073607497259367e-04
4.1036249571230736e-04
3.8869610835975385e-04
3.7322007760715080e-04
3.6216575182898889e-04
5.6216576441188632e-04
7.6216576448565347e-04
9.6216576448536440e-04
1.1621657644851004e-03
1.3621657643383860e-03
1.3621657643377717e-03
1.3621657643379415e-03
1.3621657643372496e-03
1.3621657643364221e-03
1.3621657643366016e-03
1.5621657644267605e-03
1.7621657644842678e-03
1.9621657644846870e-03
2.1621657644848294e-03
2.3700617323128234e-03
2.3759113224997709e-03
2.3798487570797795e-03
2.3826924441228943e-03
2.3847236489042438e-03
2.3867548495593634e-03
2.1864561492894244e-03
1.9864561492597944e-03
1.7864561493580410e-03
1.5864561493575684e-03
1.3864561492114233e-03
1.3864561492115087e-03
1.3864561492123049e-03
1.3864561492123273e-03
1.3864561492115594e-03
1.3864561492119131e-03
1.1864561493005468e-03
9.8645614935672786e-04
7.8645614935651071e-04
5.8645614935604398e-04
3.8550029065548069e-04
3.8502522118697482e-04
3.8444711570005750e-04
3.8386900987872664e-04
3.8367921357559189e-04
3.8348941723604431e-04
5.8356687497804454e-04
7.8360430973892551e-04
9.8356687548106130e-04
1.1835668749323779e-03
1.3835668748975382e-03
1.3835668748980955e-03
1.3835668748980899e-03
1.3835668748975725e-03
1.3835668748982545e-03
1.3835668748988707e-03
1.5835668749884556e-03
1.7835668750451053e-03
1.9835668750450538e-03
2.1835668750450955e-03
2.3836972279314859e-03
2.3839986233585293e-03
2.3839741344650529e-03
2.3839496455711675e-03
2.3839741344734004e-03
2.3839986233762621e-03
2.1840589948370712e-03
1.9840793824482542e-03
1.7840589953270342e-03
1.5840589947944295e-03
1.3840589947566602e-03
1.3840589947576899e-03
1.3840589947573300e-03
1.3840589947576953e-03
1.3840589947579065e-03
1.3840589947576969e-03
1.1840589948460306e-03
9.8405899490308949e-04
7.8405899490276805e-04
5.8405899490340438e-04
3.8405899490363197e-04
3.8405899481446979e-04
3.8405899472556770e-04
3.8405899463661065e-04
3.8405899454759977e-04
3.8405899445878127e-04
5.8405899484674116e-04
7.8405899490409077e-04
9.8405899490379423e-04
1.1840589949033444e-03
1.3840589947571901e-03
1.3840589947564930e-03
1.3840589947578946e-03
1.3840589947580900e-03
1.3840589947585757e-03
1.3840589947582587e-03
1.5840589948466033e-03
1.7840589949038228e-03
1.9840589949037769e-03
2.1840589949038056e-03
2.3840487422498312e-03
2.3842570006859512e-03
2.3841586843431862e-03
2.3840603679906591e-03
2.3842129133318448e-03
2.3843654586493822e-03
2.1843221348724212e-03
1.9842387857576991e-03
1.7843221352648413e-03
1.5843221348427537e-03
1.3843221347929829e-03
1.3843221347936447e-03
1.3843221347931444e-03
1.3843221347928721e-03
1.3843221347929131e-03
1.3843221347920789e-03
1.1843221348818993e-03
9.8432213493854551e-04
7.8432213493894658e-04
5.8432213493824772e-04
3.8432213493819754e-04
3.8432213484679327e-04
3.8432213475484821e-04
3.8432213466260446e-04
3.8432213457028003e-04
3.8432213447874334e-04
5.8432213488177694e-04
7.8432213493848557e-04
9.8432213493802856e-04
1.1843221349391354e-03
1.3843221347925904e-03
1.3843221347925394e-03
1.3843221347930039e-03
1.3843221347932134e-03
1.3843221347927650e-03
1.3843221347931364e-03
