0.0000000000000000e+00
2.0000000008936049e-04
4.0000000014677720e-04
6.0000000014697841e-04
9.8571714744562135e-04
1.6326762338723596e-03
1.9519429224771579e-03
2.1799600033076210e-03
2.3428327716478732e-03
2.4591683978938488e-03
2.5422642295100497e-03
2.3422453415158713e-03
2.1422649355976315e-03
1.9422649350747453e-03
1.7422649351820528e-03
1.5422649350358090e-03
1.5422649350362700e-03
1.5422649350362132e-03
1.5422649350363533e-03
1.5422649350364634e-03
1.5422649350366315e-03
1.3422649351256567e-03
1.1422649351823494e-03
9.4226493518197760e-04
7.4226493518227122e-04
4.8291242753747954e-04
4.4073607497578367e-04
4.1036249571591818e-04
3.8869610836305871e-04
3.7322007761166542e-04
3.6216575183362543e-04
5.6216576441700332e-04
7.6216576449009707e-04
9.6216576449036203e-04
1.1621657644901430e-03
1.3621657643435622e-03
1.3621657643439009e-03
1.3621657643436591e-03
1.3621657643434542e-03
1.3621657643434560e-03
1.3621657643438840e-03
1.5621657644330142e-03
1.7621657644899184e-03
1.9621657644897082e-03
2.1621657644898306e-03
2.3700617323175318e-03
2.3759113225045678e-03
2.3798487570847507e-03
2.3826924441274853e-03
2.3847236489084813e-03
2.3867548495638768e-03
2.1864561492934810e-03
1.9864561492637439e-03
1.7864561493621555e-03
1.5864561493616268e-03
1.3864561492153995e-03
1.3864561492145787e-03
1.3864561492156627e-03
1.3864561492158037e-03
1.3864561492149968e-03
1.3864561492152993e-03
1.1864561493053186e-03
9.8645614936200749e-04
7.8645614936220549e-04
5.8645614936251905e-04
3.8550029066115627e-04
3.8502522119388026e-04
3.8444711570655496e-04
3.8386900988478777e-04
3.8367921358172397e-04
3.8348941724186068e-04
5.8356687498325544e-04
7.8360430974339047e-04
9.8356687548549222e-04
1.1835668749374953e-03
1.3835668749024753e-03
1.3835668749022812e-03
1.3835668749020234e-03
1.3835668749015650e-03
1.3835668749010719e-03
1.3835668749012928e-03
1.5835668749927605e-03
1.7835668750498385e-03
1.9835668750497228e-03
2.1835668750500542e-03
2.3836972279360786e-03
2.3839986233634234e-03
2.3839741344700107e-03
2.3839496455759731e-03
2.3839741344785607e-03
2.3839986233813969e-03
2.1840589948419926e-03
1.9840793824520983e-03
1.7840589953324370e-03
1.5840589947995537e-03
1.3840589947619235e-03
1.3840589947621015e-03
1.3840589947614283e-03
1.3840589947610887e-03
1.3840589947611487e-03
1.3840589947609039e-03
1.1840589948502642e-03
9.8405899490716740e-04
7.8405899490671031e-04
5.8405899490674513e-04
3.8405899490693288e-04
3.8405899481832494e-04
3.8405899472947604e-04
3.8405899464043008e-04
3.8405899455188275e-04
3.8405899446282855e-04
5.8405899484966222e-04
7.8405899490663735e-04
9.8405899490655135e-04
1.1840589949062860e-03
1.3840589947601881e-03
1.3840589947598217e-03
1.3840589947603484e-03
1.3840589947600715e-03
1.3840589947597304e-03
1.3840589947599689e-03
1.5840589948493795e-03
1.7840589949068830e-03
1.9840589949067897e-03
2.1840589949064211e-03
2.3840487422524489e-03
2.3842570006885866e-03
2.3841586843460923e-03
2.3840603679924398e-03
2.3842129133345652e-03
2.3843654586523685e-03
2.1843221348751404e-03
1.9842387857601229e-03
1.7843221352680215e-03
1.5843221348453358e-03
1.3843221347952825e-03
1.3843221347953896e-03
1.3843221347953863e-03
1.3843221347959607e-03
1.3843221347954193e-03
1.3843221347946476e-03
1.1843221348833467e-03
9.8432213494025183e-04
7.8432213494044473e-04
5.8432213494024059e-04
3.8432213493999032e-04
3.8432213484828855e-04
3.8432213475642210e-04
3.8432213466442857e-04
3.8432213457254656e-04
3.8432213448030107e-04
5.8432213488426909e-04
7.8432213494141769e-04
9.8432213494054695e-04
1.1843221349400620e-03
1.3843221347930898e-03
1.3843221347925744e-03
1.3843221347932505e-03
1.3843221347927068e-03
1.3843221347922797e-03
1.3843221347923115e-03
