0.0000000000000000e+00
0.0000000000000000e+00
0.0000000000000000e+00
0.0000000000000000e+00
3.7147852547430769e-04
1.2654401808914440e-03
1.9038858445222953e-03
2.3599306194338008e-03
2.6856709514632821e-03
2.9183395596124239e-03
3.0845298700704926e-03
3.0845298700704926e-03
3.0845298700704926e-03
3.0845298700704926e-03
3.0845298700704926e-03
3.0845298700704926e-03
3.0845298700704926e-03
3.0845298700704926e-03
3.0845298700704926e-03
3.0845298700704926e-03
3.0845298700704926e-03
3.0845298700704926e-03
3.0845298700704926e-03
3.0845298700704926e-03
3.0845298700704926e-03
3.2032304052272364e-03
3.2876686449977224e-03
3.3483345660434618e-03
3.3916674282894314e-03
3.4226195358765987e-03
3.4447282114577786e-03
3.4447282114577786e-03
3.4447282114577786e-03
3.4447282114577786e-03
3.4447282114577786e-03
3.4447282114577786e-03
3.4447282114577786e-03
3.4447282114577786e-03
3.4447282114577786e-03
3.4447282114577786e-03
3.4447282114577786e-03
3.4447282114577786e-03
3.4447282114577786e-03
3.4447282114577786e-03
3.4447282114577786e-03
3.4605202303483957e-03
3.4721318680406214e-03
3.4800942005083681e-03
3.4857815726627322e-03
3.4898439814348486e-03
3.4933089812029588e-03
3.4933089812029588e-03
3.4933089812029588e-03
3.4933089812029588e-03
3.4933089812029588e-03
3.4933089812029588e-03
3.4933089812029588e-03
3.4933089812029588e-03
3.4933089812029588e-03
3.4933089812029588e-03
3.4933089812029588e-03
3.4933089812029588e-03
3.4933089812029588e-03
3.4933089812029588e-03
3.4933089812029588e-03
3.4952206978771392e-03
3.4962578688581616e-03
3.4973270486351863e-03
3.4984079956847701e-03
3.4988628528115932e-03
3.4990875298312367e-03
3.4990875298312367e-03
3.4990875298312367e-03
3.4990875298312367e-03
3.4990875298312367e-03
3.4990875298312367e-03
3.4990875298312367e-03
3.4990875298312367e-03
3.4990875298312367e-03
3.4990875298312367e-03
3.4990875298312367e-03
3.4990875298312367e-03
3.4990875298312367e-03
3.4990875298312367e-03
3.4990875298312367e-03
3.4993482356641390e-03
3.4998628665343220e-03
3.4999020485959901e-03
3.4999020485959901e-03
3.4999164534703451e-03
3.5000717695491744e-03
3.5000717695491744e-03
3.5000717695491744e-03
3.5000717695491744e-03
3.5000717695491744e-03
3.5000717695491744e-03
3.5000717695491744e-03
3.5000717695491744e-03
3.5000717695491744e-03
3.5000717695491744e-03
3.5000717695491744e-03
3.5000717695491744e-03
3.5000717695491744e-03
3.5000717695491744e-03
3.5000717695491744e-03
3.5000717695491744e-03
3.5000717695491744e-03
3.5000717695491744e-03
3.5000717695491744e-03
3.5000717695491744e-03
3.5000717695491744e-03
3.5000717695491744e-03
3.5000717695491744e-03
3.5000717695491744e-03
3.5000717695491744e-03
3.5000717695491744e-03
3.5000717695491744e-03
3.5000717695491744e-03
3.5000717695491744e-03
3.5000717695491744e-03
3.5000717695491744e-03
3.5000717695491744e-03
3.5000717695491744e-03
3.5000717695491744e-03
3.5000717695491744e-03
3.5000717695491744e-03
3.5003796062533063e-03
3.5003796062533063e-03
3.5003796062533063e-03
3.5003796062533063e-03
3.5005980496219148e-03
3.5005980496219148e-03
3.5005980496219148e-03
3.5005980496219148e-03
3.5005980496219148e-03
3.5005980496219148e-03
3.5005980496219148e-03
3.5005980496219148e-03
3.5005980496219148e-03
3.5005980496219148e-03
3.5005980496219148e-03
3.5005980496219148e-03
3.5005980496219148e-03
3.5005980496219148e-03
3.5005980496219148e-03
3.5005980496219148e-03
3.5005980496219148e-03
3.5005980496219148e-03
3.5005980496219148e-03
3.5005980496219148e-03
3.5005980496219148e-03
3.5005980496219148e-03
3.5005980496219148e-03
3.5005980496219148e-03
3.5005980496219148e-03
3.5005980496219148e-03
3.5005980496219148e-03
3.5005980496219148e-03
3.5005980496219148e-03
3.5005980496219148e-03
3.5005980496219148e-03
