0.0000000000000000e+00
8.3736809491947507e-10
1.4789851229885055e-08
1.4815037882839785e-08
-8.3621473313570081e-03
-1.6534834877895654e-02
-2.4555707903828168e-08
-2.0185443815196628e-03
-1.0305292629130447e-03
-5.2562055056432229e-04
-2.6813997112517293e-04
-1.7050162741859120e-02
5.6736195629789013e-08
3.8382811023190559e-09
1.4683433700149608e-08
-1.0509069844465836e-10
1.2332084074347369e-11
-2.0108151131199328e-12
-1.3692983059909218e-11
-3.9004535133977754e-11
5.7358652093390197e-12
9.2501044935557640e-10
1.4816923742587000e-08
1.4724065742406032e-08
1.4765223538866077e-08
-8.5792006174530036e-04
-1.5799082761406513e-02
-3.2720242391685342e-05
-1.8785866542212555e-05
-9.2978900277035310e-06
-4.7438181958500385e-06
7.5212199900307818e-09
1.4928027356458875e-08
1.4925851991363536e-08
1.4860735507504333e-08
1.0578869014589655e-10
8.7405927726924958e-11
6.2561536119320748e-11
-1.5877064770013126e-11
-6.6870637021205289e-11
-2.7830073970766726e-11
7.8595242526765043e-10
1.4682818368014347e-08
1.4635733857178727e-08
1.4635340519421694e-08
-1.4675158376163717e-05
-1.3598674097970756e-02
-1.0260348067269957e-06
-2.4100533547872172e-07
-1.6042635566671835e-07
2.6284464091904367e-02
7.7305714494723727e-09
1.3238575513076113e-08
1.4686809874656430e-08
1.4621508564357918e-08
-1.7321033863700229e-10
-3.0608929364264489e-10
-1.1019215250388971e-10
-1.3119385749501674e-10
-3.0624035725705500e-10
-2.3303812251318812e-10
7.2200303026879890e-10
1.4530660926423152e-08
1.4528107820893432e-08
1.4604449517310522e-08
-2.5683448577253997e-07
-1.3410596847771548e-02
6.7657261066413649e-09
1.3928206093749427e-02
-5.0260636110684077e-08
-2.4056237772934901e-02
8.0792773027344984e-09
-1.1153642813930919e-02
3.4986893519965161e-08
5.7449301956519015e-09
-3.6321950208801239e-11
-4.8771492468693846e-11
-1.0369573612789338e-10
-1.4337344957722960e-10
-2.1442211566620168e-10
-1.0948350059613216e-10
9.7088080001208667e-10
1.4897681968368871e-08
1.4880133680933149e-08
1.4940882928151132e-08
2.0865821125252905e-08
-1.3291250117029203e-02
-3.4242132431169409e-08
1.5015183738166519e-02
-6.3380667059816272e-04
-2.2482898539147915e-02
8.2670976775466325e-09
-1.2710686605705002e-02
4.1811203727347541e-08
5.6308799015226499e-09
8.7151599080620955e-11
1.5971006086004351e-10
8.6429631279132556e-11
3.1573042776104419e-11
1.7811399610744803e-11
-3.8658123299237673e-11
9.1220551700067804e-10
1.4782779105298103e-08
1.4754392671042076e-08
1.4791565979816054e-08
1.4810508380053297e-08
-2.0324737555774733e-08
-5.5492043464261652e-08
-9.0611182228169687e-08
-1.2569422156161352e-07
-1.6083472425259394e-07
8.9282610788255665e-10
1.4813989530721039e-08
1.4757537608071875e-08
1.4709715961922523e-08
-4.3795407548831452e-11
-1.0465649676220369e-10
5.2162337717949050e-12
-5.5675486505541662e-11
-9.3169975915951301e-11
-1.0812120320844836e-10
8.0088412470077269e-10
1.4759747495883092e-08
1.4749056110797402e-08
1.4707978055474287e-08
-9.0221758165516313e-04
-1.3284693418070679e-02
-4.7721779170885421e-03
3.7403206463418352e-03
-2.9102854836559384e-08
-1.3351912561083392e-02
7.8030503051925005e-09
-2.1863555523175697e-02
6.7906510187062180e-08
3.0650635549599420e-10
-3.0069877608578873e-10
-2.4440260927932452e-10
-2.7185684379667517e-10
-1.8754704815199753e-10
-2.4277151775863298e-10
-2.8420242213486448e-10
4.6810585387691971e-10
1.4292731933779644e-08
1.4309225745256507e-08
1.4237807268284457e-08
1.4203643416437361e-08
-3.5016541339506725e-08
-8.4246486622372455e-08
-1.3351649195470542e-07
-1.8280683326863494e-07
-2.3206448135045531e-07
4.3330381268345953e-10
1.4365724411661778e-08
1.4228775426121784e-08
1.4211236219223968e-08
-6.5181141808393285e-10
-7.1686183855000664e-10
-6.0426906237807413e-10
-6.3614579882647951e-10
-6.6264963356832935e-10
-6.6545029851717805e-10
