0.0000000000000000e+00
-8.8000000036792486e+01
-1.7600000002013431e+02
-2.6400000002014724e+02
-3.5201535571372278e+02
-4.4003030761226552e+02
-4.4000000016855313e+02
-4.4000372081289981e+02
-4.4000190179075247e+02
-4.4000096881996774e+02
-4.4000049398862529e+02
-3.5204252933939006e+02
-2.6400000007702880e+02
-1.7600000000550477e+02
-8.8000000020170916e+01
-1.1556849207532757e-10
-4.0223824466184894e-11
-1.0891257464770699e-10
-1.6872966006378429e-10
-2.3707215849095688e-10
-1.9843531172660349e-10
8.7999999963304290e+01
1.7599999997991131e+02
2.6399999997983917e+02
3.5199999997986430e+02
4.3999841180458196e+02
4.3993477069407351e+02
4.3999994202594570e+02
4.3999996457018801e+02
4.3999998289572079e+02
4.3999999127244348e+02
3.5199999998982992e+02
2.6399999997984617e+02
1.7599999997977409e+02
8.7999999979768106e+01
-9.1932264444640367e-11
-1.7533013948318475e-10
-1.9700438528890176e-10
-2.9267920844866191e-10
-3.4983054385132072e-10
-3.3727337937703811e-10
-8.8000000037177813e+01
-1.7600000002051374e+02
-2.6400000002059079e+02
-3.5200000002060756e+02
-4.4000002577829542e+02
-4.4006003716508866e+02
-4.4000000229329146e+02
-4.4000000036309774e+02
-4.4000000029516519e+02
-4.4005257476098086e+02
-3.5200000001103075e+02
-2.6399999998141641e+02
-1.7600000002032829e+02
-8.8000000020335591e+01
-3.6310255647630178e-10
-4.5734780588078395e-10
-2.2256627775610388e-10
-2.7632998673110084e-10
-4.0360153676570221e-10
-3.1994922451805498e-10
8.7999999963057320e+01
1.7599999997957957e+02
2.6399999997956058e+02
3.5199999997961709e+02
4.3999999932550850e+02
4.3994062125538471e+02
4.3999999992968890e+02
4.4005834273827122e+02
4.3999999977472305e+02
4.3996191265729783e+02
3.5199999998863018e+02
2.6395006774146788e+02
1.7599999984832590e+02
8.8000000001726121e+01
-1.8840296796160610e-10
-1.8949901566924030e-10
-2.0766863447249879e-10
-2.3362976172548559e-10
-2.4190525488320194e-10
-7.3756589172009922e-11
-8.8000000036812537e+01
-1.7600000002018760e+02
-2.6400000002022784e+02
-3.5200000002020806e+02
-4.3999999998909948e+02
-4.4005926899862476e+02
-4.4000000018436879e+02
-4.3994417941701101e+02
-4.3999873243304131e+02
-4.4004088528850485e+02
-3.5200000001078229e+02
-2.6404710264398142e+02
-1.7600000012601052e+02
-8.8000000000072617e+01
-7.0145209433596812e-11
-2.0563770114742930e-11
-5.5608856129180952e-11
-6.6779264820489151e-11
-1.2856914326799740e-10
-1.7270530605042204e-10
8.7999999963255419e+01
1.7599999997981888e+02
2.6399999997987163e+02
3.5199999997990540e+02
4.3999999997990909e+02
4.3999999991357816e+02
4.3999999984724013e+02
4.3999999978094513e+02
4.3999999971463853e+02
4.3999999964831079e+02
3.5199999996318394e+02
2.6399999997987220e+02
1.7599999997977045e+02
8.7999999979727903e+01
-1.8650286098731513e-10
-2.0582175947116689e-10
-1.4945620039806069e-10
-2.1419963679962737e-10
-3.0279758428461003e-10
-4.1976139145998163e-10
-8.8000000037013109e+01
-1.7600000002035364e+02
-2.6400000002034676e+02
-3.5200000002034085e+02
-4.3999819554944088e+02
-4.4005925261399818e+02
-4.3999045587663960e+02
-4.3992165918563211e+02
-4.4000000018524395e+02
-4.4005911823431262e+02
-3.5200000001128421e+02
-2.6402891709069331e+02
-1.7600000000379174e+02
-8.8000000020643640e+01
-5.3373391213724654e-10
-4.1864332382528399e-10
-4.9997649768226886e-10
-4.3295046148451594e-10
-3.9910853441395703e-10
-3.4710058853224344e-10
8.7999999962761692e+01
1.7599999997918471e+02
2.6399999997921327e+02
3.5199999997915825e+02
4.3999999997917587e+02
4.3999999987190290e+02
4.3999999976463039e+02
4.3999999965733559e+02
4.3999999954998157e+02
4.3999999944273901e+02
3.5199999996255349e+02
2.6399999997921270e+02
1.7599999997915089e+02
8.7999999979173211e+01
-7.7658733662499675e-10
-8.6156478633108703e-10
-7.8136323646784556e-10
-7.8785917098849193e-10
-7.9686977762709480e-10
-8.0466572625109357e-10
