0.0000000000000000e+00
8.8000000037622826e+01
1.7600000003491249e+02
2.6400000003494097e+02
3.5200699356640263e+02
4.4001377277737117e+02
4.4000000014397654e+02
4.4000170226850224e+02
4.4000087126147918e+02
4.4000044319941094e+02
4.4000022584862660e+02
3.5202547917657148e+02
2.6400000013372670e+02
1.7600000000931249e+02
8.8000000034803122e+01
9.7304195051118819e-11
9.2679769006725805e-11
1.3220432015061098e-10
1.6494992867852064e-10
2.2502564229616230e-10
2.0483696521421834e-10
8.7999999962493746e+01
1.7599999996519398e+02
2.6399999996523070e+02
3.5199999996522081e+02
4.3999926972476356e+02
4.3995056977695714e+02
4.3999997474631232e+02
4.3999998335617397e+02
4.3999999219378020e+02
4.3999999601642901e+02
3.5199999998249677e+02
2.6399999996507734e+02
1.7599999996502567e+02
8.7999999965083887e+01
1.6372449396528049e-10
2.3623367169749718e-10
2.1460806831561355e-10
2.6324580065105060e-10
3.3290388257783830e-10
3.9439314329996736e-10
8.8000000037740890e+01
1.7600000003500747e+02
2.6400000003506773e+02
3.5200000003508785e+02
4.4000001110299752e+02
4.4004643849084744e+02
4.4000000126710893e+02
4.4000000012194550e+02
4.4000000013460505e+02
4.4007885922492932e+02
3.5200000001864839e+02
2.6399999999453632e+02
1.7600000003488688e+02
8.8000000034821596e+01
6.2497433513186667e-11
5.6774968838467938e-11
6.8479975890984838e-11
9.0181175220109264e-11
1.5088188248317474e-10
1.9369503997544147e-10
8.7999999962460478e+01
1.7599999996519671e+02
2.6399999996519171e+02
3.5199999996519580e+02
4.3999999958250328e+02
4.3995403185242833e+02
4.3999999992310984e+02
4.4004441453234926e+02
4.3999999982514544e+02
4.3998596889521349e+02
3.5199999998067801e+02
2.6396122138436493e+02
1.7599999981343470e+02
8.7999999996104151e+01
-5.5854510589930200e-11
-4.1395331451363251e-11
2.2109538032585497e-12
6.0716257317241784e-11
1.3058801108077980e-10
1.7550600997340362e-10
8.8000000037699095e+01
1.7600000003497772e+02
2.6400000003500219e+02
3.5200000003502527e+02
4.4000000000985574e+02
4.4004597774839101e+02
4.4000000015000637e+02
4.3995919460064016e+02
4.3999809862624932e+02
4.4001840238984971e+02
3.5200000001895796e+02
2.6403439195732818e+02
1.7600000016770747e+02
8.8000000005626234e+01
-8.3565695790684543e-12
-1.3263025056642500e-12
9.6360673429715770e-12
1.2482024364226501e-10
1.4327835641229541e-10
1.7882279716759896e-10
8.7999999962413455e+01
1.7599999996509493e+02
2.6399999996518000e+02
3.5199999996515288e+02
4.3999999996513367e+02
4.3999999993396091e+02
4.3999999990279275e+02
4.3999999987161726e+02
4.3999999984042859e+02
4.3999999980923957e+02
3.5199999996234254e+02
2.6399999996509320e+02
1.7599999996506006e+02
8.7999999965075446e+01
-1.5248549432309567e-10
-1.6851861109045725e-10
-1.2287142214774417e-10
-8.7502618620273552e-11
3.8419164951868568e-11
8.7881844126038417e-11
8.8000000037775848e+01
1.7600000003506673e+02
2.6400000003505244e+02
3.5200000003502373e+02
4.3999729333183461e+02
4.4004596792054468e+02
4.3998568369870736e+02
4.3992539950628742e+02
4.4000000015613369e+02
4.4004576632173786e+02
3.5200000001908444e+02
2.6400705353516520e+02
1.7600000007167893e+02
8.8000000020966269e+01
1.2382076773358469e-10
6.1496414789037575e-11
-3.3438758517403441e-11
-9.9995364430778205e-11
-1.2912365826846891e-10
-8.2336480730404624e-11
8.7999999962266955e+01
1.7599999996488896e+02
2.6399999996489396e+02
3.5199999996494006e+02
4.3999999996498053e+02
4.3999999990691657e+02
4.3999999984887927e+02
4.3999999979086493e+02
4.3999999973281354e+02
4.3999999967480085e+02
3.5199999996216195e+02
2.6399999996490931e+02
1.7599999996495777e+02
8.7999999964936322e+01
1.7840263427950824e-10
1.7122963528300761e-10
1.7438603264977406e-10
1.6345284165192913e-10
1.9949516600192883e-10
2.3077358122028054e-10
