2.9999999999999983e+02
2.9999999999999983e+02
2.9999999999999983e+02
2.9999999999999983e+02
3.5200699356640285e+02
4.4001377277737123e+02
4.4000000014397676e+02
4.4000170226850202e+02
4.4000087126147918e+02
4.4000044319941117e+02
4.4000022584862609e+02
4.2338119480281932e+02
4.2338119480281932e+02
4.2338119480281932e+02
4.2338119480281932e+02
4.2338119480281932e+02
4.2338119480281932e+02
4.2338119480281932e+02
4.2338119480281932e+02
4.2338119480281932e+02
4.2338119480281932e+02
4.2338119480281932e+02
4.2338119480281932e+02
4.2338119480281932e+02
4.2338119480281932e+02
4.3999926972476356e+02
4.3995056977695720e+02
4.3999997474631232e+02
4.3999998335617414e+02
4.3999999219378049e+02
4.3999999601642912e+02
4.3778912845831110e+02
4.3778912845831110e+02
4.3778912845831110e+02
4.3778912845831110e+02
4.3778912845831110e+02
4.3778912845831110e+02
4.3778912845831110e+02
4.3778912845831110e+02
4.3778912845831110e+02
4.3778912845831110e+02
4.3778912845831110e+02
4.3778912845831110e+02
4.3778912845831110e+02
4.3778912845831110e+02
4.4000001110299741e+02
4.4004643849084721e+02
4.4000000126710916e+02
4.4000000012194550e+02
4.4000000013460533e+02
4.4007885922492926e+02
4.3973235924811809e+02
4.3973235924811809e+02
4.3973235924811809e+02
4.3973235924811809e+02
4.3973235924811809e+02
4.3973235924811809e+02
4.3973235924811809e+02
4.3973235924811809e+02
4.3973235924811809e+02
4.3973235924811809e+02
4.3973235924811809e+02
4.3973235924811809e+02
4.3973235924811809e+02
4.3973235924811809e+02
4.3999999958250339e+02
4.3995403185242856e+02
4.3999999992310990e+02
4.4004441453234904e+02
4.3999999982514566e+02
4.3998596889521355e+02
4.3996350119324927e+02
4.3996350119324927e+02
4.3996350119324927e+02
4.3996350119324927e+02
4.3996350119324927e+02
4.3996350119324927e+02
4.3996350119324927e+02
4.3996350119324927e+02
4.3996350119324927e+02
4.3996350119324927e+02
4.3996350119324927e+02
4.3996350119324927e+02
4.3996350119324927e+02
4.3996350119324927e+02
4.4000000000985551e+02
4.4004597774839112e+02
4.4000000015000614e+02
4.3999608194383956e+02
4.3999809862624920e+02
4.4001840238984948e+02
4.4000287078196686e+02
4.4000287078196686e+02
4.4000287078196686e+02
4.4000287078196686e+02
4.4000287078196686e+02
4.4000287078196686e+02
4.4000287078196686e+02
4.4000287078196686e+02
4.4000287078196686e+02
4.4000287078196686e+02
4.4000287078196686e+02
4.4000287078196686e+02
4.4000287078196686e+02
4.4000287078196686e+02
4.4000287078196686e+02
4.4000287078196686e+02
4.4000287078196686e+02
4.4000287078196686e+02
4.4000287078196686e+02
4.4000287078196686e+02
4.4000287078196686e+02
4.4000287078196686e+02
4.4000287078196686e+02
4.4000287078196686e+02
4.4000287078196686e+02
4.4000287078196686e+02
4.4000287078196686e+02
4.4000287078196686e+02
4.4000287078196686e+02
4.4000287078196686e+02
4.4000287078196686e+02
4.4000287078196686e+02
4.4000287078196686e+02
4.4000287078196686e+02
4.4000287078196686e+02
4.4004596792054474e+02
4.4001518425013205e+02
4.4001518425013205e+02
4.4001518425013205e+02
4.4004576632173740e+02
4.4002392198487632e+02
4.4002392198487632e+02
4.4002392198487632e+02
4.4002392198487632e+02
4.4002392198487632e+02
4.4002392198487632e+02
4.4002392198487632e+02
4.4002392198487632e+02
4.4002392198487632e+02
4.4002392198487632e+02
4.4002392198487632e+02
4.4002392198487632e+02
4.4002392198487632e+02
4.4002392198487632e+02
4.4002392198487632e+02
4.4002392198487632e+02
4.4002392198487632e+02
4.4002392198487632e+02
4.4002392198487632e+02
4.4002392198487632e+02
4.4002392198487632e+02
4.4002392198487632e+02
4.4002392198487632e+02
4.4002392198487632e+02
4.4002392198487632e+02
4.4002392198487632e+02
4.4002392198487632e+02
4.4002392198487632e+02
4.4002392198487632e+02
4.4002392198487632e+02
