0.0000000000000000e+00
8.2336907499522110e-10
1.4766633031084886e-08
1.4772588064697049e-08
-8.3621473087352998e-03
-1.6534834910570794e-02
-2.4597136646125135e-08
-2.0185444138460826e-03
-1.0305292830195176e-03
-5.2562056270966735e-04
-2.6814002621658255e-04
-1.7050162895165380e-02
5.6659145974920292e-08
3.7771455873649656e-09
1.4580870115876743e-08
-2.4356973604003324e-10
-1.4423259325715470e-10
-1.7035367952554938e-10
-2.3690213648149131e-10
-3.0931395628522353e-10
-2.6118812705715478e-10
6.9623553251014782e-10
1.4617923463568007e-08
1.4493010220796154e-08
1.4521392851948851e-08
-8.5792030154792690e-04
-1.5799083006198898e-02
-3.2720491161954951e-05
-1.8786105461720787e-05
-9.2982288782442429e-06
-4.7441527574393093e-06
7.1451245990861545e-09
1.4609309467337417e-08
1.4570876558105366e-08
1.4507606166116489e-08
-2.7408303657390408e-10
-3.7025762197312755e-10
-3.4980004959732717e-10
-4.8459121076456200e-10
-5.7603768446321844e-10
-5.3691882715162383e-10
3.4034145585439357e-10
1.4304727085482524e-08
1.4318698061928793e-08
1.4325372943852607e-08
-1.4675437507446861e-05
-1.3598674384448752e-02
-1.0263298389094655e-06
-2.4129858392816798e-07
-1.6069360524039784e-07
2.6284463805276270e-02
7.5042455457546844e-09
1.3001435760095935e-08
1.4430266789979215e-08
1.4350426581981118e-08
-4.1739551868250164e-10
-4.9410695577496633e-10
-2.9232550170690857e-10
-3.0200997771522322e-10
-4.7171100290122797e-10
-4.1436621297308457e-10
4.7165910465340724e-10
1.4234888455422743e-08
1.4209712550861419e-08
1.4238588794361213e-08
-2.5715502309251268e-07
-1.3410597240014709e-02
6.3929731711135091e-09
1.3928205749873426e-02
-5.0584564013891300e-08
-2.4056238058714076e-02
7.8248048128826626e-09
-1.1153642980034585e-02
3.4795542550952709e-08
5.4989621431727818e-09
-2.6534966648934420e-10
-2.2993514050277580e-10
-2.4396460943222081e-10
-3.1625600815395152e-10
-2.7280986491938652e-10
-1.2971092513220861e-10
8.0220210929265622e-10
1.4682590198877350e-08
1.4668683283529741e-08
1.4693511304741286e-08
2.0646564546313705e-08
-1.3291250350823234e-02
-3.4483492914735142e-08
1.5015183519758699e-02
-6.3380691368760658e-04
-2.2482898771494106e-02
8.0843487218936908e-09
-1.2710686700357748e-02
4.1582677870531470e-08
5.4763208706326723e-09
-1.0837966949840964e-10
2.7182696571546544e-11
-2.4333960607885248e-11
-1.4781690733508421e-11
-3.6213448818832916e-11
-6.8629527063178819e-11
7.7176456709930571e-10
1.4665168239849452e-08
1.4628952105830913e-08
1.4713259152193802e-08
1.4739901937310453e-08
-2.0441060920460549e-08
-5.5613889451689873e-08
-9.0732809163221533e-08
-1.2588564974210141e-07
-1.6102227836429339e-07
7.8975918996485814e-10
1.4744127072747855e-08
1.4663113159854458e-08
1.4595083129730358e-08
-1.5436050466263454e-10
-2.1614241718150598e-10
-4.9494092078837433e-12
-1.0539389743528767e-11
4.0048092182063258e-12
-6.5147227935761546e-11
7.2447609089973957e-10
1.4666610506542241e-08
1.4662402778441865e-08
1.4658085432809453e-08
-9.0221763043673068e-04
-1.3284693488927414e-02
-4.7721779475782492e-03
3.7403206642433844e-03
-2.9117623939715973e-08
-1.3351912588331216e-02
7.7974401108595347e-09
-2.1863555533212373e-02
6.7867855074295721e-08
3.3870609627250269e-10
-2.6720646372473143e-10
-1.7063559335269304e-10
-2.6782373208749500e-10
-2.4578971584137804e-10
-2.4507835817620601e-10
-3.2282389267151099e-10
5.2130160063616925e-10
1.4298691210121444e-08
1.4329459068438932e-08
1.4198540040086280e-08
1.4187205376935845e-08
-3.5009932976464054e-08
-8.4250852266186149e-08
-1.3354192087988517e-07
-1.8285691671343697e-07
-2.3205902184029345e-07
3.4989445638791520e-10
1.4241066546632537e-08
1.4157643060074745e-08
1.4262549394853185e-08
-5.4510398676396760e-10
-5.8660417636022770e-10
-4.8773231683200426e-10
-4.8687382037084260e-10
-5.0527813578763662e-10
-4.7472668381270692e-10
