0.0000000000000000e+00
-8.0000000033819056e-04
-1.6000000002497480e-03
-2.4000000002496573e-03
-4.2400000026904970e-03
-7.0080000020453850e-03
-7.4016001141720359e-03
-7.4804248287324024e-03
-7.4960790554084514e-03
-7.4992155654184569e-03
-7.5023520852661122e-03
-6.7016636189463942e-03
-5.9016636105580699e-03
-5.1016636108987224e-03
-4.3016636108990751e-03
-3.5016636106501532e-03
-3.5016636106504446e-03
-3.5016636106504229e-03
-3.5016636106502586e-03
-3.5016636106499489e-03
-3.5016636106500144e-03
-2.7016636109873007e-03
-1.9016636108993930e-03
-1.1016636108988980e-03
-3.0166361089894994e-04
4.9833638910065441e-04
4.9833638214028995e-04
4.9833637517861435e-04
4.9833636821735195e-04
4.9833636125634119e-04
4.9833635429491669e-04
-3.0166361098810058e-04
-1.1016636108998712e-03
-1.9016636109004126e-03
-2.7016636109006278e-03
-3.5016636106508323e-03
-3.5016636106509355e-03
-3.5016636106513215e-03
-3.5016636106511749e-03
-3.5016636106511528e-03
-3.5016636106512847e-03
-4.3016636109899104e-03
-5.1016636109016246e-03
-5.9016636109023926e-03
-6.7016636109019567e-03
-7.5016636109024402e-03
-7.5014982078905196e-03
-7.5016636107626189e-03
-7.5018290136623020e-03
-7.5016636127774507e-03
-7.5014982119199543e-03
-6.7016636109883572e-03
-5.9016636113040245e-03
-5.1016636109013185e-03
-4.3016636109014334e-03
-3.5016636106529240e-03
-3.5016636106530510e-03
-3.5016636106530983e-03
-3.5016636106532549e-03
-3.5016636106534292e-03
-3.5016636106536218e-03
-2.7016636109912255e-03
-1.9016636109039642e-03
-1.1016636109032502e-03
-3.0166361090388041e-04
4.9833638909676646e-04
4.9833638213517164e-04
4.9833637517440429e-04
4.9833636821321268e-04
4.9833636125189097e-04
4.9833635429036586e-04
-3.0166361099104739e-04
-1.1016636109029191e-03
-1.9016636109029934e-03
-2.7016636109028751e-03
-3.5016636106527735e-03
-3.5016636106529153e-03
-3.5016636106528134e-03
-3.5016636106525102e-03
-3.5016636106526022e-03
-3.5016636106529014e-03
