0.0000000000000000e+00
2.0000000008949361e-04
4.0000000014664406e-04
6.0000000014663883e-04
1.3200000012907670e-03
2.5040000009938198e-03
2.7008000442980029e-03
2.7401670562631534e-03
2.7480377055908774e-03
2.7496077107152695e-03
2.7511777133755557e-03
2.5508318102111607e-03
2.3508318053523324e-03
2.1508318054694097e-03
1.9508318054691867e-03
1.7508318053225821e-03
1.7508318053223696e-03
1.7508318053226835e-03
1.7508318053225207e-03
1.7508318053226948e-03
1.7508318053228895e-03
1.5508318054114122e-03
1.3508318054683383e-03
1.1508318054688623e-03
9.5083180546878354e-04
7.5083180546872729e-04
7.5083180511094783e-04
7.5083180475206694e-04
7.5083180439322920e-04
7.5083180403561606e-04
7.5083180367656994e-04
9.5083180541306379e-04
1.1508318054698377e-03
1.3508318054702621e-03
1.5508318054705461e-03
1.7508318053234646e-03
1.7508318053230259e-03
1.7508318053230177e-03
1.7508318053221970e-03
1.7508318053220894e-03
1.7508318053220072e-03
1.9508318054127813e-03
2.1508318054696135e-03
2.3508318054691448e-03
2.5508318054690360e-03
2.7508318054691172e-03
2.7505854553899634e-03
2.7508318052811460e-03
2.7510781551116719e-03
2.7508318051897114e-03
2.7505854552065155e-03
2.5508318054107393e-03
2.3508318053800806e-03
2.1508318054689092e-03
1.9508318054691032e-03
1.7508318053227148e-03
1.7508318053221731e-03
1.7508318053219350e-03
1.7508318053215972e-03
1.7508318053204778e-03
1.7508318053202012e-03
1.5508318054098234e-03
1.3508318054677212e-03
1.1508318054680796e-03
9.5083180546840374e-04
7.5083180546837839e-04
7.5083180510955431e-04
7.5083180475120955e-04
7.5083180439211702e-04
7.5083180403277816e-04
7.5083180367376261e-04
9.5083180541233954e-04
1.1508318054695948e-03
1.3508318054693941e-03
1.5508318054694144e-03
1.7508318053225985e-03
1.7508318053230929e-03
1.7508318053227846e-03
1.7508318053233542e-03
1.7508318053238686e-03
1.7508318053243430e-03
