0.0000000000000000e+00
2.0000000008949361e-04
4.0000000014708533e-04
6.0000000014722430e-04
1.3200000012910690e-03
2.5040000009948042e-03
2.7008000442980788e-03
2.7401670562634509e-03
2.7480377055906016e-03
2.7496077107159751e-03
2.7511777133765181e-03
2.5508318102127094e-03
2.3508318053540814e-03
2.1508318054711921e-03
1.9508318054710272e-03
1.7508318053246240e-03
1.7508318053243452e-03
1.7508318053243237e-03
1.7508318053246663e-03
1.7508318053242869e-03
1.7508318053232792e-03
1.5508318054127186e-03
1.3508318054697476e-03
1.1508318054698238e-03
9.5083180546998202e-04
7.5083180547044672e-04
7.5083180511157613e-04
7.5083180475193868e-04
7.5083180439283368e-04
7.5083180403384686e-04
7.5083180367457717e-04
9.5083180541373101e-04
1.1508318054703655e-03
1.3508318054703487e-03
1.5508318054705801e-03
1.7508318053236886e-03
1.7508318053240230e-03
1.7508318053236045e-03
1.7508318053238046e-03
1.7508318053238332e-03
1.7508318053234019e-03
1.9508318054125371e-03
2.1508318054693615e-03
2.3508318054699848e-03
2.5508318054703206e-03
2.7508318054702244e-03
2.7505854553910155e-03
2.7508318052819436e-03
2.7510781551130740e-03
2.7508318051909560e-03
2.7505854552073621e-03
2.5508318054122121e-03
2.3508318053811700e-03
2.1508318054700155e-03
1.9508318054701464e-03
1.7508318053233887e-03
1.7508318053228440e-03
1.7508318053224363e-03
1.7508318053232265e-03
1.7508318053231901e-03
1.7508318053228698e-03
1.5508318054121674e-03
1.3508318054689409e-03
1.1508318054695443e-03
9.5083180546967378e-04
7.5083180546968258e-04
7.5083180511115958e-04
7.5083180475186452e-04
7.5083180439289516e-04
7.5083180403395940e-04
7.5083180367425376e-04
9.5083180541292317e-04
1.1508318054695322e-03
1.3508318054693330e-03
1.5508318054694324e-03
1.7508318053223878e-03
1.7508318053234850e-03
1.7508318053237625e-03
1.7508318053245143e-03
1.7508318053253186e-03
1.7508318053259830e-03
