0.0000000000000000e+00
0.0000000000000000e+00
0.0000000000000000e+00
0.0000000000000000e+00
1.0400000019251195e-03
3.0080000015755676e-03
3.4016000767094624e-03
3.4803741024544699e-03
3.4960770109475504e-03
3.4992154857651720e-03
3.5016636106491869e-03
3.5016636106491869e-03
3.5016636106491869e-03
3.5016636106491869e-03
3.5016636106491869e-03
3.5016636106491869e-03
3.5016636106491869e-03
3.5016636106491869e-03
3.5016636106491869e-03
3.5016636106491869e-03
3.5016636106491869e-03
3.5016636106491869e-03
3.5016636106491869e-03
3.5016636106491869e-03
3.5016636106491869e-03
3.5016636106491869e-03
3.5016636106491869e-03
3.5016636106491869e-03
3.5016636106491869e-03
3.5016636106491869e-03
3.5016636106491869e-03
3.5016636106491869e-03
3.5016636106491869e-03
3.5016636106491869e-03
3.5016636106491869e-03
3.5016636106491869e-03
3.5016636106491869e-03
3.5016636106491869e-03
3.5016636106491869e-03
3.5016636106491869e-03
3.5016636106491869e-03
3.5016636106491869e-03
3.5016636106491869e-03
3.5016636106491869e-03
3.5016636106491869e-03
3.5016636106491869e-03
3.5016636106491869e-03
3.5016636106491869e-03
3.5016636106491869e-03
3.5016636106491869e-03
3.5016636106491869e-03
3.5016636106491869e-03
3.5016636106491869e-03
3.5016636106491869e-03
3.5016636106491869e-03
3.5016636106491869e-03
3.5016636106491869e-03
3.5016636106491869e-03
3.5016636106491869e-03
3.5016636106491869e-03
3.5016636106491869e-03
3.5016636106491869e-03
3.5016636106491869e-03
3.5016636106491869e-03
3.5016636106491869e-03
3.5016636106491869e-03
3.5016636106491869e-03
3.5016636106491869e-03
3.5016636106491869e-03
3.5016636106491869e-03
3.5016636106491869e-03
3.5016636106491869e-03
3.5016636106491869e-03
3.5016636106491869e-03
3.5016636106491869e-03
3.5016636106491869e-03
3.5016636106491869e-03
3.5016636106491869e-03
3.5016636106491869e-03
3.5016636106491869e-03
3.5016636106491869e-03
