0.0000000000000000e+00
8.7048282883939981e-10
1.4840656822002558e-08
1.4842085916000820e-08
2.4103712962689734e-08
1.5659982268470984e-08
-6.0232679120138942e-07
-5.7510698908061850e-03
-2.3073570127218120e-04
-9.1661946443037164e-06
3.0586933831054867e-02
4.9500282064112028e-07
8.9204036824700008e-09
1.4572730499228668e-08
1.4526832734278285e-08
-2.9854970335496782e-10
-3.3602711912497492e-10
-3.0600771960828902e-10
-3.0662523512031034e-10
-3.0369136013891462e-10
-3.2427897917947111e-10
4.7146403980390065e-10
1.4354188311537956e-08
1.4464504786869411e-08
1.4438923364116814e-08
1.4430193325446410e-08
-3.5483481159103163e-07
-7.2437794705609174e-07
-1.0938391196036452e-06
-1.4631138923184192e-06
-1.8326136260836827e-06
6.8931949994058889e-10
1.4545045700791268e-08
1.4560473574842909e-08
1.4584038643097479e-08
-2.8944407666474988e-10
-3.4846443292154639e-10
-3.9828406100414265e-10
-5.0894956135209825e-10
-5.0467594097466171e-10
-5.3604989528816333e-10
4.7164958112031999e-10
1.4324584149487121e-08
1.4279216423016604e-08
1.4290280284654692e-08
1.4270116383641086e-08
-3.6079867137014651e-02
-1.2673850433003974e-08
3.6079829921863600e-02
-1.1742584381002163e-07
-3.6080076732353722e-02
2.4229487877575679e-10
-1.9045905264528658e-08
1.4290463733881827e-08
1.4320285596138746e-08
-5.1424372108778211e-10
-5.5882439622479287e-10
-6.1899566859725117e-10
-6.3755230975883341e-10
-7.7284098469507500e-10
-8.4170403080315852e-10
9.9713717990970598e-11
1.4053868276965108e-08
1.4151577560032311e-08
1.4131581078103726e-08
1.4175028631259306e-08
-3.5530324229401611e-07
-7.2471519787146115e-07
-1.0941634403156087e-06
-1.4637063455012143e-06
-1.8332232473961988e-06
4.1074274725070623e-10
1.4319574303883921e-08
1.4269397448277524e-08
1.4272974780175561e-08
-5.6757789903944320e-10
-4.6500289062625549e-10
-4.9810647928905717e-10
-3.8111015000325990e-10
-3.0082682376166643e-10
-2.3337038869278985e-10
