0.0000000000000000e+00
8.8000000037636184e+01
1.7600000003489035e+02
2.6400000003489691e+02
3.5200000009625569e+02
4.4000000005952734e+02
4.4000000381971722e+02
4.4000270435562891e+02
4.4000010952283282e+02
4.4000000417878294e+02
4.4009102567480733e+02
3.5200000116022932e+02
2.6399999999448357e+02
1.7600000003479229e+02
8.8000000034796770e+01
2.3891547596900266e-11
4.9325063937486730e-11
8.0640420254684984e-11
6.1636301014263460e-11
6.1675961901336917e-11
1.0754771734621601e-10
8.7999999962527511e+01
1.7599999996527464e+02
2.6399999996527157e+02
3.5199999996527652e+02
4.3999999996525003e+02
4.3999999938425452e+02
4.3999999880323355e+02
4.3999999822223509e+02
4.3999999764119968e+02
4.3999999706020503e+02
3.5199999996237142e+02
2.6399999996514140e+02
1.7599999996508049e+02
8.7999999965044225e+01
5.1939373493417582e-11
2.2076902981649624e-11
-5.4551484895180034e-12
6.2187683946916849e-11
8.4264172190335092e-11
4.1829731317181875e-11
8.8000000037720724e+01
1.7600000003495140e+02
2.6400000003502714e+02
3.5200000003500139e+02
4.4000000003503646e+02
4.3996376576304681e+02
4.4000000000621361e+02
4.4003623424647617e+02
4.4000000017546756e+02
4.3996376610148991e+02
3.5200000003751819e+02
2.6400000006257591e+02
1.7600000003495560e+02
8.8000000034991189e+01
1.3400640971175516e-10
1.4700189856719491e-10
1.3615998050524206e-10
1.7237826054942461e-10
1.9082594433971753e-10
1.8767156181207319e-10
8.7999999962265321e+01
1.7599999996493366e+02
2.6399999996495222e+02
3.5199999996489839e+02
4.3999999996495080e+02
4.3999999938389351e+02
4.3999999880292211e+02
4.3999999822191307e+02
4.3999999764093991e+02
4.3999999705995253e+02
3.5199999996219026e+02
2.6399999996493182e+02
1.7599999996494751e+02
8.7999999964958221e+01
1.9754355252763918e-10
2.2326790884973044e-10
2.1134082384699281e-10
2.4451508344246277e-10
2.6716988769904818e-10
3.1448581892135933e-10
