2.9999999999999983e+02
2.9999999999999983e+02
2.9999999999999983e+02
2.9999999999999983e+02
3.5200000009625569e+02
4.4000000005952683e+02
4.4000000381971722e+02
4.4000270435562879e+02
4.4000010952283270e+02
4.4000000417878312e+02
4.4009102567480727e+02
4.4006654442596721e+02
4.4006654442596721e+02
4.4006654442596721e+02
4.4006654442596721e+02
4.4006654442596721e+02
4.4006654442596721e+02
4.4006654442596721e+02
4.4006654442596721e+02
4.4006654442596721e+02
4.4006654442596721e+02
4.4006654442596721e+02
4.4006654442596721e+02
4.4006654442596721e+02
4.4006654442596721e+02
4.4006654442596721e+02
4.4006654442596721e+02
4.4006654442596721e+02
4.4006654442596721e+02
4.4006654442596721e+02
4.4006654442596721e+02
4.4006654442596721e+02
4.4006654442596721e+02
4.4006654442596721e+02
4.4006654442596721e+02
4.4006654442596721e+02
4.4006654442596721e+02
4.4006654442596721e+02
4.4006654442596721e+02
4.4006654442596721e+02
4.4006654442596721e+02
4.4006654442596721e+02
4.4006654442596721e+02
4.4006654442596721e+02
4.4006654442596721e+02
4.4006654442596721e+02
4.4006654442596721e+02
4.4006654442596721e+02
4.4006654442596721e+02
4.4006654442596721e+02
4.4006654442596721e+02
4.4006654442596721e+02
4.4006654442596721e+02
4.4006654442596721e+02
4.4006654442596721e+02
4.4006654442596721e+02
4.4006654442596721e+02
4.4006654442596721e+02
4.4006654442596721e+02
4.4006654442596721e+02
4.4006654442596721e+02
4.4006654442596721e+02
4.4006654442596721e+02
4.4006654442596721e+02
4.4006654442596721e+02
4.4006654442596721e+02
4.4006654442596721e+02
4.4006654442596721e+02
4.4006654442596721e+02
4.4006654442596721e+02
4.4006654442596721e+02
4.4006654442596721e+02
4.4006654442596721e+02
4.4006654442596721e+02
4.4006654442596721e+02
4.4006654442596721e+02
4.4006654442596721e+02
4.4006654442596721e+02
4.4006654442596721e+02
4.4006654442596721e+02
4.4006654442596721e+02
