0.0000000000000000e+00
-8.8000000036765698e+01
-1.7600000002003617e+02
-2.6400000002003287e+02
-3.5200000007214084e+02
-4.4000000004384697e+02
-4.4000000442205561e+02
-4.4000845542552361e+02
-4.4000034025856166e+02
-4.4000001334496517e+02
-4.4006043874095519e+02
-3.5200000066519164e+02
-2.6399999998551255e+02
-1.7600000002016540e+02
-8.8000000020227390e+01
-2.5785000001159102e-10
-3.0507455523424637e-10
-2.9883170067905967e-10
-2.9227115106831510e-10
-2.6369120690876945e-10
-2.9643165543766546e-10
8.7999999963032508e+01
1.7599999997967893e+02
2.6399999997977568e+02
3.5199999997976897e+02
4.3999999997976198e+02
4.3999999902943944e+02
4.3999999807885450e+02
4.3999999712837376e+02
4.3999999617800734e+02
4.3999999522749721e+02
3.5199999996307315e+02
2.6399999997969644e+02
1.7599999997963820e+02
8.7999999979627262e+01
-3.2201649404030690e-10
-3.4666350666927790e-10
-4.2661483310571976e-10
-4.4879142230068363e-10
-4.3759588599631629e-10
-4.6914261205388650e-10
-8.8000000037252732e+01
-1.7600000002061350e+02
-2.6400000002070271e+02
-3.5200000002064172e+02
-4.4000000002071602e+02
-4.3999984563012833e+02
-4.4000000001883780e+02
-4.4000015441648219e+02
-4.4000000029282785e+02
-4.3999984617816881e+02
-3.5200000003719265e+02
-2.6400000008157269e+02
-1.7600000002059866e+02
-8.8000000020611679e+01
-6.8430354091825863e-10
-7.1254876580713778e-10
-7.5090031628315226e-10
-7.4968873481943761e-10
-8.1256344719782072e-10
-8.6410537773113408e-10
8.7999999962466646e+01
1.7599999997904530e+02
2.6399999997916689e+02
3.5199999997908992e+02
4.3999999997918678e+02
4.3999999902867080e+02
4.3999999807826049e+02
4.3999999712780442e+02
4.3999999617730862e+02
4.3999999522678854e+02
3.5199999996264745e+02
2.6399999997927790e+02
1.7599999997924627e+02
8.7999999979262185e+01
-6.4152906862909305e-10
-5.9168025765921803e-10
-5.9349390504299355e-10
-5.0128235936099183e-10
-4.6993309471117147e-10
-4.5852210140517300e-10
