0.0000000000000000e+00
8.7048282883939981e-10
1.4867776085481542e-08
1.4886036479351234e-08
2.4126207888916573e-08
1.5699978543116935e-08
-6.0235008708794355e-07
-5.7510698986469773e-03
-2.3073575684210898e-04
-9.1661700713434252e-06
3.0586933873040942e-02
4.9507261941170621e-07
9.0216623817990516e-09
1.4681045998598613e-08
1.4611844037998327e-08
-2.0850804565504176e-10
-2.4401650975418732e-10
-2.2472384853304638e-10
-2.2559793891802995e-10
-2.4996824850183444e-10
-3.4586306160036827e-10
5.3859282163431517e-10
1.4454287786285955e-08
1.4543668027378495e-08
1.4545661362714747e-08
1.4593831094396317e-08
-3.5479503291613014e-07
-7.2437999513993002e-07
-1.0938834894389108e-06
-1.4632707081014615e-06
-1.8328021555538583e-06
7.1427594336019981e-10
1.4565002856389722e-08
1.4555042661447111e-08
1.4581992255770961e-08
-2.8715436161485143e-10
-2.6906232455482434e-10
-3.5141614111204790e-10
-3.6572236639371811e-10
-3.4575191441102861e-10
-3.9497834754768339e-10
4.6427698602978091e-10
1.4351017429599280e-08
1.4369902264656593e-08
1.4429305483337320e-08
1.4370595233790540e-08
-3.6079867026361387e-02
-1.2574205084101097e-08
3.6079830066151591e-02
-1.1729476932527631e-07
-3.6080076625661296e-02
4.0878379354567897e-10
-1.8947701429482460e-08
1.4423389430823964e-08
1.4438667708437275e-08
-4.2586848182309010e-10
-4.8247109228954235e-10
-5.2263785266563078e-10
-4.5927688952816061e-10
-5.1669820620668699e-10
-5.8307328207285151e-10
3.0299511406478354e-10
1.4169121187096126e-08
1.4277653810284572e-08
1.4252032136935958e-08
1.4296511964982366e-08
-3.5514234760540762e-07
-7.2460820903262648e-07
-1.0940535239530801e-06
-1.4635560901363929e-06
-1.8331049568466919e-06
5.0377494891084915e-10
1.4373003515734271e-08
1.4328153069198176e-08
1.4334979274382452e-08
-5.2042708736037102e-10
-3.8341975524987208e-10
-3.6993304787470611e-10
-2.4641030665849154e-10
-1.3997236806464554e-10
-5.5126431099137043e-11
