0.0000000000000000e+00
-1.6000000054194063e-03
-4.2400000026514336e-03
-7.0077583406432074e-03
-7.4015661763981739e-03
-7.4804181760395501e-03
-5.8803675162036797e-03
-4.2803673925154500e-03
-3.4803673886278103e-03
-3.4803673886275054e-03
-3.4803673886272400e-03
-1.8803673940106999e-03
-2.8036739260630051e-04
5.3422177414960920e-04
5.3714499175911128e-04
5.4006820082475667e-04
-1.0601561835935863e-03
-2.6601560499172360e-03
-3.4601560439439672e-03
-3.4601560439440331e-03
-3.4601560439436879e-03
-5.0601560493624713e-03
-6.6601560479514297e-03
-7.4608629763250264e-03
-7.4609216008513553e-03
-7.4609802253816724e-03
-5.8605675643314216e-03
-4.2605674367711243e-03
-3.4605674341917107e-03
-3.4605674341915025e-03
-3.4605674341918078e-03
-1.8605674395758541e-03
-2.6056743817219976e-04
5.3943256145947771e-04
5.3943256142968568e-04
5.3943256139966076e-04
-1.0605674396118219e-03
-2.6605674381996874e-03
-3.4605674341922606e-03
-3.4605674341922606e-03
-3.4605674341926418e-03
-5.0605674396117916e-03
-6.6605674382006659e-03
-7.4609460749431988e-03
-7.4609419129853102e-03
-7.4609377510275084e-03
-5.8605674395815453e-03
-4.2605674369583773e-03
-3.4605674341934558e-03
-3.4605674341938860e-03
-3.4605674341940339e-03
-1.8605674395775727e-03
-2.6056743817389161e-04
5.3943256145781444e-04
5.3943256142812183e-04
5.3943256139863272e-04
-1.0605674396132682e-03
-2.6605674382015718e-03
-3.4605674341939780e-03
-3.4605674341942993e-03
-3.4605674341940344e-03
-5.0605674396136443e-03
-6.6605674382018655e-03
-7.4609460749440748e-03
-7.4609419129861030e-03
-7.4609377510271102e-03
-5.8605674395823173e-03
-4.2605674369581579e-03
-3.4605674341935799e-03
-3.4605674341943640e-03
-3.4605674341948748e-03
-1.8605674395783555e-03
-2.6056743817556339e-04
5.3943256145685698e-04
5.3943256142665067e-04
5.3943256139688835e-04
-1.0605674396138990e-03
-2.6605674382013272e-03
-3.4605674341941250e-03
-3.4605674341934155e-03
-3.4605674341937325e-03
