0.0000000000000000e+00
4.0000000143567934e-04
1.3200000012759082e-03
2.5038907158216467e-03
2.7007830754193630e-03
2.7401636801024005e-03
2.3401837698064898e-03
1.9401836965174820e-03
1.7401836943134381e-03
1.7401836943133748e-03
1.7401836943131792e-03
1.3401836957376843e-03
9.4018369664898159e-04
7.3273513456733707e-04
7.3125704499800762e-04
7.2977895324470251e-04
1.1300781031773261e-03
1.5300780239629142e-03
1.7300780219717815e-03
1.7300780219718038e-03
1.7300780219714307e-03
2.1300780234082277e-03
2.5300780243212471e-03
2.7302680725267217e-03
2.7302971208081504e-03
2.7303261690880612e-03
2.3302837940899785e-03
1.9302837188781292e-03
1.7302837170949164e-03
1.7302837170941952e-03
1.7302837170939118e-03
1.3302837185196412e-03
9.3028371942982264e-04
7.3028371700899685e-04
7.3028371700817004e-04
7.3028371700724251e-04
1.1302837185300494e-03
1.5302837194430150e-03
1.7302837170937919e-03
1.7302837170932585e-03
1.7302837170935135e-03
2.1302837185291274e-03
2.5302837194418606e-03
2.7303094210646686e-03
2.7303074395337605e-03
2.7303054580033051e-03
2.3302837185188788e-03
1.9302837188955606e-03
1.7302837170929128e-03
1.7302837170929217e-03
1.7302837170931964e-03
1.3302837185172499e-03
9.3028371942806797e-04
7.3028371700689491e-04
7.3028371700592173e-04
7.3028371700536911e-04
1.1302837185283130e-03
1.5302837194416067e-03
1.7302837170926995e-03
1.7302837170929154e-03
1.7302837170933983e-03
2.1302837185291725e-03
2.5302837194421668e-03
2.7303094210654245e-03
2.7303074395345342e-03
2.7303054580041647e-03
2.3302837185202067e-03
1.9302837188966573e-03
1.7302837170944940e-03
1.7302837170945771e-03
1.7302837170937333e-03
1.3302837185184644e-03
9.3028371942930471e-04
7.3028371700866747e-04
7.3028371700774568e-04
7.3028371700715002e-04
1.1302837185298718e-03
1.5302837194429483e-03
1.7302837170946228e-03
1.7302837170939955e-03
1.7302837170935449e-03
