0.0000000000000000e+00
4.0000000143567934e-04
1.3200000012759082e-03
2.5038907158216467e-03
2.7007830754194151e-03
2.7401636801024634e-03
2.3401837698072488e-03
1.9401836965185740e-03
1.7401836943137187e-03
1.7401836943135933e-03
1.7401836943133433e-03
1.3401836957380303e-03
9.4018369664873244e-04
7.3273513456755500e-04
7.3125704499817459e-04
7.2977895324434516e-04
1.1300781031772379e-03
1.5300780239622205e-03
1.7300780219716460e-03
1.7300780219710692e-03
1.7300780219705943e-03
2.1300780234069948e-03
2.5300780243199088e-03
2.7302680725263314e-03
2.7302971208079284e-03
2.7303261690879953e-03
2.3302837940896238e-03
1.9302837188780726e-03
1.7302837170949212e-03
1.7302837170945842e-03
1.7302837170942015e-03
1.3302837185194215e-03
9.3028371942978632e-04
7.3028371700916751e-04
7.3028371700850235e-04
7.3028371700702176e-04
1.1302837185302843e-03
1.5302837194430974e-03
1.7302837170942683e-03
1.7302837170940822e-03
1.7302837170947334e-03
2.1302837185302693e-03
2.5302837194435199e-03
2.7303094210658664e-03
2.7303074395345164e-03
2.7303054580037826e-03
2.3302837185189404e-03
1.9302837188956774e-03
1.7302837170933591e-03
1.7302837170933979e-03
1.7302837170934059e-03
1.3302837185179685e-03
9.3028371942831983e-04
7.3028371700734811e-04
7.3028371700658852e-04
7.3028371700559929e-04
1.1302837185279432e-03
1.5302837194415531e-03
1.7302837170927502e-03
1.7302837170924865e-03
1.7302837170924945e-03
2.1302837185282488e-03
2.5302837194413007e-03
2.7303094210646200e-03
2.7303074395334942e-03
2.7303054580030701e-03
2.3302837185184173e-03
1.9302837188944900e-03
1.7302837170921907e-03
1.7302837170916523e-03
1.7302837170920047e-03
1.3302837185165332e-03
9.3028371942723421e-04
7.3028371700570793e-04
7.3028371700510739e-04
7.3028371700471664e-04
1.1302837185270696e-03
1.5302837194403106e-03
1.7302837170920500e-03
1.7302837170927047e-03
1.7302837170925915e-03
