0.0000000000000000e+00
0.0000000000000000e+00
1.0400000018990013e-03
3.0078303131203729e-03
3.4015661389623628e-03
3.4803673886270306e-03
3.4803673886270306e-03
3.4803673886270306e-03
3.4803673886270306e-03
3.4803673886270306e-03
3.4803673886270306e-03
3.4803673886270306e-03
3.4803673886270306e-03
3.4953378503684816e-03
3.4982885077813543e-03
3.5005787333100098e-03
3.5005787333100098e-03
3.5005787333100098e-03
3.5005787333100098e-03
3.5005787333100098e-03
3.5005787333100098e-03
3.5005787333100098e-03
3.5005787333100098e-03
3.5008852452106617e-03
3.5009444777716111e-03
3.5009901235569124e-03
3.5009901235569124e-03
3.5009901235569124e-03
3.5009901235569124e-03
3.5009901235569124e-03
3.5009901235569124e-03
3.5009901235569124e-03
3.5009901235569124e-03
3.5009901235569124e-03
3.5009901235569124e-03
3.5009901235569124e-03
3.5009901235569124e-03
3.5009901235569124e-03
3.5009901235569124e-03
3.5009901235569124e-03
3.5009901235569124e-03
3.5009901235569124e-03
3.5009901235569124e-03
3.5009901235569124e-03
3.5009901235569124e-03
3.5009901235569124e-03
3.5009901235569124e-03
3.5009901235569124e-03
3.5009901235569124e-03
3.5009901235569124e-03
3.5009901235569124e-03
3.5009901235569124e-03
3.5009901235569124e-03
3.5009901235569124e-03
3.5009901235569124e-03
3.5009901235569124e-03
3.5009901235569124e-03
3.5009901235569124e-03
3.5009901235569124e-03
3.5009901235569124e-03
3.5009901235569124e-03
3.5009901235569124e-03
3.5009901235569124e-03
3.5009901235569124e-03
3.5009901235569124e-03
3.5009901235569124e-03
3.5009901235569124e-03
3.5009901235569124e-03
3.5009901235569124e-03
3.5009901235569124e-03
3.5009901235569124e-03
3.5009901235569124e-03
3.5009901235569124e-03
3.5009901235569124e-03
3.5009901235569124e-03
3.5009901235569124e-03
3.5009901235569124e-03
3.5009901235569124e-03
3.5009901235569124e-03
3.5009901235569124e-03
3.5009901235569124e-03
