0.0000000000000000e+00
1.7600000060324743e+02
3.5200000009494977e+02
4.3999151563702804e+02
4.4000000381691399e+02
4.4000270804172726e+02
2.6400001787015520e+02
8.8000000536171754e+01
5.4157385553463381e-11
-1.1936158564602006e-11
3.1854698990627323e-11
1.7599999940090692e+02
3.5199999944433040e+02
4.3996321863215331e+02
4.3996104688538259e+02
4.4004605158768652e+02
2.6399998056478319e+02
8.7999999299208369e+01
-1.3993297895630317e-11
1.2673828746757116e-11
6.7720686662609212e-11
1.7600000060317180e+02
3.5200000055932844e+02
4.4003847492743262e+02
4.4003837143647360e+02
4.4004006140012916e+02
2.6400001822784236e+02
8.8000000383903682e+01
-3.5512203680224636e-11
-3.6157024107596341e-11
-4.3991593488846517e-11
1.7599999940083120e+02
3.5199999944424940e+02
4.3999999962487539e+02
4.3999999962230902e+02
4.3999999961977733e+02
2.6399999939673279e+02
8.7999999440674728e+01
-3.1414573399567276e-11
-4.0900099184062208e-11
-2.8082298679359728e-11
1.7600000060323083e+02
3.5200000055939728e+02
4.4003558233552246e+02
4.4003504170849925e+02
4.4003450108151617e+02
2.6400000059961923e+02
8.8000000401926670e+01
-1.5107766787814172e-11
5.6654190227077914e-12
3.3418762934409388e-11
1.7599999940086190e+02
3.5199999944424343e+02
4.3999999962487732e+02
4.3999999962234398e+02
4.3999999961981513e+02
2.6399999939676843e+02
8.7999999440623199e+01
-8.8965748681603913e-11
-4.5346678061149015e-11
6.2695289082886123e-11
1.7600000060329984e+02
3.5200000055941155e+02
4.4003558233557186e+02
4.4003504170853762e+02
4.4003450108146097e+02
2.6400000059968733e+02
8.8000000401867325e+01
4.0161583591024757e-11
4.5527104388619810e-11
2.0310856645793652e-11
1.7599999940081241e+02
3.5199999944411240e+02
4.3999999962478171e+02
4.3999999962220426e+02
4.3999999961963715e+02
2.6399999939669840e+02
8.7999999440656040e+01
2.7904914915376324e-12
-5.0908794454490436e-11
-9.7063339984108517e-12
