0.0000000000000000e+00
1.4225670483189354e-08
2.4354223599000907e-08
-1.1347809671589726e-03
-6.0204915739076375e-07
-5.7571473011879077e-03
7.6733961503756861e-06
2.1684438877750563e-07
-7.2279954999802072e-11
-7.6558119584702282e-11
-1.0727680355484804e-10
1.3754551501226190e-08
2.3588487274379740e-07
-1.0323036607589488e-02
-1.2016299808643490e-02
-4.2769326273017855e-02
8.1475013016423007e-06
8.7471497814474833e-08
-9.3695642289926470e-11
-1.2758177423039812e-10
-1.6098309557327949e-10
1.4218186734145296e-08
2.3699463377369155e-07
-1.1142650867771376e-02
-1.1215865168650176e-02
-1.0691261798019233e-02
7.8247046756481013e-06
2.0007601668611149e-07
-2.6863443446616058e-10
-3.3699072444459828e-10
-3.9658450712197697e-10
1.3579742959714796e-08
2.3552735690110783e-07
-2.0672531985288572e-07
-2.0816513039758075e-07
-2.0968065270247486e-07
1.3866031608035292e-08
2.3665549902001765e-07
-4.7072862091910131e-10
-5.2021288876121799e-10
-4.6874077807956449e-10
1.3737036845240572e-08
2.3649810380615226e-07
-1.2136294573027728e-02
-1.2301917868645327e-02
-1.2467541118907174e-02
1.3219597513152927e-08
1.9493043051826207e-07
-6.4821155904959574e-10
-6.7258730962005543e-10
-6.5386096383743302e-10
1.3121301825552339e-08
2.3517269464521092e-07
-2.0717803162646193e-07
-2.0865020367138587e-07
-2.1008169572149848e-07
1.3435154734473747e-08
2.3627884277607438e-07
-7.9712982788994165e-10
-7.7812520206988465e-10
-7.1541575788556829e-10
1.3515501376017629e-08
2.3633593529115739e-07
-1.2136294628165983e-02
-1.2301917939039137e-02
-1.2467541100444421e-02
1.3243384615717006e-08
1.9493118928003051e-07
-6.2757754452794906e-10
-6.7451495037708146e-10
-7.6154090148364006e-10
1.3094682732017252e-08
2.3509257120104367e-07
-2.0712123716154327e-07
-2.0857668800890569e-07
-2.0998209097034799e-07
1.3535048736449332e-08
2.3638141376196524e-07
-6.1285560154128826e-10
-6.3434312317330124e-10
-7.0524295998406311e-10
