2.9999999999999983e+02
2.9999999999999983e+02
3.5200000009494977e+02
4.3999151563702833e+02
4.4000000381691422e+02
4.4000270804172771e+02
4.3921469554508099e+02
4.3921469554508099e+02
4.3921469554508099e+02
4.3921469554508099e+02
4.3921469554508099e+02
4.3921469554508099e+02
4.3921469554508099e+02
4.3996321863215354e+02
4.3996104688538242e+02
4.4004605158768663e+02
4.4002314933239995e+02
4.4002314933239995e+02
4.4002314933239995e+02
4.4002314933239995e+02
4.4002314933239995e+02
4.4002314933239995e+02
4.4002314933239995e+02
4.4003847492743273e+02
4.4003837143647377e+02
4.4004006140012928e+02
4.4003960494227613e+02
4.4003960494227613e+02
4.4003960494227613e+02
4.4003960494227613e+02
4.4003960494227613e+02
4.4003960494227613e+02
4.4003960494227613e+02
4.4003960494227613e+02
4.4003960494227613e+02
4.4003960494227613e+02
4.4003960494227613e+02
4.4003960494227613e+02
4.4003960494227613e+02
4.4003960494227613e+02
4.4003960494227613e+02
4.4003960494227613e+02
4.4003960494227613e+02
4.4003960494227613e+02
4.4003960494227613e+02
4.4003960494227613e+02
4.4003960494227613e+02
4.4003960494227613e+02
4.4003960494227613e+02
4.4003960494227613e+02
4.4003960494227613e+02
4.4003960494227613e+02
4.4003960494227613e+02
4.4003960494227613e+02
4.4003960494227613e+02
4.4003960494227613e+02
4.4003960494227613e+02
4.4003960494227613e+02
4.4003960494227613e+02
4.4003960494227613e+02
4.4003960494227613e+02
4.4003960494227613e+02
4.4003960494227613e+02
4.4003960494227613e+02
4.4003960494227613e+02
4.4003960494227613e+02
4.4003960494227613e+02
4.4003960494227613e+02
4.4003960494227613e+02
4.4003960494227613e+02
4.4003960494227613e+02
4.4003960494227613e+02
4.4003960494227613e+02
4.4003960494227613e+02
4.4003960494227613e+02
4.4003960494227613e+02
4.4003960494227613e+02
4.4003960494227613e+02
4.4003960494227613e+02
4.4003960494227613e+02
4.4003960494227613e+02
