0.0000000000000000e+00
1.4225670483189354e-08
2.4354223599000907e-08
-1.1347809671589726e-03
-6.0204604838697175e-07
-5.7571472969932683e-03
7.6734764719430646e-06
2.1691373908074801e-07
-6.9113138139074532e-11
-8.1185356850132704e-11
-1.1843737905570531e-10
1.3750656923743432e-08
2.3585523489285544e-07
-1.0323036577645096e-02
-1.2016299787651390e-02
-4.2769326305069778e-02
8.1474957997435882e-06
8.7427434630058607e-08
-1.0092699110800056e-10
-1.5186630900760184e-10
-2.1046797332481424e-10
1.4176305796159087e-08
2.3691049385025303e-07
-1.1142650864802914e-02
-1.1215865167589862e-02
-1.0691261773821108e-02
7.8246947720550088e-06
2.0009670499246758e-07
-2.7472029785145337e-10
-3.2667080493933632e-10
-3.7650802927654157e-10
1.3554152623599796e-08
2.3551262962702655e-07
-2.0673586500421573e-07
-2.0814933959566333e-07
-2.0971921275197399e-07
1.3864172472845814e-08
2.3664142590466207e-07
-4.5429962014634617e-10
-4.7132452339859165e-10
-4.1638173608133143e-10
1.3799645605011344e-08
2.3661263253274679e-07
-1.2136294503589993e-02
-1.2301917843584956e-02
-1.2467541090880040e-02
1.3217665077710519e-08
1.9493752203015197e-07
-6.3465956881615204e-10
-6.6478902635974786e-10
-6.6769096940157120e-10
1.3141006468074798e-08
2.3515140274363486e-07
-2.0714604152023804e-07
-2.0861489632528721e-07
-2.1007400386863900e-07
1.3364291491056991e-08
2.3624716334247235e-07
-8.2359104668264775e-10
-8.3080011439419614e-10
-7.7371429952580520e-10
1.3442982506159684e-08
2.3626424392923719e-07
-1.2136294680967909e-02
-1.2301918011175987e-02
-1.2467541206587203e-02
1.3085140139707125e-08
1.9474845238527121e-07
-7.9761833039938223e-10
-8.7448951908732301e-10
-8.9455144607464359e-10
1.2963173651902876e-08
2.3496161578395416e-07
-2.0735148232408475e-07
-2.0878448019431745e-07
-2.1015446938405667e-07
1.3345095024598859e-08
2.3619888932443062e-07
-7.9012199225011514e-10
-7.2308677401646585e-10
-7.6010544466647556e-10
