0.0000000000000000e+00
-1.7600000058902179e+02
-3.5200000007059555e+02
-4.3999265041799538e+02
-4.4000000441896162e+02
-4.4000846518902665e+02
-2.6400001019671902e+02
-8.8000000319292667e+01
-1.2155886333896878e-10
-1.0073841190333889e-10
-8.8761028368264193e-11
1.7599999941465958e+02
3.5199999968020029e+02
4.3995289559556068e+02
4.3994903058558430e+02
4.4000328226139777e+02
2.6399998871228183e+02
8.7999999386657791e+01
-6.0708120000276114e-11
-9.6809451720833296e-11
-8.8978416913985569e-11
-1.7600000058897461e+02
-3.5200000032237574e+02
-4.4004961757829898e+02
-4.4004958730164191e+02
-4.4005075266191500e+02
-2.6400001040314282e+02
-8.8000000183817264e+01
-2.5898233223190887e-10
-2.7049954795420451e-10
-3.2549825274882646e-10
1.7599999941439822e+02
3.5199999967976953e+02
4.3999999941814485e+02
4.3999999941415183e+02
4.3999999941007752e+02
2.6399999941059781e+02
8.7999999677323160e+01
-4.1247518509585846e-10
-4.3396616008866048e-10
-4.5413454139093002e-10
-1.7600000058946262e+02
-3.5200000032284191e+02
-4.4004771863006061e+02
-4.4004734362635520e+02
-4.4004696862262102e+02
-2.6400000058640092e+02
-8.8000000206992723e+01
-6.3539028500531178e-10
-6.9738478764390068e-10
-7.0399111498416525e-10
1.7599999941399307e+02
3.5199999967940562e+02
4.3999999941771546e+02
4.3999999941371129e+02
4.3999999940973731e+02
2.6399999941016830e+02
8.7999999676886205e+01
-8.1228286096550396e-10
-8.3421630650149196e-10
-7.6886767154240431e-10
-1.7600000058982062e+02
-3.5200000032311141e+02
-4.4004771863022609e+02
-4.4004734362651266e+02
-4.4004696862261426e+02
-2.6400000058652302e+02
-8.8000000207027483e+01
-6.9644180153976216e-10
-8.1005969931596279e-10
-8.9509875656457736e-10
1.7599999941384132e+02
3.5199999967913965e+02
4.3999999941754533e+02
4.3999999941352371e+02
4.3999999940956894e+02
2.6399999941013840e+02
8.7999999676946203e+01
-7.5426512266473732e-10
-6.7976285240100403e-10
-7.4210234426368503e-10
