0.0000000000000000e+00
-4.0000000002112087e-04
-8.0000000001558002e-04
-1.2001600640379319e-03
-1.6000000001408577e-03
-1.9999998721695537e-03
-2.4001598081218583e-03
-2.8076923695709724e-03
-3.2573985316104847e-03
-3.7474986372184708e-03
-4.2764410544056221e-03
-4.4005917163559977e-03
-4.5196508183160114e-03
-4.6342796291997746e-03
-4.7444996456258368e-03
-4.8504804292206112e-03
-4.9523850287755402e-03
-5.0503702206039554e-03
-5.1445867511605179e-03
-5.2351795689601415e-03
-5.3222880475734327e-03
-5.4060462000479585e-03
-5.4865828850853855e-03
-5.5640220052816840e-03
-5.6384826977481433e-03
-5.7100795174004366e-03
-5.7789226131942468e-03
-5.8451178975886505e-03
-5.9087672094839550e-03
-5.9699684709023371e-03
-6.0288158376322776e-03
-6.0853998440860849e-03
-6.1398075425829098e-03
-6.1921226372771022e-03
-6.2424256129318982e-03
-6.2907938587406717e-03
-6.3373017873913935e-03
-6.3820209495456335e-03
-6.4250201439149312e-03
-6.4663655231066274e-03
-6.5061206953984287e-03
-6.5443468225942552e-03
-6.5811027141211322e-03
-6.6164449175058308e-03
-6.6504278053695996e-03
-6.6831036590795489e-03
-6.7145227491798663e-03
-6.7447334127330553e-03
-6.7737821276831079e-03
-6.8017135843615774e-03
-6.8285707542407757e-03
-6.8543949560440961e-03
-6.8792259193128300e-03
-6.9031018455309300e-03
-6.9269783418218966e-03
-6.9482335897269962e-03
-6.9694892894262969e-03
-6.9907454409397600e-03
-7.0095805866465036e-03
-7.0284160871222773e-03
-7.0472519423808878e-03
-7.0640892159556544e-03
-7.0809267730289425e-03
-7.0977646136099965e-03
-7.1125689742981705e-03
-7.1273735541588666e-03
-7.1421783531982830e-03
-7.1556073615118400e-03
-7.1690365501655053e-03
-7.1824659191658171e-03
-7.1939482176558512e-03
-7.2054306479894924e-03
-7.2169132101714412e-03
-7.2283959042046368e-03
-7.2384020445177017e-03
-7.2484082849553263e-03
-7.2584146255191941e-03
-7.2674663851386512e-03
-7.2765182266932779e-03
-7.2855701501839546e-03
-7.2933468407974300e-03
-7.3011235918870902e-03
-7.3089004034557897e-03
-7.3166772755039874e-03
-7.3233862824910031e-03
-7.3300953344890198e-03
-7.3368044314986048e-03
-7.3435135735200547e-03
-7.3490619295514476e-03
-7.3546103163674922e-03
-7.3604361112452402e-03
-7.3662619400633343e-03
-7.3710002701365485e-03
-7.3757386226614092e-03
-7.3807229957643149e-03
-7.3857073937104271e-03
-7.3897500109698089e-03
-7.3937926445718340e-03
-7.3980609390922290e-03
-7.4023292518307993e-03
-7.4057745813981756e-03
-7.4092199228361529e-03
-7.4128786172972970e-03
-7.4165373251442179e-03
-7.4194700590096800e-03
-7.4224028014759375e-03
-7.4255423888844995e-03
-7.4286819861497681e-03
-7.4311749575643677e-03
-7.4336679351932888e-03
-7.4363653545851073e-03
-7.4390627812528556e-03
-7.4411785925332426e-03
-7.4432944082903464e-03
-7.4456150999103231e-03
-7.4479357969163343e-03
-7.4497282310097340e-03
-7.4515206683166690e-03
-7.4535203120057597e-03
-7.4555199596934409e-03
-7.4570352026149976e-03
-7.4585504478333472e-03
-7.4602764345030170e-03
-7.4620024241511583e-03
-7.4632801223622931e-03
-7.4645578222057836e-03
-7.4660505002250542e-03
-7.4675431804717401e-03
-7.4686173545243737e-03
-7.4696915297308925e-03
-7.4709852613202860e-03
-7.4722789945836539e-03
-7.4731788277975159e-03
-7.4740786618215267e-03
-7.4752027189402895e-03
-7.4763267773225771e-03
-7.4770772960067386e-03
-7.4778278152539410e-03
-7.4788071397933250e-03
-7.4797864652921420e-03
-7.4804091249441864e-03
-7.4810317849842017e-03
-7.4818876341506014e-03
-7.4827434840491931e-03
-7.4832566741902433e-03
-7.4837698645945179e-03
-7.4845203590865762e-03
-7.4852708541412070e-03
-7.4856903327797358e-03
-7.4861098115936199e-03
-7.4867704014249413e-03
-7.4874309916936011e-03
-7.4877702590162203e-03
-7.4881095264543469e-03
-7.4886933869603304e-03
-7.4892772478069632e-03
-7.4895478674250164e-03
-7.4898184871170113e-03
-7.4903368557379824e-03
-7.4908552246274115e-03
-7.4910670996001629e-03
