0.0000000000000000e+00
1.0000000000576372e-04
2.0000000000826177e-04
2.9999000101181930e-04
4.0000000008097507e-04
4.9999999815124048e-04
5.9998999722175460e-04
7.0384614981753180e-04
8.2869813422719045e-04
9.7374827879722508e-04
1.1382195670993243e-03
1.2002324723140762e-03
1.2598253930471502e-03
1.3171398017354887e-03
1.3722498103123180e-03
1.4252402030544772e-03
1.4761925037045493e-03
1.5251851004254306e-03
1.5722933664500591e-03
1.6175897760382380e-03
1.6611440159817550e-03
1.7030230928087877e-03
1.7432914358723611e-03
1.7820109964741479e-03
1.8192413431724877e-03
1.8550397534288438e-03
1.8894613017239595e-03
1.9225589442891642e-03
1.9543836005766614e-03
1.9849842316001882e-03
2.0144079152548938e-03
2.0426999187509532e-03
2.0699037682482225e-03
2.0960613158254428e-03
2.1212128038653705e-03
2.1453969269664996e-03
2.1686508914738182e-03
2.1910104727173958e-03
2.2125100700560976e-03
2.2331827597950257e-03
2.2530603460731340e-03
2.2721734097928903e-03
2.2905513556694336e-03
2.3082224574666375e-03
2.3252139014946077e-03
2.3415518284380858e-03
2.3572613735709947e-03
2.3723667054244887e-03
2.3868910629705324e-03
2.4008567913752091e-03
2.4142853763758671e-03
2.4271974773327361e-03
2.4396129590197962e-03
2.4515509221762280e-03
2.4634887428189511e-03
2.4741167904531207e-03
2.4847447251338545e-03
2.4953725468630479e-03
2.5047902895586538e-03
2.5142079435615168e-03
2.5236255088734619e-03
2.5320446054106077e-03
2.5404636310674368e-03
2.5488825858451312e-03
2.5562844844890988e-03
2.5636863283457693e-03
2.5710881174151028e-03
2.5778036795364983e-03
2.5845191965593569e-03
2.5912346684842358e-03
2.5969741063867563e-03
2.6027135113477159e-03
2.6084528833673153e-03
2.6141922224477000e-03
2.6192010208630984e-03
2.6242097941910486e-03
2.6292185424308186e-03
2.6337331919640732e-03
2.6382478211157876e-03
2.6427624298849986e-03
2.6466734193845939e-03
2.6505843935894658e-03
2.6544953524980613e-03
2.6584062961101597e-03
2.6616931404336523e-03
2.6649799739545182e-03
2.6682667966724904e-03
2.6715536085865923e-03
2.6745309642143326e-03
2.6775083109772078e-03
2.6802180557780942e-03
2.6829277932359638e-03
2.6855001347894066e-03
2.6880724697257059e-03
2.6903614980371233e-03
2.6926505211097812e-03
2.6948750053466764e-03
2.6970994846356520e-03
2.6990304697028819e-03
2.7009614510422023e-03
2.7028872906555853e-03
2.7048131265605159e-03
2.7064393088043711e-03
2.7080654884036786e-03
2.7097350295237281e-03
2.7114045678567796e-03
2.7127711945972108e-03
2.7141378194699656e-03
2.7155874788432413e-03
2.7170371361151459e-03
2.7181826774476314e-03
2.7193282174685536e-03
2.7205892963568798e-03
2.7218503736548437e-03
2.7228075501103685e-03
2.7237647256489377e-03
2.7248641156167215e-03
2.7259635043747153e-03
2.7267601561600332e-03
2.7275568073105083e-03
2.7285176014338022e-03
2.7294783946338673e-03
2.7301382174093700e-03
2.7307980397493037e-03
2.7316400613175483e-03
2.7324820821757845e-03
2.7330252502730428e-03
2.7335684180749926e-03
2.7343086774073975e-03
2.7350489361907919e-03
2.7354926308218574e-03
2.7359363252559194e-03
2.7365894140483011e-03
2.7372425024143761e-03
2.7376013596322022e-03
2.7379602167212336e-03
2.7385386481557274e-03
2.7391170792552010e-03
2.7394035700584601e-03
2.7396900607795497e-03
2.7402045626254874e-03
2.7407190642070992e-03
2.7409438172373676e-03
2.7411685702173612e-03
2.7416283372518014e-03
2.7420881040754325e-03
2.7422601797077333e-03
2.7424322553084414e-03
2.7428451665479914e-03
2.7432580776175644e-03
2.7433852008767823e-03
2.7435123241199388e-03
2.7438851296680026e-03
2.7442579350767612e-03
2.7443466936439061e-03
2.7444354522030653e-03
2.7447739338719223e-03
2.7451124154257199e-03
2.7451684280325752e-03
2.7452244406366167e-03
2.7455335499607996e-03
