0.0000000000000000e+00
1.0000000000497821e-04
2.0000000000899816e-04
2.9999000101259922e-04
4.0000000008217208e-04
4.9999999815235623e-04
5.9998999722321133e-04
7.0384614981831471e-04
8.2869813422751712e-04
9.7374827879764933e-04
1.1382195670999067e-03
1.2002324723150585e-03
1.2598253930489196e-03
1.3171398017370506e-03
1.3722498103128594e-03
1.4252402030548034e-03
1.4761925037049880e-03
1.5251851004267156e-03
1.5722933664504295e-03
1.6175897760394966e-03
1.6611440159828555e-03
1.7030230928090442e-03
1.7432914358724916e-03
1.7820109964735492e-03
1.8192413431729437e-03
1.8550397534298113e-03
1.8894613017248977e-03
1.9225589442899255e-03
1.9543836005771163e-03
1.9849842316005673e-03
2.0144079152561853e-03
2.0426999187516076e-03
2.0699037682489858e-03
2.0960613158260374e-03
2.1212128038660869e-03
2.1453969269673153e-03
2.1686508914748560e-03
2.1910104727192450e-03
2.2125100700582652e-03
2.2331827597971751e-03
2.2530603460752621e-03
2.2721734097952387e-03
2.2905513556720045e-03
2.3082224574685027e-03
2.3252139014973651e-03
2.3415518284410418e-03
2.3572613735732351e-03
2.3723667054260612e-03
2.3868910629723868e-03
2.4008567913773068e-03
2.4142853763782172e-03
2.4271974773356205e-03
2.4396129590221502e-03
2.4515509221786315e-03
2.4634887428218780e-03
2.4741167904557214e-03
2.4847447251364098e-03
2.4953725468658066e-03
2.5047902895619458e-03
2.5142079435657126e-03
2.5236255088783872e-03
2.5320446054141695e-03
2.5404636310686931e-03
2.5488825858445583e-03
2.5562844844928905e-03
2.5636863283546897e-03
2.5710881174290084e-03
2.5778036795415771e-03
2.5845191965551558e-03
2.5912346684706117e-03
2.5969741063901854e-03
2.6027135113691280e-03
2.6084528834072764e-03
2.6141922225057326e-03
2.6192010208686135e-03
2.6242097941440463e-03
2.6292185423314801e-03
2.6337331919692245e-03
2.6382478212242768e-03
2.6427624300981037e-03
2.6466734193908380e-03
2.6505843933872907e-03
2.6544953520879003e-03
2.6584062954935995e-03
2.6616931404339753e-03
2.6649799745712185e-03
2.6682667979054447e-03
2.6715536104367607e-03
2.6745309642287191e-03
2.6775083091550526e-03
2.6802180557844108e-03
2.6829277950704898e-03
2.6855001348013241e-03
2.6880724679160910e-03
2.6903614980437161e-03
2.6926505229315414e-03
2.6948750053578004e-03
2.6970994828350355e-03
2.6990304697068470e-03
2.7009614528502339e-03
2.7028872906644783e-03
2.7048131247705900e-03
2.7064393088088888e-03
2.7080654902032139e-03
2.7097350295328193e-03
2.7114045660749401e-03
2.7127711946012705e-03
2.7141378212602791e-03
2.7155874788516127e-03
2.7170371343418721e-03
2.7181826774519465e-03
2.7193282192501571e-03
2.7205892963650521e-03
2.7218503718892811e-03
2.7228075501145644e-03
2.7237647274234102e-03
2.7248641156235104e-03
2.7259635026154094e-03
2.7267601561634840e-03
2.7275568090776494e-03
2.7285176014404011e-03
2.7294783928798524e-03
2.7301382174134987e-03
2.7307980415110494e-03
2.7316400613231961e-03
2.7324820804263570e-03
2.7330252502756475e-03
2.7335684198296511e-03
2.7343086774117269e-03
2.7350489344464858e-03
2.7354926308236303e-03
2.7359363270036386e-03
2.7365894140525555e-03
2.7372425006746445e-03
2.7376013596348732e-03
2.7379602184657010e-03
2.7385386481601536e-03
2.7391170775192819e-03
2.7394035700605904e-03
2.7396900625193811e-03
2.7402045626311140e-03
2.7407190624761804e-03
2.7409438172396102e-03
2.7411685719526870e-03
2.7416283372552171e-03
2.7420881023475607e-03
2.7422601797091380e-03
2.7424322570403078e-03
2.7428451665522076e-03
2.7432580758943058e-03
2.7433852008793671e-03
2.7435123258488393e-03
2.7438851296717878e-03
2.7442579333557628e-03
2.7443466936462194e-03
2.7444354539286810e-03
2.7447739338754863e-03
2.7451124137076650e-03
2.7451684280346417e-03
2.7452244423579247e-03
2.7455335499631766e-03
