0.0000000000000000e+00
0.0000000000000000e+00
0.0000000000000000e+00
0.0000000000000000e+00
0.0000000000000000e+00
0.0000000000000000e+00
0.0000000000000000e+00
7.6923120360298546e-06
5.7396602926409242e-05
1.4749686991110737e-04
2.7643942372319289e-04
4.0043681939097028e-04
5.1965079009473440e-04
6.3427960752313766e-04
7.4449962427109893e-04
8.5048040948066143e-04
9.5238501052810707e-04
1.0503702037361290e-03
1.1445867355681550e-03
1.2351795545461381e-03
1.3222880342483446e-03
1.4060461877301786e-03
1.4865828736983673e-03
1.5640219947550202e-03
1.6384826880171356e-03
1.7100795084045986e-03
1.7789226048783716e-03
1.8451178899007285e-03
1.9087672023771960e-03
1.9699684643322856e-03
2.0288158315583836e-03
2.0853998384710620e-03
2.1398075373927012e-03
2.1921226324793019e-03
2.2424256084961477e-03
2.2907938546402875e-03
2.3373017836010850e-03
2.3820209460412188e-03
2.4250201406747171e-03
2.4663655201110578e-03
2.5061206926285402e-03
2.5443468200330309e-03
2.5811027117531664e-03
2.6164449153163903e-03
2.6504278033451902e-03
2.6831036572072396e-03
2.7145227474483233e-03
2.7447334111316266e-03
2.7737821262024146e-03
2.8017135829926181e-03
2.8285707529752393e-03
2.8543949548741616e-03
2.8792259182316808e-03
2.9031018445307183e-03
2.9261629248969563e-03
2.9482335822124022e-03
2.9694591941073724e-03
2.9899638029301794e-03
3.0095805802358407e-03
3.0284398420957611e-03
3.0466527796982890e-03
3.0640892115859327e-03
3.0808631118997500e-03
3.0970717282012049e-03
3.1125689697736286e-03
3.1274592486642229e-03
3.1418316536508998e-03
3.1556073594397631e-03
3.1688739463749099e-03
3.1817061417129216e-03
3.1939482135058322e-03
3.2056867743417185e-03
3.2169957257465491e-03
3.2279381236301583e-03
3.2384020421364922e-03
3.2484577074226562e-03
3.2581650394180235e-03
3.2674663841325501e-03
3.2764213279390646e-03
3.2850807124526977e-03
3.2933468390350072e-03
3.3012774246997394e-03
3.3089217160457924e-03
3.3163217323556016e-03
3.3233862812056649e-03
3.3301645975903418e-03
3.3366986908905279e-03
3.3430244052878662e-03
3.3490619282763824e-03
3.3548535558042395e-03
3.3604361113503461e-03
3.3658402798305768e-03
3.3710002691677648e-03
3.3759519157152218e-03
3.3807229958789081e-03
3.3853400106341998e-03
3.3897500102991291e-03
3.3939833767834514e-03
3.3980609392130112e-03
3.4020055641172603e-03
3.4057745809372136e-03
3.4093937621206450e-03
3.4128786174213760e-03
3.4162488610007110e-03
3.4194700586963429e-03
3.4225640845727714e-03
3.4255423890097243e-03
3.4284219556169789e-03
3.4311749573560191e-03
3.4338199689020279e-03
3.4363653547108690e-03
3.4388257360723545e-03
3.4411785924019613e-03
3.4434397040405381e-03
3.4456151000363425e-03
3.4477173601537795e-03
3.4497282309362241e-03
3.4516611246209116e-03
3.4535203121328567e-03
3.4553166106715155e-03
3.4570352025837447e-03
3.4586874920168238e-03
3.4602764346291339e-03
3.4618113272439827e-03
3.4632801223618581e-03
3.4646925203673231e-03
3.4660505003509387e-03
3.4673620487203891e-03
3.4686173545483093e-03
3.4698246719050427e-03
3.4709852614451192e-03
3.4721059809453450e-03
3.4731788278396032e-03
3.4742108278292415e-03
3.4752027190646669e-03
3.4761603878987425e-03
3.4770772960625363e-03
3.4779594255145243e-03
3.4788071399160765e-03
3.4796254900059712e-03
3.4804091250105781e-03
3.4811631396444568e-03
3.4818876342719500e-03
3.4825869412319060e-03
3.4832566742653585e-03
3.4839011735770670e-03
3.4845203592073840e-03
3.4851179461733869e-03
3.4856903328621689e-03
3.4862412176083109e-03
3.4867704015452156e-03
3.4872810694649239e-03
3.4877702591035028e-03
3.4882411225618764e-03
3.4886933870777615e-03
3.4891297822138025e-03
3.4895478675154197e-03
3.4899503300883680e-03
3.4903368558534390e-03
3.4907097836794918e-03
3.4910670996936093e-03
