0.0000000000000000e+00
5.0535810150800434e-11
7.9867001703737321e-10
-8.8026395317879636e-03
8.1494034044474758e-09
5.2992053962227998e-06
-8.7920462722918952e-03
-3.6227870669614084e-06
-1.1429562050982641e-04
-1.0524536019830651e-04
-9.7228139631080269e-05
-4.3404455191254146e-03
-1.5936684530395400e-06
-1.3102812115084390e-06
-1.2604695258253931e-06
-1.1652353310972108e-06
-1.0773207288141016e-06
-9.9602499405542783e-07
-9.2083320112660632e-07
-8.5148141476856386e-07
-7.8729030835300295e-07
-7.2785154391336996e-07
-6.7289987566346060e-07
-6.2213818748840468e-07
-5.7524968339790742e-07
-5.3184294803913597e-07
-4.9166993733818478e-07
-4.5456426958686142e-07
-4.2035047987544674e-07
-3.8863883783594437e-07
-3.5941136710584910e-07
-3.3224364652466661e-07
-3.0713877655268756e-07
-2.8393626703798572e-07
-2.6244361396687418e-07
-2.4256033170764262e-07
-2.2417694092681022e-07
-2.0742247930495580e-07
-1.9190015641790062e-07
-1.7746929167648200e-07
-1.6413781980510099e-07
-1.5186726374903560e-07
-1.4044136405083246e-07
-1.2988522305658113e-07
-1.2016873098868891e-07
-1.1126735304465923e-07
-1.0291661362874514e-07
-9.5148048539858171e-08
-8.7960800033841751e-08
-8.1343902203968001e-08
-7.5152766684238320e-08
-6.9626662476312841e-08
-6.4293510597839655e-08
-5.9502321381166519e-08
3.5803000715914211e-02
-4.4533222252932724e-07
1.3383483441662873e-03
3.4361517911304831e-02
-3.8018310612373150e-07
-1.0628184156253034e-03
2.6281790634933400e-02
-2.5920930593673233e-07
2.8441312428255042e-03
3.0536069214702793e-02
-2.6870542594806439e-07
-3.8495347622612740e-03
1.5068364522334359e-02
-1.2305835069875296e-07
7.3167466372044670e-03
3.3730974100856778e-02
-2.4677715731377039e-07
-1.1588584300346936e-02
-4.2857057798491912e-03
1.9133928797150371e-02
-1.4047019809917693e-07
-1.1798889794962337e-03
1.2958206343550348e-02
-6.1950643043425499e-08
2.2761174168089001e-03
1.7549713236281503e-02
-1.0057075644102424e-07
-2.7914668854515210e-03
7.0087635676088274e-03
2.7551742412568709e-02
-8.6388013470538740e-08
-1.4961568379207306e-02
-1.9181116485009961e-02
-1.4235874726050111e-02
-4.1901337377964634e-08
2.5052276260995720e-02
2.3045013705600954e-08
-1.7205984917313916e-02
-5.7795304613737371e-09
2.6370903576795283e-02
2.2546278662647187e-08
-1.9593995581664438e-02
5.7806190491852560e-09
2.7364276983139139e-02
2.2475236861463580e-08
-2.1516438623145048e-02
1.3140888099251958e-08
2.8108057846568477e-02
2.2237429227049604e-08
-2.3066151978133709e-02
1.7713918567493297e-08
2.8660878383707185e-02
2.2034136789331284e-08
-2.4317132057190695e-02
2.0430733145125570e-08
2.9068098175514590e-02
2.2088484282108642e-08
-2.5328409247650105e-02
2.2295463783443809e-08
2.9364743231506320e-02
2.2146963416262270e-08
-2.6147118557788201e-02
2.3449909585086369e-08
2.9577803500351361e-02
2.2397909778503516e-08
-2.6810931429464870e-02
2.4082907226841040e-08
2.9728025158400444e-02
2.2565229198746409e-08
-2.7349987769280309e-02
2.4484362647375442e-08
2.9831312886370372e-02
2.2954501764803147e-08
-2.7788425822985293e-02
2.4875885413517482e-08
2.9899820974487477e-02
2.3192015586771739e-08
-2.8145601144834744e-02
2.4837344400135141e-08
2.9942803918462220e-02
2.3323854725212802e-08
-2.8437049877905109e-02
2.4751778836789355e-08
2.9967278897800480e-02
2.3375916488515982e-08
-2.8675259156975427e-02
2.4558167198520019e-08
2.9978540813325242e-02
2.3453131436958890e-08
-2.8870277559283203e-02
2.4613517166252242e-08
2.9980561878257463e-02
2.3836188217932772e-08
-2.9030203141538265e-02
2.4535504229141824e-08
2.9976300065158234e-02
2.3828018866700777e-08
-2.9161569706587454e-02
2.4544369347262193e-08
2.9967941126113042e-02
2.3782379910289704e-08
-2.9269657191686650e-02
2.4281555522327594e-08
2.9957082320834900e-02
2.3792138364552283e-08
-2.9358737766941746e-02
2.4249610514408535e-08
