0.0000000000000000e+00
-1.8587725300331075e-11
8.6574434861052237e-10
-8.8026394550750637e-03
8.2453956485920211e-09
5.2993090043763218e-06
-8.7920461549642007e-03
-3.6227123695261573e-06
-1.1429560248152554e-04
-1.0524533855541944e-04
-9.7228106145710695e-05
-4.3404454584506031e-03
-1.5935327645228213e-06
-1.3101642284131164e-06
-1.2604457440464292e-06
-1.1652300158406152e-06
-1.0773032637430600e-06
-9.9593467297877310e-07
-9.2081534963054501e-07
-8.5139777479303067e-07
-7.8722281154600687e-07
-7.2783887310190137e-07
-6.7292981773228751e-07
-6.2222602975265349e-07
-5.7523598337076135e-07
-5.3178098909462470e-07
-4.9161716855692078e-07
-4.5453339792433155e-07
-4.2033979529581230e-07
-3.8863026324577742e-07
-3.5934012467979065e-07
-3.3221592079470136e-07
-3.0710070079068380e-07
-2.8391112818391141e-07
-2.6240821671614922e-07
-2.4251708395053877e-07
-2.2410729065940337e-07
-2.0728815462617334e-07
-1.9173358234236580e-07
-1.7731219975773921e-07
-1.6397561526648683e-07
-1.5170138383458135e-07
-1.4026087063534797e-07
-1.2976792601966524e-07
-1.1998403531463647e-07
-1.1106789966348272e-07
-1.0277749228930927e-07
-9.5060715845420850e-08
-8.7843396779154660e-08
-8.1207616636477449e-08
-7.4983736700495070e-08
-6.9425339982548743e-08
-6.4131301372393192e-08
-5.9349004410979161e-08
3.5803000909420409e-02
-4.4515665492186871e-07
1.3383485158567378e-03
3.4361518091288866e-02
-3.7995588123729782e-07
-1.0628181010333383e-03
2.6281790993805548e-02
-2.5899803173142167e-07
2.8441312903007268e-03
3.0536069080469581e-02
-2.6843580059917459e-07
-3.8495340680492944e-03
1.5068365640874120e-02
-1.2266986199390391e-07
7.3167462051670750e-03
3.3730972864698013e-02
-2.4649457689372681e-07
-1.1588582472061617e-02
-4.2857023965617944e-03
1.9133933776757001e-02
-1.4010107395788994e-07
-1.1798931478971054e-03
1.2958197538607778e-02
-6.1496959298888276e-08
2.2761269710307895e-03
1.7549731916512965e-02
-1.0005686675124151e-07
-2.7914846548459495e-03
7.0087275935393845e-03
2.7551688405343479e-02
-8.6052073601679037e-08
-1.4961513940072863e-02
-1.9181007944780268e-02
-1.4235712180953278e-02
-4.0904379667442618e-08
2.5052115925124685e-02
2.3629141303975231e-08
-1.7205823739781120e-02
-4.9579547343033910e-09
2.6370744343008116e-02
2.3141006012609466e-08
-1.9593835428943975e-02
6.5811612672391450e-09
2.7364118613778736e-02
2.2877326224210807e-08
-2.1516279660371881e-02
1.3748408788780416e-08
2.8107900297527372e-02
2.2609334714753454e-08
-2.3065993836198558e-02
1.8298933508537497e-08
2.8660721513830107e-02
2.2376802807841850e-08
-2.4316974665931985e-02
2.1024434155935761e-08
2.9067942034398823e-02
2.2419346431726593e-08
-2.5328252586958602e-02
2.2831968576434622e-08
2.9364587762213512e-02
2.2481915070281343e-08
-2.6146962522470021e-02
2.3911987161195725e-08
2.9577648569475454e-02
2.2651827384774948e-08
-2.6810776050627719e-02
2.4558352237389984e-08
2.9727870738577095e-02
2.2888582131369251e-08
-2.7349832835646855e-02
2.4856214756141206e-08
2.9831158901820795e-02
2.3137019553620404e-08
-2.7788271569415872e-02
2.5149690065077075e-08
2.9899667434769094e-02
2.3288637065765793e-08
-2.8145447467108908e-02
2.5081253617576929e-08
2.9942650700388859e-02
2.3445868148020018e-08
-2.8436896526287437e-02
2.4999553762463783e-08
2.9967126050633296e-02
2.3446661216240771e-08
-2.8675106210852175e-02
2.4833177131744383e-08
2.9978388331550799e-02
2.3458619927015942e-08
-2.8870125092512088e-02
2.4671727177061706e-08
2.9980409578949135e-02
2.3745840822890584e-08
-2.9030051007223084e-02
2.4677624779016539e-08
2.9976148225071653e-02
2.3879833606991237e-08
-2.9161417781135266e-02
2.4675470243277059e-08
2.9967789536917457e-02
2.3851025727708257e-08
-2.9269505467316003e-02
2.4446087696595066e-08
2.9956930989391194e-02
2.3843040522963654e-08
-2.9358586417752304e-02
2.4335875325933272e-08
