0.0000000000000000e+00
4.4000000002331312e+01
8.8000000002138293e+01
1.3201320572442393e+02
1.7600000001958779e+02
2.1999998858827405e+02
2.6401318287029801e+02
3.0800000451747076e+02
3.5200015500743558e+02
3.9600014178114230e+02
4.4000013076101294e+02
4.4001486844341599e+02
4.4000000230755319e+02
4.4000000172932874e+02
4.4000000171880509e+02
4.4000000158878845e+02
4.4000000146856939e+02
4.4000000135746689e+02
4.4000000125475157e+02
4.4000000115982868e+02
4.4000000107214072e+02
4.4000000099104034e+02
4.4000000091612333e+02
4.4000000084685371e+02
4.4000000078280118e+02
4.4000000072364651e+02
4.4000000066890749e+02
4.4000000061838438e+02
4.4000000057155580e+02
4.4000000052837993e+02
4.4000000048843572e+02
4.4000000045151933e+02
4.4000000041734802e+02
4.4000000038577281e+02
4.4000000035669160e+02
4.4000000032974998e+02
4.4000000030484074e+02
4.4000000028178226e+02
4.4000000026048599e+02
4.4000000024078372e+02
4.4000000022262373e+02
4.4000000020581058e+02
4.4000000019026186e+02
4.4000000017588059e+02
4.4000000016260663e+02
4.4000000015033788e+02
4.4000000013901780e+02
4.4000000012856856e+02
4.4000000011888295e+02
4.4000000010990891e+02
4.4000000010163080e+02
4.4000000009388816e+02
4.4000000008678643e+02
4.4000000008026757e+02
4.4010759736211463e+02
4.4000000060394245e+02
4.4000397965926345e+02
4.4010316094001394e+02
4.4000000051509573e+02
4.3999685554374912e+02
4.4007904879045947e+02
4.4000000035108121e+02
4.4000842478980627e+02
4.4009148542950356e+02
4.4000000036337065e+02
4.3998864883715999e+02
4.4004567113271276e+02
4.4000000016645339e+02
4.4002154479014229e+02
4.4010044100652794e+02
4.4000000033314558e+02
4.3996603180955412e+02
4.3998878043469267e+02
4.4005992282881652e+02
4.4000000019179191e+02
4.3999397358306908e+02
4.4003393357209086e+02
4.4000000007982612e+02
4.4001179692407698e+02
4.4006261301174214e+02
4.4000000014371074e+02
4.3998168265272136e+02
4.4000115998788385e+02
4.4005288560403460e+02
4.4000000009828864e+02
4.3998490028829127e+02
4.4000204093580504e+02
4.4004669060885283e+02
4.4000000011957229e+02
4.3998576976002698e+02
4.4000000000012096e+02
4.4003777967345400e+02
4.4000000010389869e+02
4.3998972317606774e+02
4.3999999999884011e+02
4.4003061518066011e+02
4.4000000007689516e+02
4.3999270155565750e+02
4.3999999999808250e+02
4.4002484746893992e+02
4.4000000005743988e+02
4.3999493166825658e+02
4.3999999999758552e+02
4.4002019801936433e+02
4.4000000004348635e+02
4.3999658925933852e+02
4.3999999999734104e+02
4.4001644483193655e+02
4.4000000003327909e+02
4.3999781030209033e+02
4.3999999999727561e+02
4.4001341080438073e+02
4.4000000002568402e+02
4.3999869980019776e+02
4.3999999999725833e+02
4.4001095452358646e+02
4.4000000001989440e+02
4.3999933866952381e+02
4.3999999999725924e+02
4.4000896296551946e+02
4.4000000001557731e+02
4.3999978911375354e+02
4.3999999999747570e+02
4.4000734570460634e+02
4.4000000001235065e+02
4.4000009882015917e+02
4.3999999999765100e+02
4.4000603031826728e+02
4.4000000000985091e+02
4.4000030423293583e+02
4.3999999999787991e+02
4.4000495873804016e+02
4.4000000000784064e+02
4.4000043310280870e+02
4.3999999999801133e+02
4.4000408435002453e+02
4.4000000000629637e+02
4.4000050647256842e+02
4.3999999999819477e+02
4.4000336969013398e+02
4.4000000000502996e+02
4.4000054021965622e+02
4.3999999999836962e+02
4.4000278460923323e+02
4.4000000000406538e+02
4.4000054625479243e+02
4.3999999999861052e+02
4.4000230481293931e+02
4.4000000000326884e+02
4.4000053345047399e+02
4.3999999999871386e+02
4.4000191069830373e+02
4.4000000000271928e+02
4.4000050836084961e+02
4.3999999999899507e+02
4.4000158642459201e+02
4.4000000000223326e+02
4.4000047577648286e+02
4.3999999999920868e+02
4.4000131917323228e+02
4.4000000000186105e+02
