2.9999999999999983e+02
2.9999999999999983e+02
2.9999999999999983e+02
2.9999999999999983e+02
2.9999999999999983e+02
2.9999999999999983e+02
2.9999999999999983e+02
3.0800000451747081e+02
3.5200015500743569e+02
3.9600014178114236e+02
4.4000013076101300e+02
4.4001486844341616e+02
4.4000000230755342e+02
4.4000000172932829e+02
4.4000000171880515e+02
4.4000000158878828e+02
4.4000000146856945e+02
4.4000000135746711e+02
4.4000000125475157e+02
4.4000000115982903e+02
4.4000000107214089e+02
4.4000000099104034e+02
4.4000000091612333e+02
4.4000000084685371e+02
4.4000000078280118e+02
4.4000000072364662e+02
4.4000000066890743e+02
4.4000000061838466e+02
4.4000000057155592e+02
4.4000000052838044e+02
4.4000000048843538e+02
4.4000000045151933e+02
4.4000000041734785e+02
4.4000000038577326e+02
4.4000000035669132e+02
4.4000000032974998e+02
4.4000000030484063e+02
4.4000000028178198e+02
4.4000000026048565e+02
4.4000000024078344e+02
4.4000000022262373e+02
4.4000000020581081e+02
4.4000000019026180e+02
4.4000000017588081e+02
4.4000000016260663e+02
4.4000000015033754e+02
4.4000000013901752e+02
4.4000000012856833e+02
4.4000000011888284e+02
4.4000000010990834e+02
4.4000000010163097e+02
4.4000000009388793e+02
4.4000000008678626e+02
4.4000000008026757e+02
4.4010759736211463e+02
4.4000000060394217e+02
4.4000397965926322e+02
4.4010316094001399e+02
4.4000000051509551e+02
4.3999685554374923e+02
4.4007904879045947e+02
4.4000000035108087e+02
4.4000842478980644e+02
4.4009148542950334e+02
4.4000000036337042e+02
4.3998864883715981e+02
4.4004567113271298e+02
4.4000000016645345e+02
4.4002154479014200e+02
4.4010044100652806e+02
4.4000000033314552e+02
4.3996603180955435e+02
4.3998878043469267e+02
4.4005992282881664e+02
4.4000000019179220e+02
4.3999397358306896e+02
4.4003393357209063e+02
4.4000000007982618e+02
4.4001179692407715e+02
4.4006261301174186e+02
4.4000000014371011e+02
4.3998168265272085e+02
4.4000115998788408e+02
4.4005288560403437e+02
4.4000000009828875e+02
4.3998490028829184e+02
4.4000204093580493e+02
4.4004669060885288e+02
4.4000000011957218e+02
4.3998576976002647e+02
4.4000000000012085e+02
4.4003777967345326e+02
4.4000000010389869e+02
4.3998972317606717e+02
4.3999999999883954e+02
4.4003061518065994e+02
4.4000000007689522e+02
4.3999270155565699e+02
4.3999999999808244e+02
4.4002484746894038e+02
4.4000000005744010e+02
4.3999493166825681e+02
4.3999999999758580e+02
4.4002019801936387e+02
4.4000000004348635e+02
4.3999658925933858e+02
4.3999999999734109e+02
4.4001644483193638e+02
4.4000000003327909e+02
4.3999781030208976e+02
4.3999999999727584e+02
4.4001341080438073e+02
4.4000000002568396e+02
4.3999869980019764e+02
4.3999999999725833e+02
4.4001095452358641e+02
4.4000000001989451e+02
4.3999933866952398e+02
4.3999999999725901e+02
4.4000896296551969e+02
4.4000000001557748e+02
4.3999978911375359e+02
4.3999999999747581e+02
4.4000734570460600e+02
4.4000000001235043e+02
4.4000009882015888e+02
4.3999999999765129e+02
4.4000603031826728e+02
4.4000000000985136e+02
4.4000030423293606e+02
4.3999999999788014e+02
4.4000495873804016e+02
4.4000000000784075e+02
4.4000043310280864e+02
4.3999999999801145e+02
4.4000408435002498e+02
4.4000000000629598e+02
4.4000050647256853e+02
4.3999999999819477e+02
4.4000336969013404e+02
4.4000000000502996e+02
4.4000054021965622e+02
4.3999999999836962e+02
4.4000278460923323e+02
4.4000000000406538e+02
4.4000054625479299e+02
4.3999999999861052e+02
4.4000230481293931e+02
4.4000000000326884e+02
4.4000053345047365e+02
4.3999999999871341e+02
4.4000191069830407e+02
4.4000000000271928e+02
4.4000050836084961e+02
4.3999999999899541e+02
4.4000158642459184e+02
4.4000000000223338e+02
4.4000047577648286e+02
4.3999999999920857e+02
4.4000131917323233e+02
4.4000000000186128e+02
