0.0000000000000000e+00
-4.4000000002315339e+01
-8.8000000001306120e+01
-1.3202200836391737e+02
-1.7600000001139034e+02
-2.1999998328901694e+02
-2.6402197491651168e+02
-3.0800000814022076e+02
-3.5200026930304716e+02
-3.9600024702649159e+02
-4.4000022798913568e+02
-4.4001920888890481e+02
-4.4000000390115372e+02
-4.4000000303955147e+02
-4.4000000297926266e+02
-4.4000000275402118e+02
-4.4000000254588133e+02
-4.4000000235344675e+02
-4.4000000217557550e+02
-4.4000000201126835e+02
-4.4000000185939700e+02
-4.4000000171888564e+02
-4.4000000158903839e+02
-4.4000000146903585e+02
-4.4000000135804368e+02
-4.4000000125545876e+02
-4.4000000116055116e+02
-4.4000000107293340e+02
-4.4000000099190078e+02
-4.4000000091701457e+02
-4.4000000084781152e+02
-4.4000000078374916e+02
-4.4000000072446744e+02
-4.4000000066969665e+02
-4.4000000061911771e+02
-4.4000000057228874e+02
-4.4000000052898287e+02
-4.4000000048913762e+02
-4.4000000045230257e+02
-4.4000000041817452e+02
-4.4000000038668031e+02
-4.4000000035759501e+02
-4.4000000033061269e+02
-4.4000000030570749e+02
-4.4000000028268300e+02
-4.4000000026150576e+02
-4.4000000024186477e+02
-4.4000000022367283e+02
-4.4000000020678527e+02
-4.4000000019118443e+02
-4.4000000017669890e+02
-4.4000000016341420e+02
-4.4000000015099880e+02
-4.4000000013969316e+02
-4.4007179436130178e+02
-4.4000000104918678e+02
-4.4000264131083333e+02
-4.4006879942201249e+02
-4.4000000089516499e+02
-4.3999791836200717e+02
-4.4005276699964526e+02
-4.4000000061018488e+02
-4.4000558065853966e+02
-4.4006094936035618e+02
-4.4000000063194091e+02
-4.3999249837157527e+02
-4.4003060276763119e+02
-4.4000000028931754e+02
-4.4001422804372100e+02
-4.4006671003304507e+02
-4.4000000057978156e+02
-4.3997762039294037e+02
-4.3999306613878105e+02
-4.4004078889752941e+02
-4.4000000033207789e+02
-4.3999515347413285e+02
-4.4002097537014981e+02
-4.4000000014154983e+02
-4.4000952080188284e+02
-4.4004506328916545e+02
-4.4000000024402436e+02
-4.3998447412849117e+02
-4.3999415124230319e+02
-4.4002533388862582e+02
-4.4000000018450874e+02
-4.3999986182945111e+02
-4.4002122199801966e+02
-4.4006092640230645e+02
-4.4000000016097516e+02
-4.3996071756393371e+02
-4.3999999997678378e+02
-4.4005498557778230e+02
-4.4000000010926738e+02
-4.3996335235210779e+02
-4.3999999997599610e+02
-4.4005020909616530e+02
-4.4000000007071424e+02
-4.3996533735785886e+02
-4.3999999997540647e+02
-4.4004636382808201e+02
-4.4000000004399539e+02
-4.3996682368918448e+02
-4.3999999997516210e+02
-4.4004326409227144e+02
-4.4000000002547984e+02
-4.3996792845938973e+02
-4.3999999997513578e+02
-4.4004076188529797e+02
-4.4000000001255142e+02
-4.3996874228198533e+02
-4.3999999997502152e+02
-4.4003873913529799e+02
-4.4000000000312053e+02
-4.3996933513470117e+02
-4.3999999997494382e+02
-4.4003710156412671e+02
-4.3999999999621321e+02
-4.3996976094348895e+02
-4.3999999997473418e+02
-4.4003577381925953e+02
-4.3999999999125669e+02
-4.3997006116580496e+02
-4.3999999997474879e+02
-4.4003469561490863e+02
-4.3999999998768027e+02
-4.3997026758426500e+02
-4.3999999997460520e+02
-4.4003381866696355e+02
-4.3999999998483838e+02
-4.3997040448873133e+02
-4.3999999997463931e+02
-4.4003310426234623e+02
-4.3999999998288149e+02
-4.3997049037549897e+02
-4.3999999997462652e+02
-4.4003252132322677e+02
-4.3999999998142056e+02
-4.3997053927009432e+02
-4.3999999997478352e+02
-4.4003204487281778e+02
-4.3999999998033422e+02
-4.3997056175508385e+02
-4.3999999997491364e+02
-4.4003165481055902e+02
-4.3999999997942268e+02
-4.3997056576906402e+02
-4.3999999997481956e+02
-4.4003133494001349e+02
-4.3999999997866223e+02
-4.3997055722632876e+02
-4.3999999997485986e+02
-4.4003107219204776e+02
-4.3999999997810949e+02
-4.3997054049551787e+02
-4.3999999997517847e+02
-4.4003085600592146e+02
-4.3999999997786938e+02
-4.3997051876982766e+02
-4.3999999997539095e+02
-4.4003067783532447e+02
-4.3999999997756811e+02
