0.0000000000000000e+00
0.0000000000000000e+00
0.0000000000000000e+00
0.0000000000000000e+00
0.0000000000000000e+00
0.0000000000000000e+00
0.0000000000000000e+00
-5.1282080240199222e-02
-3.8264401950939553e-01
-9.8331246607405043e-01
-1.8429294914879528e+00
-2.6695787959398034e+00
-3.4643386006315633e+00
-4.2285307168209583e+00
-4.9633308284738824e+00
-5.6698693965375142e+00
-6.3492334035205715e+00
-7.0024680249073752e+00
-7.6305782371210533e+00
-8.2345303636413654e+00
-8.8152535616560819e+00
-9.3736412515349059e+00
-9.9105524913228020e+00
-1.0426813298366564e+01
-1.0923217920113602e+01
-1.1400530056029901e+01
-1.1859484032521671e+01
-1.2300785932670745e+01
-1.2725114682514333e+01
-1.3133123095548928e+01
-1.3525438877056921e+01
-1.3902665589808937e+01
-1.4265383582621055e+01
-1.4614150883199770e+01
-1.4949504056646129e+01
-1.5271959030941058e+01
-1.5582011890680322e+01
-1.5880139640281865e+01
-1.6166800937839131e+01
-1.6442436800749185e+01
-1.6707471284199912e+01
-1.6962312133563934e+01
-1.7207351411698646e+01
-1.7442966102121090e+01
-1.7669518688980034e+01
-1.7887357714727067e+01
-1.8096818316334218e+01
-1.8298222740889511e+01
-1.8491880841360764e+01
-1.8678090553294822e+01
-1.8857138353178371e+01
-1.9029299699171190e+01
-1.9194839454888378e+01
-1.9354012296881915e+01
-1.9507752832656891e+01
-1.9654890548093320e+01
-1.9796394627393379e+01
-1.9933092019545818e+01
-2.0063870534916720e+01
-2.0189598947315659e+01
-2.0311018531331495e+01
-2.0427261410582364e+01
-2.0539087412675674e+01
-2.0647144854687475e+01
-2.0750459798502874e+01
-2.0849728324436917e+01
-2.0945544357675889e+01
-2.1037382396267766e+01
-2.1125826309172716e+01
-2.1211374278100354e+01
-2.1292988090050894e+01
-2.1371245162279504e+01
-2.1446638171627672e+01
-2.1519587490828052e+01
-2.1589346947540985e+01
-2.1656384716142806e+01
-2.1721100262825914e+01
-2.1783109227584013e+01
-2.1842808852910302e+01
-2.1900538082913034e+01
-2.1955645593473189e+01
-2.2008516164668180e+01
-2.2059478107144706e+01
-2.2108811549441345e+01
-2.2155908541726170e+01
-2.2201097317336099e+01
-2.2244657938845343e+01
-2.2286829367495152e+01
-2.2327079520884030e+01
-2.2365690371882515e+01
-2.2402907408871759e+01
-2.2438935198074056e+01
-2.2473335127083445e+01
-2.2506346104810483e+01
-2.2538153305891669e+01
-2.2568933403607190e+01
-2.2598333401446673e+01
-2.2626555845368490e+01
-2.2653739594875852e+01
-2.2680037093603044e+01
-2.2705163872463949e+01
-2.2729291747674267e+01
-2.2752524116315410e+01
-2.2774992406230517e+01
-2.2796467057587336e+01
-2.2817093897384673e+01
-2.2836949260263950e+01
-2.2856146370386824e+01
-2.2874499715360745e+01
-2.2892133126259701e+01
-2.2909102364949987e+01
-2.2925504906788380e+01
-2.2941190615695600e+01
-2.2956264693853679e+01
-2.2970767333789905e+01
-2.2984782400688715e+01
-2.2998188205946171e+01
-2.3011074164390045e+01
-2.3023468747768341e+01
-2.3035444070828767e+01
-2.3046901350282688e+01
-2.3057916613694971e+01
-2.3068509564408963e+01
-2.3078742181329339e+01
-2.3088534148818717e+01
-2.3097950136027183e+01
-2.3107003335883665e+01
-2.3115746991185613e+01
-2.3124115696740155e+01
-2.3132164479605457e+01
-2.3139901743172388e+01
-2.3147373206029368e+01
-2.3154525518691795e+01
-2.3161405519093726e+01
-2.3168018127297639e+01
-2.3174402585730181e+01
-2.3180515306854989e+01
-2.3186396170323544e+01
-2.3192047599636204e+01
-2.3197503266455982e+01
-2.3202727499852369e+01
-2.3207754264518893e+01
-2.3212584228672434e+01
-2.3217246274640914e+01
-2.3221711161561643e+01
-2.3226007824065022e+01
-2.3230135728237844e+01
-2.3234119640928107e+01
-2.3237935552216747e+01
-2.3241608117602389e+01
-2.3245136010487354e+01
-2.3248540462881934e+01
-2.3251801727167408e+01
-2.3254940817286595e+01
-2.3257955914030852e+01
-2.3260865214547440e+01
-2.3263652449918968e+01
-2.3266335534122220e+01
-2.3268912372528483e+01
-2.3271398557657314e+01
-2.3273780664444427e+01
