0.0000000000000000e+00
0.0000000000000000e+00
0.0000000000000000e+00
0.0000000000000000e+00
0.0000000000000000e+00
0.0000000000000000e+00
0.0000000000000000e+00
2.5641040120090188e-02
1.9132200975467498e-01
4.9165623303697720e-01
9.2146474574387760e-01
1.3347893979697167e+00
1.7321693003154124e+00
2.1142653584099582e+00
2.4816654142363861e+00
2.8349346982681798e+00
3.1746167017596187e+00
3.5012340124529349e+00
3.8152891185597357e+00
4.1172651818198931e+00
4.4076267808271705e+00
4.6868206257665275e+00
4.9552762456604160e+00
5.2134066491822519e+00
5.4616089600557203e+00
5.7002650280138347e+00
5.9297420162597057e+00
6.1503929663341257e+00
6.3625573412558696e+00
6.5665615477731603e+00
6.7627194385271334e+00
6.9513327949031716e+00
7.1326917913091590e+00
7.3070754415984860e+00
7.4747520283216344e+00
7.6359795154690726e+00
7.7910059453386955e+00
7.9400698201394846e+00
8.0834004689181036e+00
8.2212184003731217e+00
8.3537356420984974e+00
8.4811560667805193e+00
8.6036757058478859e+00
8.7214830510590815e+00
8.8347593444885462e+00
8.9436788573620305e+00
9.0484091581655797e+00
9.1491113704432152e+00
9.2459404206788349e+00
9.3390452766458640e+00
9.4285691765876560e+00
9.5146498495840781e+00
9.5974197274426807e+00
9.6770061484394798e+00
9.7538764163269995e+00
9.8274452740452478e+00
9.8981973136953236e+00
9.9665460097716068e+00
1.0031935267457090e+01
1.0094799473656586e+01
1.0155509265664538e+01
1.0213630705290008e+01
1.0269543706336711e+01
1.0323572427342659e+01
1.0375229899250394e+01
1.0424864162217423e+01
1.0472772178836877e+01
1.0518691198132824e+01
1.0562913154585351e+01
1.0605687139049259e+01
1.0646494045024532e+01
1.0685622581138823e+01
1.0723319085812808e+01
1.0759793745412832e+01
1.0794673473769310e+01
1.0828192358070416e+01
1.0860550131412321e+01
1.0891554613791394e+01
1.0921404426454259e+01
1.0950269041455051e+01
1.0977822796735181e+01
1.1004258082333244e+01
1.1029739053572584e+01
1.1054405774722445e+01
1.1077954270864877e+01
1.1100548658668442e+01
1.1122328969420375e+01
1.1143414683741351e+01
1.1163539760435796e+01
1.1182845185938646e+01
1.1201453704433273e+01
1.1219467599031070e+01
1.1236667563535782e+01
1.1253173052402396e+01
1.1269076652942982e+01
1.1284466701797864e+01
1.1299166700717626e+01
1.1313277922681202e+01
1.1326869797434894e+01
1.1340018546796017e+01
1.1352581936226494e+01
1.1364645873833938e+01
1.1376262058154513e+01
1.1387496203109931e+01
1.1398233528788339e+01
1.1408546948688986e+01
1.1418474630128669e+01
1.1428073185188271e+01
1.1437249857675280e+01
1.1446066563126447e+01
1.1454551182471587e+01
1.1462752453389204e+01
1.1470595307842817e+01
1.1478132346923337e+01
1.1485383666891490e+01
1.1492391200339540e+01
1.1499094102968311e+01
1.1505537082191534e+01
1.1511734373880703e+01
1.1517722035409749e+01
1.1523450675136715e+01
1.1528958306843954e+01
1.1534254782200950e+01
1.1539371090660110e+01
1.1544267074404811e+01
1.1548975068009998e+01
1.1553501667938228e+01
1.1557873495588339e+01
1.1562057848365619e+01
1.1566082239799099e+01
1.1569950871582563e+01
1.1573686603010286e+01
1.1577262759341485e+01
1.1580702759543126e+01
1.1584009063645073e+01
1.1587201292860694e+01
1.1590257653423109e+01
1.1593198085157992e+01
1.1596023799814308e+01
1.1598751633223646e+01
1.1601363749921841e+01
1.1603877132255608e+01
1.1606292114332396e+01
1.1608623137316151e+01
1.1610855580776528e+01
1.1613003912028681e+01
1.1615067864115098e+01
1.1617059820459792e+01
1.1618967776104082e+01
1.1620804058797276e+01
1.1622568005239756e+01
1.1624270231436686e+01
1.1625900863579409e+01
1.1627470408639319e+01
1.1628977957011463e+01
1.1630432607269395e+01
1.1631826224955166e+01
1.1633167767057099e+01
1.1634456186260254e+01
1.1635699278824390e+01
1.1636890332217943e+01
