0.0000000000000000e+00
0.0000000000000000e+00
0.0000000000000000e+00
0.0000000000000000e+00
0.0000000000000000e+00
0.0000000000000000e+00
0.0000000000000000e+00
2.5641040120108850e-02
1.9132200975471911e-01
4.9165623303707062e-01
9.2146474574406989e-01
1.3347893979700820e+00
1.7321693003161487e+00
2.1142653584110001e+00
2.4816654142374999e+00
2.8349346982693309e+00
3.1746167017609523e+00
3.5012340124544394e+00
3.8152891185613189e+00
4.1172651818214812e+00
4.4076267808289256e+00
4.6868206257683829e+00
4.9552762456623682e+00
5.2134066491842752e+00
5.4616089600578368e+00
5.7002650280160099e+00
5.9297420162619430e+00
6.1503929663365939e+00
6.3625573412584444e+00
6.5665615477757653e+00
6.7627194385297855e+00
6.9513327949057615e+00
7.1326917913118830e+00
7.3070754416012456e+00
7.4747520283244464e+00
7.6359795154719112e+00
7.7910059453415510e+00
7.9400698201423117e+00
8.0834004689209280e+00
8.2212184003759727e+00
8.3537356421013182e+00
8.4811560667832993e+00
8.6036757058506783e+00
8.7214830510618988e+00
8.8347593444913812e+00
8.9436788573649260e+00
9.0484091581685462e+00
9.1491113704462030e+00
9.2459404206818281e+00
9.3390452766488536e+00
9.4285691765906208e+00
9.5146498495870233e+00
9.5974197274456081e+00
9.6770061484423611e+00
9.7538764163298133e+00
9.8274452740479905e+00
9.8981973136979846e+00
9.9665460097741700e+00
1.0031935267459604e+01
1.0094799473659043e+01
1.0155509265666970e+01
1.0213630705292372e+01
1.0269543706338990e+01
1.0323572427344830e+01
1.0375229899252512e+01
1.0424864162219528e+01
1.0472772178839021e+01
1.0518691198134940e+01
1.0562913154587349e+01
1.0605687139051065e+01
1.0646494045026314e+01
1.0685622581140695e+01
1.0723319085814905e+01
1.0759793745415264e+01
1.0794673473771708e+01
1.0828192358072453e+01
1.0860550131413673e+01
1.0891554613792705e+01
1.0921404426456155e+01
1.0950269041458098e+01
1.0977822796738167e+01
1.1004258082335085e+01
1.1029739053572278e+01
1.1054405774719047e+01
1.1077954270861456e+01
1.1100548658667787e+01
1.1122328969425096e+01
1.1143414683753896e+01
1.1163539760448296e+01
1.1182845185943886e+01
1.1201453704438489e+01
1.1219467599042995e+01
1.1236667563547670e+01
1.1253173052408064e+01
1.1269076652948637e+01
1.1284466701809299e+01
1.1299166700728993e+01
1.1313277922687217e+01
1.1326869797440905e+01
1.1340018546806979e+01
1.1352581936237399e+01
1.1364645873840244e+01
1.1376262058160812e+01
1.1387496203120499e+01
1.1398233528798864e+01
1.1408546948695534e+01
1.1418474630135204e+01
1.1428073185198475e+01
1.1437249857685458e+01
1.1446066563133236e+01
1.1454551182478360e+01
1.1462752453399103e+01
1.1470595307852713e+01
1.1478132346930270e+01
1.1485383666898388e+01
1.1492391200349150e+01
1.1499094102977903e+01
1.1505537082198572e+01
1.1511734373887705e+01
1.1517722035419068e+01
1.1523450675146025e+01
1.1528958306851086e+01
1.1534254782208084e+01
1.1539371090669270e+01
1.1544267074413952e+01
1.1548975068017249e+01
1.1553501667945474e+01
1.1557873495597331e+01
1.1562057848374597e+01
1.1566082239806457e+01
1.1569950871589908e+01
1.1573686603019143e+01
1.1577262759350322e+01
1.1580702759550585e+01
1.1584009063652534e+01
1.1587201292869445e+01
1.1590257653431856e+01
1.1593198085165550e+01
1.1596023799821861e+01
1.1598751633232297e+01
1.1601363749930469e+01
1.1603877132263186e+01
1.1606292114339983e+01
1.1608623137324731e+01
1.1610855580785110e+01
1.1613003912036378e+01
1.1615067864122809e+01
1.1617059820468366e+01
1.1618967776112676e+01
1.1620804058805106e+01
1.1622568005247565e+01
1.1624270231445186e+01
1.1625900863587928e+01
1.1627470408647186e+01
1.1628977957019343e+01
1.1630432607277914e+01
1.1631826224963675e+01
1.1633167767065036e+01
1.1634456186268181e+01
1.1635699278832861e+01
1.1636890332226400e+01
