0.0000000000000000e+00
-4.0000000002112087e-04
-8.0000000001558002e-04
-1.2001600640379319e-03
-1.6000000001408577e-03
-1.9999998721695537e-03
-2.4001598081218583e-03
-2.8076923695709724e-03
-3.2573985316104847e-03
-3.7474986372184708e-03
-4.2764410544056221e-03
-4.4005917163559977e-03
-4.5196508183160114e-03
-4.6342796291998578e-03
-4.7444996456255158e-03
-4.8504804292203631e-03
-4.9523850287751317e-03
-5.0503702206034090e-03
-5.1445867511603332e-03
-5.2351795689601520e-03
-5.3222880475722384e-03
-5.4060462000469281e-03
-5.4865828850844435e-03
-5.5640220052799918e-03
-5.6384826977465240e-03
-5.7100795173994764e-03
-5.7789226131938435e-03
-5.8451178975882003e-03
-5.9087672094838102e-03
-5.9699684709021792e-03
-6.0288158376322889e-03
-6.0853998440870078e-03
-6.1398075425847468e-03
-6.1921226372801180e-03
-6.2424256129343797e-03
-6.2907938587442244e-03
-6.3373017873948308e-03
-6.3820209495487239e-03
-6.4250201439176608e-03
-6.4663655231100830e-03
-6.5061206954014983e-03
-6.5443468225969328e-03
-6.5811027141234645e-03
-6.6164449175087087e-03
-6.6504278053717090e-03
-6.6831036590803364e-03
-6.7145227491802843e-03
-6.7447334127330623e-03
-6.7737821276823533e-03
-6.8017135843608106e-03
-6.8285707542406222e-03
-6.8543949560441369e-03
-6.8792259193138534e-03
-6.9031018455308988e-03
-6.9269783418215627e-03
-6.9482335897266536e-03
-6.9694892894268572e-03
-6.9907454409411209e-03
-7.0095805866457360e-03
-7.0284160871198348e-03
-7.0472519423762309e-03
-7.0640892159541443e-03
-7.0809267730312479e-03
-7.0977646136167905e-03
-7.1125689742967818e-03
-7.1273735541495711e-03
-7.1421783531802402e-03
-7.1556073615088823e-03
-7.1690365501785782e-03
-7.1824659191939335e-03
-7.1939482176529932e-03
-7.2054306479567808e-03
-7.2169132101089538e-03
-7.2283959041113260e-03
-7.2384020445127881e-03
-7.2484082850386346e-03
-7.2584146256895968e-03
-7.2674663851370284e-03
-7.2765182265190414e-03
-7.2855701498387524e-03
-7.2933468407881796e-03
-7.3011235922151602e-03
-7.3089004041202972e-03
-7.3166772765046271e-03
-7.3233862825034871e-03
-7.3300953335136022e-03
-7.3368044295349551e-03
-7.3435135705687280e-03
-7.3490619295027166e-03
-7.3546103192209918e-03
-7.3604361112316373e-03
-7.3662619371809490e-03
-7.3710002700975111e-03
-7.3757386254660754e-03
-7.3807229957547800e-03
-7.3857073908874301e-03
-7.3897500109376818e-03
-7.3937926473313775e-03
-7.3980609390868028e-03
-7.4023292490595369e-03
-7.4057745813720325e-03
-7.4092199255546822e-03
-7.4128786172939637e-03
-7.4165373224194522e-03
-7.4194700589869647e-03
-7.4224028041551954e-03
-7.4255423888820622e-03
-7.4286819834665898e-03
-7.4311749575430939e-03
-7.4336679378339647e-03
-7.4363653545833717e-03
-7.4390627786088490e-03
-7.4411785925138120e-03
-7.4432944108952384e-03
-7.4456150999090212e-03
-7.4479357943088385e-03
-7.4497282309939020e-03
-7.4515206708917585e-03
-7.4535203120078154e-03
-7.4555199571219510e-03
-7.4570352026021537e-03
-7.4585504503780313e-03
-7.4602764345055705e-03
-7.4620024216117357e-03
-7.4632801223499003e-03
-7.4645578247210624e-03
-7.4660505002281542e-03
-7.4675431779636856e-03
-7.4686173545144372e-03
-7.4696915322195858e-03
-7.4709852613250218e-03
-7.4722789921031624e-03
-7.4731788277888856e-03
-7.4740786642844845e-03
-7.4752027189449073e-03
-7.4763267748695437e-03
-7.4770772959982202e-03
-7.4778278176910375e-03
-7.4788071397982481e-03
-7.4797864628645700e-03
-7.4804091249377784e-03
-7.4810317873979992e-03
-7.4818876341565047e-03
-7.4827434816470634e-03
-7.4832566741841501e-03
-7.4837698669848627e-03
-7.4845203590931456e-03
-7.4852708517639290e-03
-7.4856903327744024e-03
-7.4861098139615348e-03
-7.4867704014325402e-03
-7.4874309893394426e-03
-7.4877702590114732e-03
-7.4881095287988204e-03
-7.4886933869651598e-03
-7.4892772454730151e-03
-7.4895478674189371e-03
-7.4898184894384035e-03
-7.4903368557415499e-03
-7.4908552223136374e-03
-7.4910670995937886e-03
