0.0000000000000000e+00
1.0000000000576372e-04
2.0000000000826177e-04
2.9999000101181930e-04
4.0000000008097507e-04
4.9999999815124048e-04
5.9998999722175460e-04
7.0384614981753180e-04
8.2869813422719045e-04
9.7374827879722508e-04
1.1382195670993243e-03
1.2002324723140762e-03
1.2598253930471502e-03
1.3171398017354887e-03
1.3722498103123891e-03
1.4252402030544647e-03
1.4761925037047273e-03
1.5251851004259207e-03
1.5722933664503640e-03
1.6175897760395039e-03
1.6611440159830259e-03
1.7030230928093027e-03
1.7432914358729407e-03
1.7820109964740401e-03
1.8192413431729331e-03
1.8550397534294132e-03
1.8894613017237133e-03
1.9225589442883654e-03
1.9543836005767256e-03
1.9849842316009463e-03
2.0144079152559784e-03
2.0426999187518708e-03
2.0699037682482537e-03
2.0960613158254988e-03
2.1212128038649788e-03
2.1453969269653326e-03
2.1686508914731031e-03
2.1910104727178611e-03
2.2125100700568800e-03
2.2331827597962700e-03
2.2530603460748128e-03
2.2721734097951940e-03
2.2905513556714975e-03
2.3082224574686853e-03
2.3252139014969505e-03
2.3415518284409984e-03
2.3572613735735764e-03
2.3723667054277447e-03
2.3868910629734623e-03
2.4008567913782392e-03
2.4142853763785407e-03
2.4271974773363817e-03
2.4396129590230384e-03
2.4515509221801307e-03
2.4634887428237346e-03
2.4741167904583361e-03
2.4847447251387230e-03
2.4953725468676463e-03
2.5047902895642205e-03
2.5142079435684543e-03
2.5236255088814429e-03
2.5320446054171064e-03
2.5404636310718113e-03
2.5488825858465832e-03
2.5562844844951500e-03
2.5636863283564856e-03
2.5710881174307357e-03
2.5778036795421426e-03
2.5845191965546926e-03
2.5912346684695844e-03
2.5969741063914024e-03
2.6027135113714911e-03
2.6084528834114749e-03
2.6141922225109862e-03
2.6192010208686018e-03
2.6242097941374365e-03
2.6292185423200326e-03
2.6337331919708551e-03
2.6382478212387908e-03
2.6427624301256559e-03
2.6466734193909369e-03
2.6505843933596236e-03
2.6544953520328935e-03
2.6584062954110744e-03
2.6616931404438650e-03
2.6649799746733312e-03
2.6682667980998335e-03
2.6715536107225503e-03
2.6745309642157047e-03
2.6775083088439577e-03
2.6802180557829107e-03
2.6829277953788989e-03
2.6855001347910207e-03
2.6880724675862602e-03
2.6903614980429125e-03
2.6926505232593521e-03
2.6948750053495895e-03
2.6970994824908334e-03
2.6990304697074811e-03
2.7009614531955913e-03
2.7028872906600439e-03
2.7048131244145936e-03
2.7064393088094291e-03
2.7080654905606029e-03
2.7097350295288004e-03
2.7114045657090336e-03
2.7127711946032832e-03
2.7141378216301477e-03
2.7155874788495475e-03
2.7170371339675196e-03
2.7181826774543305e-03
2.7193282196273745e-03
2.7205892963626539e-03
2.7218503715081121e-03
2.7228075501163620e-03
2.7237647278074294e-03
2.7248641156218038e-03
2.7259635022272061e-03
2.7267601561652018e-03
2.7275568094676365e-03
2.7285176014382926e-03
2.7294783924858195e-03
2.7301382174142927e-03
2.7307980419068517e-03
2.7316400613219107e-03
2.7324820800280771e-03
2.7330252502760109e-03
2.7335684202289038e-03
2.7343086774095308e-03
2.7350489340424358e-03
2.7354926308225907e-03
2.7359363274073864e-03
2.7365894140506091e-03
2.7372425002675175e-03
2.7376013596344898e-03
2.7379602188723909e-03
2.7385386481589714e-03
2.7391170771110364e-03
2.7394035700605388e-03
2.7396900629285074e-03
2.7402045626285783e-03
2.7407190620650636e-03
2.7409438172394805e-03
2.7411685723633525e-03
2.7416283372542548e-03
2.7420881019335230e-03
2.7422601797073773e-03
2.7424322574527448e-03
2.7428451665504694e-03
2.7432580754779157e-03
2.7433852008773166e-03
2.7435123262604614e-03
2.7438851296684164e-03
2.7442579329374785e-03
2.7443466936430340e-03
2.7444354543419069e-03
2.7447739338729970e-03
2.7451124132892172e-03
2.7451684280326567e-03
2.7452244427723042e-03
2.7455335499607446e-03
