0.0000000000000000e+00
1.0000000000497821e-04
2.0000000000899816e-04
2.9999000101259922e-04
4.0000000008217208e-04
4.9999999815235623e-04
5.9998999722321133e-04
7.0384614981831471e-04
8.2869813422751712e-04
9.7374827879764933e-04
1.1382195670999067e-03
1.2002324723150585e-03
1.2598253930489196e-03
1.3171398017370502e-03
1.3722498103128388e-03
1.4252402030547875e-03
1.4761925037058458e-03
1.5251851004270249e-03
1.5722933664511201e-03
1.6175897760399005e-03
1.6611440159842021e-03
1.7030230928105517e-03
1.7432914358738827e-03
1.7820109964748396e-03
1.8192413431739355e-03
1.8550397534302676e-03
1.8894613017244970e-03
1.9225589442904228e-03
1.9543836005778735e-03
1.9849842316017226e-03
2.0144079152569667e-03
2.0426999187519775e-03
2.0699037682501706e-03
2.0960613158264394e-03
2.1212128038661745e-03
2.1453969269663083e-03
2.1686508914737861e-03
2.1910104727181998e-03
2.2125100700575327e-03
2.2331827597971638e-03
2.2530603460752183e-03
2.2721734097954811e-03
2.2905513556724815e-03
2.3082224574700193e-03
2.3252139014981114e-03
2.3415518284428381e-03
2.3572613735757990e-03
2.3723667054287080e-03
2.3868910629745001e-03
2.4008567913790389e-03
2.4142853763789262e-03
2.4271974773369819e-03
2.4396129590235163e-03
2.4515509221799420e-03
2.4634887428232276e-03
2.4741167904573677e-03
2.4847447251372641e-03
2.4953725468658729e-03
2.5047902895633922e-03
2.5142079435675835e-03
2.5236255088814307e-03
2.5320446054159199e-03
2.5404636310699205e-03
2.5488825858441377e-03
2.5562844844937583e-03
2.5636863283562683e-03
2.5710881174322684e-03
2.5778036795410259e-03
2.5845191965510241e-03
2.5912346684632357e-03
2.5969741063901920e-03
2.6027135113756536e-03
2.6084528834206936e-03
2.6141922225256949e-03
2.6192010208669447e-03
2.6242097941203287e-03
2.6292185422864510e-03
2.6337331919684638e-03
2.6382478212689125e-03
2.6427624301870933e-03
2.6466734193881167e-03
2.6505843932937562e-03
2.6544953519037442e-03
2.6584062952177781e-03
2.6616931404414667e-03
2.6649799748622695e-03
2.6682667984802323e-03
2.6715536112956683e-03
2.6745309642136421e-03
2.6775083082669236e-03
2.6802180557826934e-03
2.6829277959550635e-03
2.6855001347897739e-03
2.6880724670072941e-03
2.6903614980420382e-03
2.6926505238374062e-03
2.6948750053478829e-03
2.6970994819089890e-03
2.6990304697071038e-03
2.7009614537765211e-03
2.7028872906567306e-03
2.7048131238285467e-03
2.7064393088087751e-03
2.7080654911457399e-03
2.7097350295254125e-03
2.7114045651195767e-03
2.7127711946031453e-03
2.7141378222185408e-03
2.7155874788463096e-03
2.7170371333723534e-03
2.7181826774529076e-03
2.7193282202208672e-03
2.7205892963602738e-03
2.7218503709083423e-03
2.7228075501154123e-03
2.7237647284059077e-03
2.7248641156187329e-03
2.7259635016225053e-03
2.7267601561641913e-03
2.7275568100716329e-03
2.7285176014350066e-03
2.7294783918768795e-03
2.7301382174133321e-03
2.7307980425157570e-03
2.7316400613189482e-03
2.7324820794126245e-03
2.7330252502748903e-03
2.7335684208421767e-03
2.7343086774055635e-03
2.7350489334200946e-03
2.7354926308216102e-03
2.7359363280258626e-03
2.7365894140458369e-03
2.7372424996397254e-03
2.7376013596325148e-03
2.7379602194962031e-03
2.7385386481536896e-03
2.7391170764768553e-03
2.7394035700596319e-03
2.7396900635596861e-03
2.7402045626250373e-03
2.7407190614253643e-03
2.7409438172395929e-03
2.7411685730027893e-03
2.7416283372513066e-03
2.7420881012884730e-03
2.7422601797083349e-03
2.7424322580995200e-03
2.7428451665483826e-03
2.7432580748265882e-03
2.7433852008785305e-03
2.7435123269140289e-03
2.7438851296667645e-03
2.7442579322801372e-03
2.7443466936454253e-03
2.7444354550027216e-03
2.7447739338716595e-03
2.7451124126259214e-03
2.7451684280338619e-03
2.7452244434387082e-03
2.7455335499589817e-03
