0.0000000000000000e+00
0.0000000000000000e+00
0.0000000000000000e+00
0.0000000000000000e+00
0.0000000000000000e+00
0.0000000000000000e+00
0.0000000000000000e+00
7.6923120360298783e-06
5.7396602926409256e-05
1.4749686991110737e-04
2.7643942372319261e-04
4.0043681939097006e-04
5.1965079009473419e-04
6.3427960752314330e-04
7.4449962427108201e-04
8.5048040948062641e-04
9.5238501052808571e-04
1.0503702037361067e-03
1.1445867355681580e-03
1.2351795545462042e-03
1.3222880342484119e-03
1.4060461877302361e-03
1.4865828736984204e-03
1.5640219947549846e-03
1.6384826880170400e-03
1.7100795084044849e-03
1.7789226048782517e-03
1.8451178899006127e-03
1.9087672023771506e-03
1.9699684643323398e-03
2.0288158315585388e-03
2.0853998384713426e-03
2.1398075373931583e-03
2.1921226324799659e-03
2.2424256084969205e-03
2.2907938546411601e-03
2.3373017836020495e-03
2.3820209460422822e-03
2.4250201406758689e-03
2.4663655201123775e-03
2.5061206926299874e-03
2.5443468200345926e-03
2.5811027117548001e-03
2.6164449153181658e-03
2.6504278033470103e-03
2.6831036572090646e-03
2.7145227474501387e-03
2.7447334111334295e-03
2.7737821262041194e-03
2.8017135829942284e-03
2.8285707529767611e-03
2.8543949548756830e-03
2.8792259182332603e-03
2.9031018445322930e-03
2.9261629248985392e-03
2.9482335822140046e-03
2.9694591941090147e-03
2.9899638029318798e-03
3.0095805802375173e-03
3.0284398420973566e-03
3.0466527796997322e-03
3.0640892115873634e-03
3.0808631119013620e-03
3.0970717282031318e-03
3.1125689697754427e-03
3.1274592486655473e-03
3.1418316536513946e-03
3.1556073594401759e-03
3.1688739463759186e-03
3.1817061417150671e-03
3.1939482135076450e-03
3.2056867743419379e-03
3.2169957257441617e-03
3.2279381236242177e-03
3.2384020421311567e-03
3.2484577074214311e-03
3.2581650394238951e-03
3.2674663841376112e-03
3.2764213279365562e-03
3.2850807124369637e-03
3.2933468390209880e-03
3.3012774247002385e-03
3.3089217160717152e-03
3.3163217324162116e-03
3.3233862812589356e-03
3.3301645976004236e-03
3.3366986908268110e-03
3.3430244051242818e-03
3.3490619281326050e-03
3.3548535557823668e-03
3.3604361113307541e-03
3.3658402797110947e-03
3.3710002690625069e-03
3.3759519157215653e-03
3.3807229958837479e-03
3.3853400105410790e-03
3.3897500102169952e-03
3.3939833768052608e-03
3.3980609392313676e-03
3.4020055640404476e-03
3.4057745808695836e-03
3.4093937621511288e-03
3.4128786174473049e-03
3.4162488609345721e-03
3.4194700586380909e-03
3.4225640846076892e-03
3.4255423890395867e-03
3.4284219555580195e-03
3.4311749573041131e-03
3.4338199689389623e-03
3.4363653547425034e-03
3.4388257360182606e-03
3.4411785923543431e-03
3.4434397040780506e-03
3.4456151000684825e-03
3.4477173601033060e-03
3.4497282308919327e-03
3.4516611246585222e-03
3.4535203121652640e-03
3.4553166106243275e-03
3.4570352025424210e-03
3.4586874920542682e-03
3.4602764346613676e-03
3.4618113271994220e-03
3.4632801223228350e-03
3.4646925204041097e-03
3.4660505003825796e-03
3.4673620486778680e-03
3.4686173545110483e-03
3.4698246719408426e-03
3.4709852614758742e-03
3.4721059809044138e-03
3.4731788278037764e-03
3.4742108278640682e-03
3.4752027190946525e-03
3.4761603878595295e-03
3.4770772960282565e-03
3.4779594255485448e-03
3.4788071399454393e-03
3.4796254899684014e-03
3.4804091249778552e-03
3.4811631396778290e-03
3.4818876343008644e-03
3.4825869411961377e-03
3.4832566742342558e-03
3.4839011736097695e-03
3.4845203592356946e-03
3.4851179461392323e-03
3.4856903328325207e-03
3.4862412176403660e-03
3.4867704015731121e-03
3.4872810694322976e-03
3.4877702590751180e-03
3.4882411225929904e-03
3.4886933871046272e-03
3.4891297821821122e-03
3.4895478674878363e-03
3.4899503301183254e-03
3.4903368558792738e-03
3.4907097836485946e-03
3.4910670996666526e-03
