0.0000000000000000e+00
5.0535810150800434e-11
7.9867001703737321e-10
-8.8026395317879636e-03
8.1494034044474758e-09
5.2992053962227998e-06
-8.7920462722918952e-03
-3.6227870643606416e-06
-1.1429562053114268e-04
-1.0524536024093909e-04
-9.7228139678914402e-05
-4.3404455191978636e-03
-1.5936685435062015e-06
-1.3102851212946827e-06
-1.2604531358296092e-06
-1.1652313658646288e-06
-1.0772415203079309e-06
-9.9592644331245686e-07
-9.2074726007037843e-07
-8.5129805122342805e-07
-7.8701631941807286e-07
-7.2765129390083453e-07
-6.7272774749080985e-07
-6.2202431605274500e-07
-5.7506904829569525e-07
-5.3169499643050903e-07
-4.9171941581606384e-07
-4.5464448788913596e-07
-4.2032012350614810e-07
-3.8849117738492342e-07
-3.5925586129776657e-07
-3.3216172815484127e-07
-3.0718736600061888e-07
-2.8407625919051965e-07
-2.6263789634065602e-07
-2.4295775264496005e-07
-2.2452021365610357e-07
-2.0759084037016197e-07
-1.9200907051701938e-07
-1.7752592537981552e-07
-1.6411030402249073e-07
-1.5174688013285307e-07
-1.4032018931554336e-07
-1.2974800168421729e-07
-1.2000567400188166e-07
-1.1092310105250867e-07
-1.0256322681050911e-07
-9.4691425186679183e-08
-8.7524816607719861e-08
-8.0914618774729564e-08
-7.4830498328449065e-08
-6.9161695473114805e-08
-6.3921316670241847e-08
-5.9012194789603235e-08
3.5803001335331167e-02
-4.4468053204196917e-07
1.3383488583198354e-03
3.4361518311581248e-02
-3.7948632013306619e-07
-1.0628174407197413e-03
2.6281791903511351e-02
-2.5836883272088327e-07
2.8441316450032190e-03
3.0536068925036668e-02
-2.6795752759557195e-07
-3.8495330104911627e-03
1.5068367390017897e-02
-1.2231012211063418e-07
7.3167451512194930e-03
3.3730970437716765e-02
-2.4618076411952219e-07
-1.1588579514776536e-02
-4.2856966560856288e-03
1.9133942257894453e-02
-1.3951568527975136e-07
-1.1799007934039675e-03
1.2958181852078747e-02
-6.1349593074431944e-08
2.2761433328539185e-03
1.7549764714197003e-02
-9.8883340346416069e-08
-2.7915158291677575e-03
7.0086637441365944e-03
2.7551591348778891e-02
-8.7487015565978306e-08
-1.4961418134375466e-02
-1.9180813521115538e-02
-1.4235417966991962e-02
-3.3954001802096782e-08
2.5051831057761487e-02
2.5116994827409663e-08
-1.7205531051604279e-02
2.6506934446171974e-10
2.6370457550971019e-02
2.3496004226539086e-08
-1.9593543627241843e-02
1.0756124924832815e-08
2.7363830817191469e-02
2.2547559859152797e-08
-2.1515988307377016e-02
1.7492299976358584e-08
2.8107612246640337e-02
2.1939466519820558e-08
-2.3065703065384989e-02
2.1522076233932345e-08
2.8660433328997693e-02
2.1681813497936698e-08
-2.4316684204652224e-02
2.4154458865723804e-08
2.9067654100027106e-02
2.1596532777487821e-08
-2.5327962990276343e-02
2.5617256259532009e-08
2.9364300351256024e-02
2.1544594565394292e-08
-2.6146673524738973e-02
2.6465245711778969e-08
2.9577361308283562e-02
2.1548023628174529e-08
-2.6810487788710022e-02
2.6779491066933720e-08
2.9727583833867775e-02
2.1641687408933943e-08
-2.7349545152351554e-02
2.7050136503894697e-08
2.9830872448565065e-02
2.1752963979159629e-08
-2.7787984847036443e-02
2.6887851281658755e-08
2.9899381110469560e-02
2.1591642609675354e-08
-2.8145161294756284e-02
2.6719837505977478e-08
2.9942365006941626e-02
2.1933167812698565e-08
-2.8436610989055328e-02
2.6690551386297032e-08
2.9966841216400732e-02
2.2039439151991106e-08
-2.8674821342896718e-02
2.6313436441799841e-08
2.9978104078762571e-02
2.2108131739591646e-08
-2.8869840904491701e-02
2.6313778143000326e-08
2.9980125845273143e-02
2.2163624248209213e-08
-2.9029767488862292e-02
2.6213462949696450e-08
2.9975865056372848e-02
2.2297352981695225e-08
-2.9161135242424675e-02
2.5833471707346046e-08
2.9967506898526407e-02
2.2294652465407775e-08
-2.9269223471737181e-02
2.5794622490158868e-08
2.9956649309692350e-02
2.2561203857642850e-08
-2.9358305005522868e-02
2.5630845692654661e-08
