0.0000000000000000e+00
-4.4000000002315339e+01
-8.8000000001306120e+01
-1.3202200836391737e+02
-1.7600000001139034e+02
-2.1999998328901694e+02
-2.6402197491651168e+02
-3.0800000814022076e+02
-3.5200026930304711e+02
-3.9600024702649159e+02
-4.4000022798913591e+02
-4.4001920888890504e+02
-4.4000000390115389e+02
-4.4000000303956165e+02
-4.4000000297921969e+02
-4.4000000275399282e+02
-4.4000000254578418e+02
-4.4000000235335307e+02
-4.4000000217550723e+02
-4.4000000201119008e+02
-4.4000000185911972e+02
-4.4000000171865628e+02
-4.4000000158882398e+02
-4.4000000146876641e+02
-4.4000000135777799e+02
-4.4000000125529863e+02
-4.4000000116059505e+02
-4.4000000107295563e+02
-4.4000000099190697e+02
-4.4000000091696199e+02
-4.4000000084777793e+02
-4.4000000078384568e+02
-4.4000000072467589e+02
-4.4000000067006863e+02
-4.4000000061944428e+02
-4.4000000057282824e+02
-4.4000000052948303e+02
-4.4000000048952984e+02
-4.4000000045263027e+02
-4.4000000041851126e+02
-4.4000000038693770e+02
-4.4000000035775076e+02
-4.4000000033071763e+02
-4.4000000030582589e+02
-4.4000000028271802e+02
-4.4000000026130209e+02
-4.4000000024158840e+02
-4.4000000022331153e+02
-4.4000000020637032e+02
-4.4000000019078874e+02
-4.4000000017645198e+02
-4.4000000016312072e+02
-4.4000000015084458e+02
-4.4000000013937705e+02
-4.4007179436090809e+02
-4.4000000104877279e+02
-4.4000264131059203e+02
-4.4006879942191955e+02
-4.4000000089468278e+02
-4.3999791836123438e+02
-4.4005276699848935e+02
-4.4000000060957166e+02
-4.4000558065851214e+02
-4.4006094936108661e+02
-4.4000000063135656e+02
-4.3999249836975690e+02
-4.4003060276445217e+02
-4.4000000028874740e+02
-4.4001422804580545e+02
-4.4006671003759686e+02
-4.4000000057912109e+02
-4.3997762038731605e+02
-4.3999306612825205e+02
-4.4004078888214082e+02
-4.4000000033176997e+02
-4.3999515348866817e+02
-4.4002097539903463e+02
-4.4000000014064597e+02
-4.4000952077176294e+02
-4.4004506323048332e+02
-4.4000000024388930e+02
-4.3998447418600574e+02
-4.3999415135631853e+02
-4.4002533405830195e+02
-4.4000000018067288e+02
-4.3999986165533267e+02
-4.4002122165629669e+02
-4.4006092589530692e+02
-4.4000000016778199e+02
-4.3996071807543137e+02
-4.3999999997657534e+02
-4.4005498507459890e+02
-4.4000000011379217e+02
-4.3996335285587691e+02
-4.3999999997409736e+02
-4.4005020859722958e+02
-4.4000000007398990e+02
-4.3996533785528970e+02
-4.3999999997286523e+02
-4.4004636333353170e+02
-4.4000000004665384e+02
-4.3996682418119832e+02
-4.3999999997221602e+02
-4.4004326360204914e+02
-4.4000000002774567e+02
-4.3996792894655488e+02
-4.3999999997186336e+02
-4.4004076139915497e+02
-4.4000000001432551e+02
-4.3996874276454497e+02
-4.3999999997176235e+02
-4.4003873865343917e+02
-4.4000000000482663e+02
-4.3996933561295612e+02
-4.3999999997174103e+02
-4.4003710108624460e+02
-4.3999999999807380e+02
-4.3996976141832431e+02
-4.3999999997194465e+02
-4.4003577334536635e+02
-4.3999999999327395e+02
-4.3997006163708778e+02
-4.3999999997204475e+02
-4.4003469514451189e+02
-4.3999999998950773e+02
-4.3997026805214847e+02
-4.3999999997214240e+02
-4.4003381820036140e+02
-4.3999999998697888e+02
-4.3997040495374375e+02
-4.3999999997256754e+02
-4.4003310379885068e+02
-4.3999999998505979e+02
-4.3997049083750471e+02
-4.3999999997255122e+02
-4.4003252086280827e+02
-4.3999999998341269e+02
-4.3997053972895122e+02
-4.3999999997273210e+02
-4.4003204441527311e+02
-4.3999999998243504e+02
-4.3997056221118874e+02
-4.3999999997298664e+02
-4.4003165435593058e+02
-4.3999999998132068e+02
-4.3997056622244793e+02
-4.3999999997313847e+02
-4.4003133448816379e+02
-4.3999999998047133e+02
-4.3997055767705172e+02
-4.3999999997329439e+02
-4.4003107174295474e+02
-4.3999999998004341e+02
-4.3997054094357026e+02
-4.3999999997338671e+02
-4.4003085555913628e+02
-4.3999999997947486e+02
-4.3997051921505692e+02
-4.3999999997346072e+02
-4.4003067739089363e+02
-4.3999999997910555e+02
