2.9999999999999983e+02
2.9999999999999983e+02
2.9999999999999983e+02
2.9999999999999983e+02
2.9999999999999983e+02
2.9999999999999983e+02
2.9999999999999983e+02
3.0792308139711065e+02
3.5142618897817158e+02
3.9452517308203102e+02
4.3723573652378082e+02
4.3601050024950632e+02
4.3480349440660569e+02
4.3365720565410356e+02
4.3255500547607085e+02
4.3149519749396302e+02
4.3047615136330143e+02
4.2949629932010316e+02
4.2855413389909677e+02
4.2764820561443264e+02
4.2677712072965949e+02
4.2593953911373035e+02
4.2513417217913741e+02
4.2435978089921377e+02
4.2361517390256614e+02
4.2289920563957844e+02
4.2221077462011505e+02
4.2154882171937891e+02
4.2091232854785227e+02
4.2030031588515885e+02
4.1971184217295422e+02
4.1914600206694428e+02
4.1860192504361089e+02
4.1807877406120616e+02
4.1757574427186103e+02
4.1709206178347415e+02
4.1662698246895133e+02
4.1617979082150015e+02
4.1574979885386472e+02
4.1533634503987827e+02
4.1493879329650946e+02
4.1455653200564154e+02
4.1418897307285141e+02
4.1383555102291075e+02
4.1349572212925409e+02
4.1316896357832491e+02
4.1285477266457832e+02
4.1255266601729562e+02
4.1226217885681120e+02
4.1198286427993469e+02
4.1171429257183638e+02
4.1145605054519291e+02
4.1120774090457485e+02
4.1096898163500180e+02
4.1084596811320256e+02
4.1051766478188404e+02
4.1030938771828033e+02
4.1020352291082099e+02
4.0990419471276232e+02
4.0971245712276146e+02
4.0961252099336758e+02
4.0935910823525069e+02
4.0919979367103883e+02
4.0912076814786332e+02
4.0887431066557298e+02
4.0871405635007136e+02
4.0862735459538834e+02
4.0844392657198659e+02
4.0833280532702020e+02
4.0828337959060002e+02
4.0806051819780765e+02
4.0790916406455011e+02
4.0781882317455091e+02
4.0778054158878160e+02
4.0761597977087445e+02
4.0750939651291571e+02
4.0745228318518110e+02
4.0732533623784485e+02
4.0724758363703950e+02
4.0721180587351637e+02
4.0706653175465334e+02
4.0696890842025721e+02
4.0691194285362809e+02
4.0688966831698144e+02
4.0676613728049279e+02
4.0668325426949957e+02
4.0663505395119137e+02
4.0661644645119935e+02
4.0650938085230177e+02
4.0643723432323429e+02
4.0639563888830878e+02
4.0637937677167361e+02
4.0628999742328648e+02
4.0623020413070611e+02
4.0619277003869371e+02
4.0617721497356365e+02
4.0610249998242637e+02
4.0605286789242234e+02
4.0601939060304829e+02
4.0600479173029487e+02
4.0594225425522291e+02
4.0590099414608000e+02
4.0587121381959190e+02
4.0585770931530465e+02
4.0580529946266341e+02
4.0577094850782692e+02
4.0574457610308559e+02
4.0573222518517321e+02
4.0568825046521806e+02
4.0565961070301631e+02
4.0563634644581492e+02
4.0562515335630457e+02
4.0558821410671231e+02
4.0556430284604983e+02
4.0554384899248640e+02
4.0553378083792109e+02
4.0550271771538598e+02
4.0548272750634459e+02
4.0546479687170086e+02
4.0545579677779335e+02
4.0542964799436390e+02
4.0541291427347460e+02
4.0539723564694077e+02
4.0538923235403837e+02
4.0536719879309601e+02
4.0535317369339805e+02
4.0533949498994605e+02
4.0533240975562552e+02
4.0531382646851006e+02
4.0530205758802083e+02
4.0529014737930731e+02
4.0528389885567213e+02
4.0526821173347594e+02
4.0525832489621342e+02
4.0524797280342420e+02
4.0524248040066311e+02
4.0522922704957324e+02
4.0522091228674407e+02
4.0521192859525769e+02
4.0520711472201521e+02
4.0519590875878771e+02
4.0518890889030905e+02
4.0518112365205934e+02
4.0517691513115790e+02
4.0516743326514478e+02
4.0516153458380791e+02
4.0515479640299509e+02
4.0515112528771658e+02
4.0514309667826433e+02
4.0513812133705494e+02
4.0513229597993700e+02
4.0512909994215636e+02
4.0512229741507321e+02
4.0511809719566259e+02
4.0511306612477551e+02
4.0511028854294750e+02
4.0510452133035824e+02
4.0510097253403831e+02
4.0509663143732610e+02
4.0509422127877957e+02
4.0508932900805740e+02
