0.0000000000000000e+00
-1.8587725300331075e-11
8.6574434861052237e-10
-8.8026394550750637e-03
8.2453956485920211e-09
5.2993090043763218e-06
-8.7920461549642007e-03
-3.6227123695261573e-06
-1.1429560248152555e-04
-1.0524533855021790e-04
-9.7228106140509181e-05
-4.3404454584440076e-03
-1.5935327385151523e-06
-1.3101680411374177e-06
-1.2604234545072770e-06
-1.1652150283438509e-06
-1.0771625310399016e-06
-9.9585077270152752e-07
-9.2071037029786153e-07
-8.5129306342792458e-07
-7.8693594437983655e-07
-7.2759664034542154e-07
-6.7267736374591053e-07
-6.2198116161971608e-07
-5.7501433332972579e-07
-5.3165560519181191e-07
-4.9167541447287505e-07
-4.5449691399833312e-07
-4.2024709021219584e-07
-3.8846848099332854e-07
-3.5922061594055440e-07
-3.3221454704107047e-07
-3.0708012220285427e-07
-2.8404961235078385e-07
-2.6259016124128821e-07
-2.4292756762081886e-07
-2.2450232034045373e-07
-2.0762280810510847e-07
-1.9200470671070267e-07
-1.7749270910150312e-07
-1.6414693788518744e-07
-1.5178022478571199e-07
-1.4031651798302969e-07
-1.2971993684336898e-07
-1.1998267814575020e-07
-1.1085049482007004e-07
-1.0245482720164834e-07
-9.4672046674614690e-08
-8.7511670348091092e-08
-8.0909251974390741e-08
-7.4866266030883009e-08
-6.9181052211344335e-08
-6.3953143162726867e-08
-5.9092372372505718e-08
3.5803001223963821e-02
-4.4481739072996499e-07
1.3383486981791357e-03
3.4361518129550482e-02
-3.7960438846154965e-07
-1.0628175585969508e-03
2.6281791847005180e-02
-2.5852640373751545e-07
2.8441314342878567e-03
3.0536068690961250e-02
-2.6810085261695386e-07
-3.8495330496208912e-03
1.5068367510145972e-02
-1.2240789801120526e-07
7.3167447961974457e-03
3.3730969869070052e-02
-2.4629335805333594e-07
-1.1588579178551862e-02
-4.2856958635783945e-03
1.9133943507441228e-02
-1.3965293054927791e-07
-1.1799022830100512e-03
1.2958178918678658e-02
-6.1500243061511582e-08
2.2761459506191175e-03
1.7549770091154909e-02
-9.9169338257446057e-08
-2.7915216634693913e-03
7.0086523092763534e-03
2.7551574334710532e-02
-8.7694463795616594e-08
-1.4961401523456340e-02
-1.9180780153303639e-02
-1.4235367762913131e-02
-3.4354267518616966e-08
2.5051780195572623e-02
2.4964782620163797e-08
-1.7205480577419417e-02
-2.6004497949974921e-11
2.6370406539345529e-02
2.3371427313636728e-08
-1.9593492882941578e-02
1.0456726816052809e-08
2.7363779553434397e-02
2.2445854890540359e-08
-2.1515937357663252e-02
1.7037680580124363e-08
2.8107560539516765e-02
2.1758644771383146e-08
-2.3065651732010944e-02
2.1074835657262927e-08
2.8660381368688665e-02
2.1554046873626358e-08
-2.4316632598639101e-02
2.3713012614801215e-08
2.9067601621781659e-02
2.1359209305992485e-08
-2.5327910913361576e-02
2.5240521663326142e-08
2.9364247396635242e-02
2.1315569100248826e-08
-2.6146621057036780e-02
2.5997232079572497e-08
2.9577307901954852e-02
2.1270278898438163e-08
-2.6810434870687898e-02
2.6248183541733586e-08
2.9727530024837689e-02
2.1377670611426520e-08
-2.7349491805970634e-02
2.6583093542816164e-08
2.9830818132369236e-02
2.1505242922614697e-08
-2.7787931067956774e-02
2.6394701976468892e-08
2.9899326259614587e-02
2.1404955457223267e-08
-2.8145106974824689e-02
2.6187091760075341e-08
2.9942309691548135e-02
2.1705247267520918e-08
-2.8436556111116701e-02
2.6195821536840255e-08
2.9966785339859338e-02
2.1919734525003447e-08
-2.8674765805412963e-02
2.5948493628507185e-08
2.9978047717561469e-02
2.2054827623571245e-08
-2.8869784718743276e-02
2.6019328221601572e-08
2.9980069069573522e-02
2.2262404385298262e-08
-2.9029710621483629e-02
2.6022393912507796e-08
2.9975807756667611e-02
2.2450563148974653e-08
-2.9161077708733135e-02
2.5728189860280411e-08
2.9967449145754589e-02
2.2575170041544005e-08
-2.9269165263386368e-02
2.5728271889798775e-08
2.9956591020033820e-02
2.2755096735898630e-08
-2.9358246250391622e-02
2.5606359019712012e-08
