0.0000000000000000e+00
4.4000000002331312e+01
8.8000000002138293e+01
1.3201320572442393e+02
1.7600000001958779e+02
2.1999998858827405e+02
2.6401318287029801e+02
3.0800000451747076e+02
3.5200015500743569e+02
3.9600014178114219e+02
4.4000013076101317e+02
4.4001486844341622e+02
4.4000000230755325e+02
4.4000000172933522e+02
4.4000000171878139e+02
4.4000000158876941e+02
4.4000000146858207e+02
4.4000000135746416e+02
4.4000000125477857e+02
4.4000000115989440e+02
4.4000000107214368e+02
4.4000000099103249e+02
4.4000000091612134e+02
4.4000000084676327e+02
4.4000000078273649e+02
4.4000000072362326e+02
4.4000000066889743e+02
4.4000000061838506e+02
4.4000000057162339e+02
4.4000000052848202e+02
4.4000000048853980e+02
4.4000000045165757e+02
4.4000000041754231e+02
4.4000000038600535e+02
4.4000000035683024e+02
4.4000000032988561e+02
4.4000000030497159e+02
4.4000000028192295e+02
4.4000000026062349e+02
4.4000000024100206e+02
4.4000000022280938e+02
4.4000000020598731e+02
4.4000000019039919e+02
4.4000000017609216e+02
4.4000000016272372e+02
4.4000000015041525e+02
4.4000000013907965e+02
4.4000000012862972e+02
4.4000000011885237e+02
4.4000000010987702e+02
4.4000000010160363e+02
4.4000000009394978e+02
4.4000000008690739e+02
4.4000000008032464e+02
4.4010759736218756e+02
4.4000000060402397e+02
4.4000397965937026e+02
4.4010316094014001e+02
4.4000000051513740e+02
4.3999685554373491e+02
4.4007904879036465e+02
4.4000000035112419e+02
4.4000842479005183e+02
4.4009148542989465e+02
4.4000000036332733e+02
4.3998864883672678e+02
4.4004567113190205e+02
4.4000000016638819e+02
4.4002154479077899e+02
4.4010044100775025e+02
4.4000000033288421e+02
4.3996603180796922e+02
4.3998878043199204e+02
4.4005992282502336e+02
4.4000000019218601e+02
4.3999397358712997e+02
4.4003393357942014e+02
4.4000000007922074e+02
4.4001179691640505e+02
4.4006261299788554e+02
4.4000000014486335e+02
4.3998168266725918e+02
4.4000116001434549e+02
4.4005288564114369e+02
4.4000000009308184e+02
4.3998490024550404e+02
4.4000204085945916e+02
4.4004669050244217e+02
4.4000000013362757e+02
4.3998576988105805e+02
4.4000000000161617e+02
4.4003777956878446e+02
4.4000000011391160e+02
4.3998972328792195e+02
4.3999999999753123e+02
4.4003061507897462e+02
4.4000000008459602e+02
4.3999270166047489e+02
4.3999999999536192e+02
4.4002484737069904e+02
4.4000000006391878e+02
4.3999493176759142e+02
4.3999999999406492e+02
4.4002019792465029e+02
4.4000000004904433e+02
4.3999658935390380e+02
4.3999999999348120e+02
4.4001644474075317e+02
4.4000000003825926e+02
4.3999781039240600e+02
4.3999999999324029e+02
4.4001341071648716e+02
4.4000000003025571e+02
4.3999869988683008e+02
4.3999999999317117e+02
4.4001095443895377e+02
4.4000000002430511e+02
4.3999933875292942e+02
4.3999999999335347e+02
4.4000896288403646e+02
4.4000000001978793e+02
4.3999978919401713e+02
4.3999999999355424e+02
4.4000734562603270e+02
4.4000000001632418e+02
4.4000009889743899e+02
4.3999999999377138e+02
4.4000603024240382e+02
4.4000000001362025e+02
4.4000030430742879e+02
4.3999999999406583e+02
4.4000495866471596e+02
4.4000000001151335e+02
4.4000043317485398e+02
4.3999999999437074e+02
4.4000408427925817e+02
4.4000000000985597e+02
4.4000050654222946e+02
4.3999999999471191e+02
4.4000336962169894e+02
4.4000000000856608e+02
4.4000054028708695e+02
4.3999999999506826e+02
4.4000278454311899e+02
4.4000000000748724e+02
4.4000054631990542e+02
4.3999999999535163e+02
4.4000230474910865e+02
4.4000000000658935e+02
4.4000053351345849e+02
4.3999999999566813e+02
4.4000191063647935e+02
4.4000000000582418e+02
4.4000050842159237e+02
4.3999999999582155e+02
4.4000158636476874e+02
4.4000000000523619e+02
4.4000047583522149e+02
4.3999999999611862e+02
4.4000131911526569e+02
4.4000000000472392e+02
