0.0000000000000000e+00
0.0000000000000000e+00
0.0000000000000000e+00
0.0000000000000000e+00
-6.9333333461674584e+00
-2.0053333343837121e+01
-2.2677333844729141e+01
-2.3202494016364543e+01
-2.3307180072987002e+01
-2.3328103238436398e+01
-2.3344424070994549e+01
-2.3344424070994549e+01
-2.3344424070994549e+01
-2.3344424070994549e+01
-2.3344424070994549e+01
-2.3344424070994549e+01
-2.3344424070994602e+01
-2.3344424070994616e+01
-2.3344424070994609e+01
-2.3344424070994606e+01
-2.3344424070994599e+01
-2.3344424070994599e+01
-2.3344424070994599e+01
-2.3344424070994599e+01
-2.3344424070994599e+01
-1.4015527074914690e+01
-1.2149747859682797e+01
-1.1776773204979122e+01
-1.1702004051842071e+01
-1.1687043326298301e+01
-1.1675368790288699e+01
-1.1675368790288699e+01
-1.1675368790288697e+01
-1.1675368790288697e+01
-1.1675368790288697e+01
-1.1675368790288694e+01
-1.1675368790288701e+01
-1.1675368790288704e+01
-1.1675368790288696e+01
-1.1675368790288729e+01
-1.1675368790288712e+01
-1.1675368790288712e+01
-1.1675368790288712e+01
-1.1675368790288712e+01
-1.1675368790288712e+01
-1.1675368790288712e+01
-1.1675368790288694e+01
-1.1675368790288719e+01
-1.1675368790288722e+01
-1.1675368790288715e+01
-1.1675368790288719e+01
-1.1675368790288719e+01
-1.1675368790288719e+01
-1.1675368790288719e+01
-1.1675368790288719e+01
-1.1675368790288719e+01
-1.1675368790288726e+01
-1.1675368790288722e+01
-1.1675368790288729e+01
-1.1675368790288729e+01
-1.1675368790288722e+01
-1.1675368790288722e+01
-1.1675368790288722e+01
-1.1675368790288722e+01
-1.1675368790288722e+01
-1.1675368790288722e+01
-1.1675368790288719e+01
-1.1675368790288712e+01
-1.1675368790288704e+01
-1.1675368790288696e+01
-1.1675368790288681e+01
-1.1675368790288681e+01
-1.1675368790288681e+01
-1.1675368790288681e+01
-1.1675368790288681e+01
-1.1675368790288681e+01
-1.1675368790288678e+01
-1.1675368790288681e+01
-1.1675368790288665e+01
-1.1675368790288676e+01
-1.1675368790288665e+01
