0.0000000000000000e+00
0.0000000000000000e+00
0.0000000000000000e+00
0.0000000000000000e+00
3.4666666730833962e+00
1.0026666671917322e+01
1.1338666922363469e+01
1.1601247008181218e+01
1.1653590036492428e+01
1.1664051619217108e+01
1.1672212035496198e+01
1.1672212035496178e+01
1.1672212035496164e+01
1.1672212035496150e+01
1.1672212035496131e+01
1.1672212035496129e+01
1.1672212035496164e+01
1.1672212035496194e+01
1.1672212035496202e+01
1.1672212035496202e+01
1.1672212035496184e+01
1.1672212035496198e+01
1.1672212035496196e+01
1.1672212035496205e+01
1.1672212035496202e+01
7.0077635374563130e+00
6.0748739298406189e+00
5.8883866024887919e+00
5.8510020259202591e+00
5.8435216631483806e+00
5.8376843951435848e+00
5.8376843951435786e+00
5.8376843951435706e+00
5.8376843951435724e+00
5.8376843951435831e+00
5.8376843951435839e+00
5.8376843951435839e+00
5.8376843951435884e+00
5.8376843951435848e+00
5.8376843951435822e+00
5.8376843951435822e+00
5.8376843951435742e+00
5.8376843951435724e+00
5.8376843951435724e+00
5.8376843951435724e+00
5.8376843951435688e+00
5.8376843951435742e+00
5.8376843951435831e+00
5.8376843951435839e+00
5.8376843951435831e+00
5.8376843951435893e+00
5.8376843951435786e+00
5.8376843951435893e+00
5.8376843951435982e+00
5.8376843951435982e+00
5.8376843951436017e+00
5.8376843951436079e+00
5.8376843951436133e+00
5.8376843951436195e+00
5.8376843951436177e+00
5.8376843951436248e+00
5.8376843951436204e+00
5.8376843951436292e+00
5.8376843951436292e+00
5.8376843951436346e+00
5.8376843951436346e+00
5.8376843951436443e+00
5.8376843951436479e+00
5.8376843951436479e+00
5.8376843951436506e+00
5.8376843951436461e+00
5.8376843951436452e+00
5.8376843951436470e+00
5.8376843951436470e+00
5.8376843951436541e+00
5.8376843951436497e+00
5.8376843951436470e+00
5.8376843951436275e+00
5.8376843951436355e+00
5.8376843951436390e+00
5.8376843951436372e+00
