0.0000000000000000e+00
0.0000000000000000e+00
0.0000000000000000e+00
0.0000000000000000e+00
3.4666666730840614e+00
1.0026666671919790e+01
1.1338666922365695e+01
1.1601247008183375e+01
1.1653590036494613e+01
1.1664051619219300e+01
1.1672212035498390e+01
1.1672212035498378e+01
1.1672212035498367e+01
1.1672212035498349e+01
1.1672212035498333e+01
1.1672212035498326e+01
1.1672212035498326e+01
1.1672212035498355e+01
1.1672212035498365e+01
1.1672212035498362e+01
1.1672212035498356e+01
1.1672212035498370e+01
1.1672212035498370e+01
1.1672212035498370e+01
1.1672212035498376e+01
7.0077635374583327e+00
6.0748739298421368e+00
5.8883866024902964e+00
5.8510020259217557e+00
5.8435216631498763e+00
5.8376843951450779e+00
5.8376843951450681e+00
5.8376843951450645e+00
5.8376843951450645e+00
5.8376843951450672e+00
5.8376843951450672e+00
5.8376843951450663e+00
5.8376843951450681e+00
5.8376843951450601e+00
5.8376843951450610e+00
5.8376843951450486e+00
5.8376843951450397e+00
5.8376843951450397e+00
5.8376843951450397e+00
5.8376843951450450e+00
5.8376843951450432e+00
5.8376843951450414e+00
5.8376843951450565e+00
5.8376843951450494e+00
5.8376843951450468e+00
5.8376843951450530e+00
5.8376843951450503e+00
5.8376843951450610e+00
5.8376843951450645e+00
5.8376843951450628e+00
5.8376843951450699e+00
5.8376843951450788e+00
5.8376843951450903e+00
5.8376843951450947e+00
5.8376843951451098e+00
5.8376843951451036e+00
5.8376843951451045e+00
5.8376843951451134e+00
5.8376843951451107e+00
5.8376843951451169e+00
5.8376843951451205e+00
5.8376843951451223e+00
5.8376843951451258e+00
5.8376843951451196e+00
5.8376843951451169e+00
5.8376843951451152e+00
5.8376843951451107e+00
5.8376843951451134e+00
5.8376843951451152e+00
5.8376843951451249e+00
5.8376843951451312e+00
5.8376843951451205e+00
5.8376843951451214e+00
5.8376843951451276e+00
5.8376843951451276e+00
5.8376843951451205e+00
