0.0000000000000000e+00
0.0000000000000000e+00
0.0000000000000000e+00
0.0000000000000000e+00
1.0400000019251190e-03
3.0080000015755689e-03
3.4016000767093713e-03
3.4803741024546819e-03
3.4960770109480517e-03
3.4992154857654621e-03
3.5016636106491865e-03
3.5016636106491865e-03
3.5016636106491865e-03
3.5016636106491865e-03
3.5016636106491865e-03
3.5016636106491865e-03
3.5016636106491865e-03
3.5016636106491865e-03
3.5016636106491865e-03
3.5016636106491865e-03
3.5016636106491865e-03
3.5016636106491865e-03
3.5016636106491865e-03
3.5016636106491865e-03
3.5016636106491865e-03
4.9009981600611719e-03
5.1808650423459572e-03
5.2368112405515067e-03
5.2480266135220650e-03
5.2502707223536296e-03
5.2520219027550694e-03
5.2520219027550694e-03
5.2520219027550694e-03
5.2520219027550694e-03
5.2520219027550694e-03
5.2520219027550694e-03
5.2520219027550694e-03
5.2520219027550694e-03
5.2520219027550694e-03
5.2520219027550694e-03
5.2520219027550694e-03
5.2520219027550694e-03
5.2520219027550694e-03
5.2520219027550694e-03
5.2520219027550694e-03
5.2520219027550694e-03
5.2520219027550694e-03
5.2520219027550694e-03
5.2520219027550694e-03
5.2520219027550694e-03
5.2520219027550694e-03
5.2520219027550694e-03
5.2520219027550694e-03
5.2520219027550694e-03
5.2520219027550694e-03
5.2520219027550694e-03
5.2520219027550694e-03
5.2520219027550694e-03
5.2520219027550694e-03
5.2520219027550694e-03
5.2520219027550694e-03
5.2520219027550694e-03
5.2520219027550694e-03
5.2520219027550694e-03
5.2520219027550694e-03
5.2520219027550694e-03
5.2520219027550694e-03
5.2520219027550694e-03
5.2520219027550694e-03
5.2520219027550694e-03
5.2520219027550694e-03
5.2520219027550694e-03
5.2520219027550694e-03
5.2520219027550694e-03
5.2520219027550694e-03
5.2520219027550694e-03
5.2520219027550694e-03
5.2520219027550694e-03
5.2520219027550694e-03
5.2520219027550694e-03
5.2520219027550694e-03
