0.0000000000000000e+00
-8.8000000036765698e+01
-1.7600000002003617e+02
-2.6400000002003287e+02
-3.5200000007214095e+02
-4.4000000004384691e+02
-4.4000000442203844e+02
-4.4000845542552065e+02
-4.4000034025857803e+02
-4.4000001334490025e+02
-4.4006043874092052e+02
-3.5200000066504629e+02
-2.6399999998532144e+02
-1.7600000002001406e+02
-8.8000000020022881e+01
-1.7853863343147999e-12
2.8447036000339691e-11
2.2827971842041299e-11
1.0540762897715366e-10
1.2707907152625991e-10
2.2497183767978167e-10
8.7999999963582098e+01
1.7599999998011134e+02
2.6399999998013163e+02
3.5199999998019689e+02
4.3999999976178890e+02
4.3999999793015917e+02
4.3999573021410208e+02
4.3999982993896668e+02
4.3999999310266963e+02
4.4004353319209474e+02
3.5199999930813226e+02
2.6399999985927019e+02
1.7599999998038223e+02
8.7999999980406784e+01
5.7748049504093974e-10
5.7408411266471618e-10
5.4147210329414209e-10
5.6608971963447473e-10
4.8018755971826266e-10
4.3628377610888651e-10
-8.8000000036377770e+01
-1.7600000001975889e+02
-2.6400000001970818e+02
-3.5200000001964077e+02
-4.4000000001969647e+02
-4.4000000001631435e+02
-4.4000000001291426e+02
-4.4000000000942640e+02
-4.4000000000598794e+02
-4.4000000000260923e+02
-3.5200000003612467e+02
-2.6400000001951986e+02
-1.7600000001952378e+02
-8.8000000019504853e+01
4.8217956824082262e-10
4.9471442635007529e-10
4.7447801470439672e-10
5.1441632006535462e-10
5.2238877984855226e-10
4.0508522771555565e-10
8.7999999963924935e+01
1.7599999998050026e+02
2.6399999998051635e+02
3.5199999998049810e+02
4.3999999998046235e+02
4.3999999931082175e+02
4.3999999864107087e+02
4.3999999797137633e+02
4.3999999730165268e+02
4.3999999663193387e+02
3.5199999996371679e+02
2.6399999998040045e+02
1.7599999998042594e+02
8.7999999980415595e+01
4.2906556207560339e-10
5.6041152601462625e-10
5.4516234190865494e-10
5.1084263529227043e-10
4.5437948935395089e-10
5.8193633267248816e-10
