0.0000000000000000e+00
8.8000000037636184e+01
1.7600000003489035e+02
2.6400000003489691e+02
3.5200000009625569e+02
4.4000000005952762e+02
4.4000000381971279e+02
4.4000270435564011e+02
4.4000010952285544e+02
4.4000000417879232e+02
4.4009102567480414e+02
3.5200000116019680e+02
2.6399999999447266e+02
1.7600000003484826e+02
8.8000000034832652e+01
1.0323402245845642e-10
9.2942116200572788e-11
8.1966035847722035e-11
7.2749936484674030e-11
6.0292105209558272e-11
6.8463578848400121e-11
8.7999999962422351e+01
1.7599999996504266e+02
2.6399999996504465e+02
3.5199999996509251e+02
4.3999999968358242e+02
4.3999999830370223e+02
4.3999863939113169e+02
4.3999994605760412e+02
4.3999999776947703e+02
4.4006511570123331e+02
3.5199999880271565e+02
2.6399999987813334e+02
1.7599999996509317e+02
8.7999999965020663e+01
1.8780114387497866e-10
2.2515964967876133e-10
1.9871383664986806e-10
1.8564661079814884e-10
2.2709038179262074e-10
2.1818166530035503e-10
8.8000000037642536e+01
1.7600000003491385e+02
2.6400000003492255e+02
3.5200000003493892e+02
4.4000000003492795e+02
4.4000000002917500e+02
4.4000000002341812e+02
4.4000000001766449e+02
4.4000000001191017e+02
4.4000000000615506e+02
3.5200000003747192e+02
2.6400000003470797e+02
1.7600000003480352e+02
8.8000000034831089e+01
1.2085455147931717e-10
1.3128406330121848e-10
1.3916349698084054e-10
9.0591769905449516e-11
1.1223588880664223e-10
1.1516476098991697e-10
8.7999999962517052e+01
1.7599999996524434e+02
2.6399999996530420e+02
3.5199999996526498e+02
4.3999999996524991e+02
4.3999999955767578e+02
4.3999999915015673e+02
4.3999999874259322e+02
4.3999999833513778e+02
4.3999999792764106e+02
3.5199999996238336e+02
2.6399999996517448e+02
1.7599999996516777e+02
8.7999999965096450e+01
2.1659750933395614e-10
1.6912324592692597e-10
8.8714718957135436e-11
1.1070777317797467e-10
1.0576192419388896e-10
1.3305845195618271e-10
