2.9999999999999983e+02
2.9999999999999983e+02
2.9999999999999983e+02
2.9999999999999983e+02
3.4160000007700432e+02
4.0992000004377115e+02
4.0598400305261890e+02
4.0519896333109341e+02
4.0503933941337493e+02
4.0500784932113766e+02
4.0507438956831277e+02
4.0504990831947543e+02
4.0504990831947543e+02
4.0504990831947543e+02
4.0504990831947543e+02
4.0504990831947543e+02
4.0504990831947543e+02
4.0504990831947543e+02
4.0504990831947543e+02
4.0504990831947543e+02
4.0504990831947543e+02
4.0504990831947543e+02
4.0504990831947543e+02
4.0504990831947543e+02
4.0504990831947543e+02
4.6102329029595489e+02
4.5822462009322629e+02
4.5766379919860037e+02
4.5755295213536743e+02
4.5753056275892425e+02
4.5757816888666622e+02
4.5756065708265191e+02
4.5756065708265191e+02
4.5756065708265191e+02
4.5756065708265191e+02
4.5756065708265191e+02
4.5756065708265191e+02
4.5756065708265191e+02
4.5756065708265191e+02
4.5756065708265191e+02
4.5756065708265191e+02
4.5756065708265191e+02
4.5756065708265191e+02
4.5756065708265191e+02
4.5756065708265191e+02
4.5756065708265191e+02
4.5756065708265191e+02
4.5756065708265191e+02
4.5756065708265191e+02
4.5756065708265191e+02
4.5756065708265191e+02
4.5756065708265191e+02
4.5756065708265191e+02
4.5756065708265191e+02
4.5756065708265191e+02
4.5756065708265191e+02
4.5756065708265191e+02
4.5756065708265191e+02
4.5756065708265191e+02
4.5756065708265191e+02
4.5756065708265191e+02
4.5756065708265191e+02
4.5756065708265191e+02
4.5756065708265191e+02
4.5756065708265191e+02
4.5756065708265191e+02
4.5756065708265191e+02
4.5756065708265191e+02
4.5756065708265191e+02
4.5756065708265191e+02
4.5756065708265191e+02
4.5756065708265191e+02
4.5756065708265191e+02
4.5756065708265191e+02
4.5756065708265191e+02
4.5756065708265191e+02
4.5756065708265191e+02
4.5756065708265191e+02
4.5756065708265191e+02
4.5756065708265191e+02
4.5756065708265191e+02
