0.0000000000000000e+00
8.7048282883939981e-10
1.4867776085481542e-08
1.4886036479351234e-08
2.4126246203546933e-08
1.5700149446826853e-08
-6.0233724558919224e-07
-5.7510698967844056e-03
-2.3073570337387938e-04
-9.1660990378290293e-06
3.0586933892067871e-02
4.9515727530702971e-07
9.1507467307069567e-09
1.4841218656965992e-08
1.4828023609835988e-08
7.9709214693521112e-11
6.5408634517417703e-11
3.6198283167966519e-11
8.6594587672046624e-11
8.5169595141904301e-11
1.4672275892462863e-10
1.1617844010727693e-09
1.5058980471571693e-08
1.5088725281674231e-08
1.5098374737856499e-08
7.8204835728168828e-08
-3.7358291246278568e-07
-2.9091770340649997e-03
-1.1611864904883662e-04
-4.6668222583671922e-06
-2.1582509202256146e-02
5.0535839061598386e-07
-1.8922592774371165e-08
1.5221720271971578e-08
1.5372515383339923e-08
5.5346381769034725e-10
5.8846803825482281e-10
5.5619813939543674e-10
5.4662721273700694e-10
3.8723380840005861e-10
3.8484965622452109e-10
1.2470999637303366e-09
1.5119729037788835e-08
1.5187512058301959e-08
1.5251214481133029e-08
1.5185782370426690e-08
1.2846016331487217e-08
1.0521446726376911e-08
8.2925971755403611e-09
6.0021221663132745e-09
3.6436692843522635e-09
1.3334601636488756e-09
1.5210318669366318e-08
1.5266816397618059e-08
1.5334570254598321e-08
5.3192937785856792e-10
5.5652110783489759e-10
5.0249742470587120e-10
5.5395629367289413e-10
5.7631366613166790e-10
4.4373956140780962e-10
1.3567906769989279e-09
1.5185075330276940e-08
1.5127884576154813e-08
1.5205383192288724e-08
1.5185230756522518e-08
-2.4689655445151114e-07
-5.0912036449144851e-07
-7.7126554430658874e-07
-1.0335590565698699e-06
-1.2957778616421198e-06
1.3210259836758476e-09
1.5195053196000296e-08
1.5238145897682348e-08
1.5311756749321437e-08
3.9024336999800991e-10
5.4135739454035730e-10
6.1302446437406794e-10
5.8065592935031405e-10
5.3110484125733915e-10
6.8112174947440981e-10
