0.0000000000000000e+00
8.7048282883939981e-10
1.4840656822002558e-08
1.4842085916000820e-08
2.4103745378912867e-08
1.5660229427988314e-08
-6.0231435838309101e-07
-5.7510698642566681e-03
-2.3073574167288693e-04
-9.1661173745596278e-06
3.0586933875446483e-02
4.9514367082934737e-07
9.1515919387735358e-09
1.4827385044758908e-08
1.4791530549914636e-08
5.1422427527894434e-11
4.7104163066152034e-11
4.9327879553313070e-11
6.6815547061929581e-11
1.3133992347028087e-10
1.7671478682672007e-10
1.1577693771664981e-09
1.5078459942045601e-08
1.5085677738025289e-08
1.5110962584764064e-08
7.8207853034353291e-08
-3.7350326471713413e-07
-2.9091770254116257e-03
-1.1611862629797971e-04
-4.6667921600033359e-06
-2.1582509074434406e-02
5.0547480586629347e-07
-1.8803738004692996e-08
1.5356545370958629e-08
1.5399764813088343e-08
6.3326886916920591e-10
6.7924535051944634e-10
6.1824900436979014e-10
6.0260343911381896e-10
5.0203612188514321e-10
4.8323013052363247e-10
1.2824173873155699e-09
1.5190472919760901e-08
1.5240873320054645e-08
1.5345219175451331e-08
1.5277161375558454e-08
1.2875224564148914e-08
1.0486290625918927e-08
8.1839485968554390e-09
5.8427215593794940e-09
3.4474422272404767e-09
1.3612421066755254e-09
1.5165970572649596e-08
1.5292586625657208e-08
1.5317857842200399e-08
5.0070089844727540e-10
5.5592705369377518e-10
5.2218916664754840e-10
6.0312455748641683e-10
6.0316539019519863e-10
4.4005466991208090e-10
1.4590900474089123e-09
1.5327000859388685e-08
1.5296569988909807e-08
1.5260660743368073e-08
1.5239602825374942e-08
-2.4681190575712665e-07
-5.0905176106335399e-07
-7.7116850278355853e-07
-1.0334113080867492e-06
-1.2956363150937204e-06
1.3456095771242883e-09
1.5256845729018238e-08
1.5278260461168894e-08
1.5326594074377088e-08
4.3463474372995218e-10
6.2048310589206113e-10
6.6072756340963636e-10
6.7305864090489825e-10
6.6141841036709710e-10
8.3127835904594124e-10
