0.0000000000000000e+00
-3.7500000000916873e-04
-7.5000000001068819e-04
-1.1251406777683592e-03
-1.5000000000952958e-03
-1.8749998946308638e-03
-2.2501404668432709e-03
-2.6254218223196357e-03
-2.7500000001605407e-03
-5.7776456052730093e-03
-8.4523960052551653e-03
-9.0795522562993943e-03
-1.1265863414186467e-02
-1.5762691783650973e-02
-1.8843756493127993e-02
-3.4428002104133514e-02
-5.0149248411476235e-02
-7.2552470085131202e-02
-1.1118498875828377e-01
-1.2419388467305043e-01
-1.4295288800009495e-01
-1.6960117124921559e-01
-1.8254683593824003e-01
-2.0126285377788991e-01
-2.2787205498396357e-01
-2.4084851363753784e-01
-2.5964582624800364e-01
-2.8638679153808838e-01
-2.9946316935534584e-01
-3.1843047668330310e-01
-3.4542460105755701e-01
-3.5864831049688517e-01
-3.7784516834077075e-01
-4.0517339124079033e-01
-4.1857472986762106e-01
-4.3803812683359961e-01
-4.6575022702504565e-01
-4.7934667039020001e-01
-4.9909691312326154e-01
-5.2721972505568238e-01
-5.4101950585903635e-01
-5.6106500343675703e-01
-5.8960904860806762e-01
-6.0361394247135691e-01
-6.2395487169305619e-01
-6.5291941616447591e-01
-6.6712681748162805e-01
-6.8775782605710356e-01
-7.1713459977229088e-01
-1.2902052359762763e+00
-1.3667742145741493e+00
-1.4433663673002965e+00
-1.4547463391754334e+00
-1.4718053110649287e+00
-1.4962832436352407e+00
-1.5315446495147538e+00
-1.5438718870181147e+00
-1.5620985761227006e+00
-1.5881720450868828e+00
-1.6012469339980708e+00
-1.6204261578404076e+00
-1.6478077927305002e+00
-1.6614056925864513e+00
-1.6812640900495934e+00
-1.7095814512374052e+00
-1.7235611733961902e+00
-1.7439194440273997e+00
-1.7729272257702271e+00
-1.7871922627542485e+00
-1.8079260785956004e+00
-1.8374534323913339e+00
-1.8519350058681081e+00
-1.8729549082662516e+00
-1.9028785355646685e+00
-1.9175262425713497e+00
-1.9387662336118485e+00
