0.0000000000000000e+00
1.2500000000419521e-04
2.5000000000894473e-04
3.7498437696718899e-04
5.0000000008040184e-04
6.2499999624110252e-04
7.4998436935500695e-04
8.7495312332811067e-04
9.1666666680085998e-04
3.6154940175186110e-03
6.1817339753702273e-03
6.7894679305206826e-03
8.9408279229579012e-03
1.3413137459487606e-02
1.6486676378818586e-02
3.2066271518802772e-02
4.7787259402139723e-02
7.0190395137923189e-02
1.0882301979414435e-01
1.2183167260988856e-01
1.4059047278817571e-01
1.6723926938741490e-01
1.8018422499127135e-01
1.9890034450944535e-01
2.2551010600457050e-01
2.3848579352700999e-01
2.5728323975996170e-01
2.8402481054549050e-01
2.9710035895981607e-01
3.1606782698560865e-01
3.4306259990453308e-01
3.5628542775249239e-01
3.7548246810726793e-01
4.0281137942402012e-01
4.1621179031864397e-01
4.3567538672790374e-01
4.6338821199273655e-01
4.7698368669403446e-01
4.9673414170663777e-01
5.2485771254281288e-01
5.3865648792236720e-01
5.5870220739018572e-01
5.8724704295921260e-01
6.0125089786699526e-01
6.2159205615042612e-01
6.5055742061796695e-01
6.6476375192686632e-01
6.8539499493829537e-01
7.1477261669653869e-01
1.2878423974449422e+00
1.3644112819054817e+00
1.4410026705057495e+00
1.4523842982448096e+00
1.4694415583291134e+00
1.4939207794974487e+00
1.5291819032421008e+00
1.5415086122008712e+00
1.5597352005619283e+00
1.5858097293537967e+00
1.5988833091347374e+00
1.6180630016103072e+00
1.6454455973205762e+00
1.6590422958169135e+00
1.6789010634928285e+00
1.7072193440013241e+00
1.7211979153316432e+00
1.7415565013944956e+00
1.7705651848714892e+00
1.7848290964606188e+00
1.8055631937619578e+00
1.8350914424577169e+00
1.8495719035645664e+00
1.8705920648589978e+00
1.9005165852302723e+00
1.9151631864578333e+00
1.9364034207021452e+00
