0.0000000000000000e+00
-1.7197777709447258e-16
8.2331793114953449e-29
-2.0318491543947779e-17
3.9402238201939449e-16
-1.7197777709458421e-16
2.0318491543740900e-17
-1.3134079400688184e-16
-1.9229626863835801e-16
-5.8631865065778523e-16
-5.9176297405840727e-16
-5.9176297405840530e-16
-4.6042218005193594e-16
-6.2695563374570311e-16
-6.4727412528966559e-16
-6.4727412528966461e-16
-6.4727412528966678e-16
-6.4727412528966619e-16
-7.9893341084010257e-16
-8.1925190238406299e-16
-2.3293325172627800e-16
4.0889655016276244e-16
3.7370389047546523e-16
3.7370389047546809e-16
2.3691877306836732e-16
7.9203028538094509e-16
6.7556365951780750e-16
6.5524516797384886e-16
1.2415638186316315e-15
1.2767564783189324e-15
1.4284157638693681e-15
1.2455493399737264e-15
1.4527197767554229e-15
1.4730382682993826e-15
1.9984014443252857e-15
1.9984014443252885e-15
1.9984014443252885e-15
1.4621496214981421e-15
1.5176607727293999e-15
1.6138089070485800e-15
1.6138089070485800e-15
1.6584314114785949e-15
1.7342610542538134e-15
1.7139425627098570e-15
1.7045127179671398e-15
1.5528534324167071e-15
1.7045127179671406e-15
1.5840605707619139e-15
1.3917643021235550e-15
1.1994680334855136e-15
1.3308088274919921e-15
1.3768901339805416e-15
1.2049123568861395e-15
1.0532530713356971e-15
9.7742342856048562e-16
9.7742342856048917e-16
9.0159378578526393e-16
9.2191227732922898e-16
9.2191227732923194e-16
8.9070513898402734e-16
9.0013498372675107e-16
8.7038664744008122e-16
8.2031981960945027e-16
6.6866053405901506e-16
6.6866053405901842e-16
7.8512715992215700e-16
1.4160683150099413e-15
1.4918979577851543e-15
1.0017274414465554e-15
8.8526081558343242e-16
8.5405367723822585e-16
1.4958834791272748e-15
1.5162019706712296e-15
2.1228391128729594e-15
2.1986687556481917e-15
2.1228391128729811e-15
