0.0000000000000000e+00
0.0000000000000000e+00
0.0000000000000000e+00
0.0000000000000000e+00
0.0000000000000000e+00
0.0000000000000000e+00
0.0000000000000000e+00
0.0000000000000000e+00
0.0000000000000000e+00
3.1980853361007902e-03
6.2148201584524441e-03
6.9270106289399495e-03
9.4301413704938712e-03
1.4607992997940727e-02
1.8161306315504361e-02
3.6153742718531778e-02
5.4306924818374139e-02
8.0175887326169315e-02
1.2478493862632116e-01
1.3980617738972059e-01
1.6146709134303117e-01
1.9223817474089577e-01
2.0718613133792027e-01
2.2879758591760924e-01
2.5952356835966972e-01
2.7450704694213035e-01
2.9621239108027209e-01
3.2709054768109264e-01
3.4218936933266586e-01
3.6409102209454947e-01
3.9526152648072677e-01
4.1053044190484667e-01
4.3269716936480757e-01
4.6425348051878729e-01
4.7972747782212827e-01
5.0220198792577087e-01
5.3420158355863789e-01
5.4990084477664558e-01
5.7270658325297297e-01
6.0518044748630462e-01
6.2111448133047409e-01
6.4426115628353109e-01
6.7722143694770565e-01
6.9339229559322002e-01
7.1688010976516559e-01
7.5032595828627269e-01
7.6673063446961542e-01
7.9055340653033623e-01
8.2447527257412245e-01
1.4861997508306770e+00
1.5746139372905814e+00
1.6630544961111666e+00
1.6761959117852552e+00
1.6958929275031080e+00
1.7241583533946581e+00
1.7648745548569802e+00
1.7791085174844521e+00
1.8001548270420229e+00
1.8302624875860374e+00
1.8453593130290897e+00
1.8675058436906307e+00
1.8991239869712959e+00
1.9148247956543680e+00
1.9377555116384617e+00
1.9704541146189449e+00
1.9865958428944532e+00
2.0101037310669532e+00
2.0435995528803494e+00
2.0600707490220467e+00
2.0840122598373525e+00
2.1181080278342268e+00
2.1348292663005415e+00
2.1591011083898448e+00
2.1936544525586714e+00
2.2105675293065525e+00
2.2350934988096265e+00
