0.0000000000000000e+00
3.9661064031138878e+01
7.9322128061666845e+01
1.1899425611921455e+02
1.5864425613348106e+02
1.9830531092013356e+02
2.3797742969394614e+02
2.7766062186855817e+02
2.9084780290933367e+02
2.9999999999999983e+02
2.9999999999999994e+02
2.9999999999999989e+02
2.9999999999999989e+02
2.9999999999999977e+02
2.9999999999999977e+02
3.0000000000000051e+02
3.0000000000000068e+02
2.9999999999999869e+02
3.0000000000000165e+02
2.9999999999999875e+02
3.0000000000000011e+02
3.0000000000000000e+02
3.0000000000000034e+02
2.9999999999999847e+02
3.0000000000000006e+02
2.9999999999999903e+02
2.9999999999999864e+02
2.9999999999999898e+02
2.9999999999999972e+02
2.9999999999999932e+02
2.9999999999999898e+02
2.9999999999999960e+02
3.0000000000000023e+02
3.0000000000000068e+02
3.0000000000000063e+02
3.0000000000000080e+02
2.9999999999999903e+02
3.0000000000000068e+02
2.9999999999999852e+02
2.9999999999999869e+02
2.9999999999999989e+02
2.9999999999999983e+02
3.0000000000000011e+02
2.9999999999999943e+02
3.0000000000000074e+02
2.9999999999999739e+02
2.9999999999999977e+02
2.9999999999999972e+02
2.9999999999999915e+02
3.0000000000001876e+02
3.0000000000000330e+02
2.9999999999999881e+02
2.9999999999999983e+02
2.9999999999999881e+02
2.9999999999999966e+02
2.9999999999999767e+02
2.9999999999999903e+02
2.9999999999999994e+02
2.9999999999999903e+02
3.0000000000000017e+02
2.9999999999999847e+02
3.0000000000000159e+02
2.9999999999999977e+02
3.0000000000000142e+02
3.0000000000000159e+02
2.9999999999999943e+02
2.9999999999999881e+02
3.0000000000000028e+02
2.9999999999999966e+02
2.9999999999999983e+02
2.9999999999999983e+02
2.9999999999999920e+02
2.9999999999999943e+02
2.9999999999999829e+02
3.0000000000000080e+02
2.9999999999999864e+02
