0.0000000000000000e+00
-4.4000000001033264e+01
-8.8000000001020027e+01
-1.3201925687886751e+02
-1.7600000000901224e+02
-2.1999998625666746e+02
-2.6401922937168342e+02
-3.0805774311976194e+02
-3.2266666668196456e+02
-3.4342715337418036e+02
-3.4571561306864646e+02
-3.4597124438672773e+02
-3.4629294509650106e+02
-3.4641525386495033e+02
-3.4645693301140193e+02
-3.4645122084122460e+02
-3.4642388077130704e+02
-3.4642451861631639e+02
-3.4641609226622870e+02
-3.4643442792233168e+02
-3.4644918981887076e+02
-3.4641072191967635e+02
-3.4646452402174225e+02
-3.4645574292298454e+02
-3.4641410539891751e+02
-3.4647263705072692e+02
-3.4646137156340251e+02
-3.4641640784196915e+02
-3.4647935445619208e+02
-3.4646597909695151e+02
-3.4641784682608085e+02
-3.4648473944191983e+02
-3.4646966355139114e+02
-3.4641859553485989e+02
-3.4648896912745641e+02
-3.4647257184035044e+02
-3.4641880351046973e+02
-3.4649225824297764e+02
-3.4647485713584121e+02
-3.4641859531916481e+02
-3.4649481158342218e+02
-3.4647665622788088e+02
-3.4641807186989359e+02
-3.4649680288415777e+02
-3.4647808158864058e+02
-3.4641731341586313e+02
-3.4649837018215749e+02
-3.4647922145494448e+02
-3.4641638309426446e+02
-3.4647994662914044e+02
-3.4648684540249405e+02
-3.4654312736605181e+02
-3.4641787625987325e+02
-3.4654917908925853e+02
-3.4645121034667471e+02
-3.4647329393418795e+02
-3.4651298910290120e+02
-3.4651953863422705e+02
-3.4644049437510864e+02
-3.4653994253644089e+02
-3.4650278534231728e+02
-3.4643177103418736e+02
-3.4652294878541568e+02
-3.4649339510238173e+02
-3.4642538231674655e+02
-3.4651264476721360e+02
-3.4648730656305088e+02
-3.4642055811840424e+02
-3.4650583991425668e+02
-3.4648310851646454e+02
-3.4641684358312648e+02
-3.4650110221067706e+02
-3.4648009746086677e+02
-3.4641395329465695e+02
-3.4649768658602733e+02
-3.4647787966687758e+02
