0.0000000000000000e+00
1.4278383044435093e-10
7.0667833522432612e-10
-8.2520621361052322e-03
6.4628251978661356e-09
4.1400792035381662e-06
-8.2437862300721483e-03
-2.4747902752844449e-02
1.0646778465280589e-08
-3.6132901849875262e-02
-3.2937186019413715e-03
-2.6292411089953800e-03
-4.0620793454754309e-03
-1.9650992551292767e-02
-4.9552512571567349e-02
-4.1107226870442291e-02
-1.3719939102801962e-02
-1.4357108953465807e-02
-5.9307524880224394e-03
-2.4266412263220159e-02
-3.9028306945517247e-02
-5.6041015128021287e-04
-5.4362537561717092e-02
-4.5581409216154445e-02
-3.9438907140581930e-03
-6.2475571625650386e-02
-5.1210049674852619e-02
-6.2463346898375821e-03
-6.9192981981747267e-02
-5.5817583286131137e-02
-7.6853196656030236e-03
-7.4577971975997304e-02
-5.9502037792201541e-02
-8.4340292136929011e-03
-7.8807661110139718e-02
-6.2410326809981848e-02
-8.6420054992874286e-03
-8.2096779638679257e-02
-6.4695622349109444e-02
-8.4338147831085133e-03
-8.4650122620077553e-02
-6.6494714419647397e-02
-7.9103660295151909e-03
-8.6641425538998382e-02
-6.7920075198781557e-02
-7.1519124688930562e-03
-8.8208725467440144e-02
-6.9059941515407119e-02
-6.2215912965517756e-03
-6.9785115371404013e-02
-7.6683888736534811e-02
-1.3296585365213431e-01
-7.7149630659588799e-03
-1.3901766170106922e-01
-4.1048859553134448e-02
-6.3132420821631924e-02
-1.0282760964584958e-01
-1.0937712153496397e-01
-3.0332881293052772e-02
-1.2978112010462234e-01
-9.2623831583243652e-02
-2.1609536811395356e-02
-1.1278734838573724e-01
-8.3233590161683357e-02
-1.5220816866710694e-02
-1.0248332083843376e-01
-7.7145050224653636e-02
-1.0396617296480028e-02
-9.5678462854337287e-02
-7.2947003336860050e-02
-6.6820813496992464e-03
-9.0940756345800497e-02
-6.9935947572005316e-02
-3.7917924915361091e-03
-8.7525129888446490e-02
-6.7718153482174581e-02
