0.0000000000000000e+00
-1.1000000000241538e+01
-2.2000000000076120e+01
-3.3006877235250897e+01
-4.4000000000591790e+01
-5.4999995529163755e+01
-6.6006868289473942e+01
-7.7020622755640943e+01
-8.0666666667846172e+01
-1.3221006303007309e+02
-1.5382673978758243e+02
-1.5784467804361407e+02
-1.6521080089457851e+02
-1.7046704645869042e+02
-1.7205113962431187e+02
-1.7308840070487298e+02
-1.7319998134380097e+02
-1.7321761266066545e+02
-1.7321114909203612e+02
-1.7322795956110673e+02
-1.7324312849642882e+02
-1.7320712726625985e+02
-1.7325552177373271e+02
-1.7325071472552941e+02
-1.7321072617675205e+02
-1.7326331169354944e+02
-1.7325644575604525e+02
-1.7321316419477387e+02
-1.7326973957813470e+02
-1.7326113681232371e+02
-1.7321472151934302e+02
-1.7327488635228730e+02
-1.7326488578123403e+02
-1.7321557012509521e+02
-1.7327892398599531e+02
-1.7326784108555717e+02
-1.7321586159164175e+02
-1.7328205813345150e+02
-1.7327015889868699e+02
-1.7321572369698612e+02
-1.7328448436083431e+02
-1.7327197930298877e+02
-1.7321526051180268e+02
-1.7328636864941856e+02
-1.7327341771428246e+02
-1.7321455490322998e+02
-1.7328784313952698e+02
-1.7327456474101959e+02
-1.7321367197955252e+02
-1.7327474514881888e+02
-1.7328165781537479e+02
-1.7333720158055826e+02
-1.7322341351424890e+02
-1.7333740512823158e+02
-1.7324985110769325e+02
-1.7326775362845845e+02
-1.7330464308085996e+02
-1.7331370761390266e+02
-1.7323863402270655e+02
-1.7332774627681027e+02
-1.7329896144805397e+02
-1.7322960961210757e+02
-1.7331155316434379e+02
-1.7328921379583181e+02
-1.7322298880435875e+02
-1.7330164611241742e+02
-1.7328292762540312e+02
-1.7321804298657128e+02
-1.7329506622155398e+02
-1.7327860788119071e+02
-1.7321425973124937e+02
-1.7329046381200791e+02
-1.7327551618707338e+02
-1.7321132847955712e+02
-1.7328713325752028e+02
-1.7327324231431669e+02
