0.0000000000000000e+00
0.0000000000000000e+00
0.0000000000000000e+00
0.0000000000000000e+00
0.0000000000000000e+00
0.0000000000000000e+00
0.0000000000000000e+00
-1.0667580417798146e+00
-7.1487340206788215e+00
-1.4229820469139497e+01
-2.1512632915952086e+01
-2.1512632915952086e+01
-2.1512632915952086e+01
-2.1512632915952086e+01
-2.1512632915952086e+01
-2.1512632915952086e+01
-2.1512632915952086e+01
-2.1512632915952086e+01
-2.1512632915952086e+01
-2.1512632915952086e+01
-2.1512632915952086e+01
-2.1512632915952086e+01
-2.1512632915952086e+01
-2.1512632915952086e+01
-2.1512632915952086e+01
-2.1512632915952086e+01
-2.1512632915952086e+01
-2.1512632915952086e+01
-2.1512632915952086e+01
-1.7319123021944378e+01
-1.0612845191939961e+01
-1.0612845191939957e+01
-1.0612845191939950e+01
-1.0612845191939956e+01
-1.0612845191939956e+01
-1.0612845191939956e+01
-1.0612845191939956e+01
-1.0612845191939957e+01
-1.0612845191939957e+01
-1.0612845191939957e+01
-1.0612845191939957e+01
-1.0612845191939957e+01
-1.0612845191939954e+01
-1.0612845191939954e+01
-1.0612845191939947e+01
-1.0612845191939943e+01
-1.0612845191939943e+01
-1.0612845191939943e+01
-1.0612845191939943e+01
-1.0612845191939943e+01
-1.0612845191939940e+01
-1.0612845191939940e+01
-1.0612845191939940e+01
-1.0612845191939940e+01
-1.0612845191939940e+01
-1.0612845191939940e+01
-1.0612845191939940e+01
-1.0612845191939940e+01
-1.0612845191939940e+01
-1.0612845191939940e+01
-1.0612845191939940e+01
-1.0612845191939940e+01
-1.0612845191939940e+01
-1.0612845191939940e+01
-1.0612845191939940e+01
-1.0612845191939940e+01
-1.0612845191939940e+01
-1.0612845191939940e+01
-1.0612845191939940e+01
-1.0612845191939940e+01
-9.2712105989977029e+00
-9.2712105989977065e+00
-9.2712105989977065e+00
-9.2712105989977029e+00
-9.2712105989977047e+00
-9.2712105989977047e+00
-9.2712105989977047e+00
-9.2712105989977083e+00
-9.2712105989977083e+00
-9.2712105989977083e+00
-9.2712105989977083e+00
-9.2712105989977083e+00
-9.2712105989977083e+00
-9.2712105989977029e+00
-9.2712105989977029e+00
-9.2712105989976976e+00
-9.2712105989976976e+00
-9.2712105989976976e+00
-9.2712105989976976e+00
-9.2712105989976976e+00
-9.2712105989976976e+00
-9.2712105989976976e+00
-9.2712105989976976e+00
-9.2712105989976976e+00
-9.2712105989976976e+00
-9.2712105989976976e+00
-9.2712105989976976e+00
-9.2712105989976976e+00
-9.2712105989976976e+00
-9.2712105989976976e+00
-9.2712105989976976e+00
-9.2712105989976976e+00
-9.2712105989976976e+00
-9.2712105989976976e+00
-9.2712105989976976e+00
-9.2712105989976976e+00
-9.2712105989976976e+00
-9.2712105989976976e+00
-9.2712105989976976e+00
-9.2712105989976976e+00
-9.0027412066817032e+00
-9.0027412066817050e+00
-9.0027412066817050e+00
-9.0027412066817032e+00
-9.0027412066817032e+00
-9.0027412066817032e+00
-9.0027412066817032e+00
-9.0027412066816961e+00
-9.0027412066816961e+00
-9.0027412066816979e+00
-9.0027412066816908e+00
-9.0027412066816908e+00
-9.0027412066816908e+00
-9.0027412066816943e+00
-9.0027412066816872e+00
-9.0027412066816872e+00
-9.0027412066816872e+00
-9.0027412066816872e+00
-9.0027412066816872e+00
-9.0027412066816872e+00
-9.0027412066816925e+00
-9.0027412066816925e+00
-9.0027412066816925e+00
-9.0027412066816925e+00
-9.0027412066816925e+00
-9.0027412066816925e+00
-9.0027412066816925e+00
-9.0027412066816925e+00
-9.0027412066816925e+00
-9.0027412066816925e+00
-9.0027412066816925e+00
-9.0027412066816925e+00
-9.0027412066816925e+00
-9.0027412066816925e+00
-9.0027412066816925e+00
-9.0027412066816925e+00
-9.0027412066816925e+00
-9.0027412066816925e+00
-9.0027412066816925e+00
-9.0027412066816925e+00
-8.9490413857494069e+00
-8.9490413857494069e+00
-8.9490413857494069e+00
-8.9490413857494069e+00
-8.9490413857494069e+00
-8.9490413857494069e+00
-8.9490413857494069e+00
-8.9490413857494087e+00
-8.9490413857494087e+00
-8.9490413857494016e+00
-8.9490413857494033e+00
