0.0000000000000000e+00
0.0000000000000000e+00
0.0000000000000000e+00
0.0000000000000000e+00
0.0000000000000000e+00
0.0000000000000000e+00
0.0000000000000000e+00
5.3337902088971945e-01
3.5743670103382561e+00
7.1149102345675157e+00
1.0756316457973504e+01
1.0756316457973504e+01
1.0756316457973512e+01
1.0756316457973496e+01
1.0756316457973492e+01
1.0756316457973492e+01
1.0756316457973508e+01
1.0756316457973508e+01
1.0756316457973488e+01
1.0756316457973497e+01
1.0756316457973497e+01
1.0756316457973512e+01
1.0756316457973501e+01
1.0756316457973510e+01
1.0756316457973506e+01
1.0756316457973499e+01
1.0756316457973508e+01
1.0756316457973508e+01
1.0756316457973515e+01
8.6595615109695157e+00
5.3064225959670503e+00
5.3064225959670512e+00
5.3064225959670530e+00
5.3064225959670486e+00
5.3064225959670406e+00
5.3064225959670370e+00
5.3064225959670335e+00
5.3064225959670335e+00
5.3064225959670264e+00
5.3064225959670193e+00
5.3064225959670175e+00
5.3064225959670130e+00
5.3064225959670122e+00
5.3064225959670104e+00
5.3064225959670202e+00
5.3064225959670219e+00
5.3064225959670202e+00
5.3064225959670175e+00
5.3064225959670166e+00
5.3064225959670157e+00
5.3064225959670193e+00
5.3064225959670202e+00
5.3064225959670210e+00
5.3064225959670219e+00
5.3064225959670210e+00
5.3064225959670157e+00
5.3064225959670228e+00
5.3064225959670228e+00
5.3064225959670317e+00
5.3064225959670370e+00
5.3064225959670388e+00
5.3064225959670450e+00
5.3064225959670432e+00
5.3064225959670477e+00
5.3064225959670530e+00
5.3064225959670441e+00
5.3064225959670424e+00
5.3064225959670370e+00
5.3064225959670335e+00
5.3064225959670450e+00
4.6356052994962518e+00
4.6356052994962473e+00
4.6356052994962562e+00
4.6356052994962544e+00
4.6356052994962536e+00
4.6356052994962589e+00
4.6356052994962589e+00
4.6356052994962607e+00
4.6356052994962695e+00
4.6356052994962731e+00
4.6356052994962766e+00
4.6356052994962713e+00
4.6356052994962704e+00
4.6356052994962722e+00
4.6356052994962695e+00
4.6356052994962660e+00
4.6356052994962642e+00
4.6356052994962607e+00
4.6356052994962562e+00
4.6356052994962580e+00
4.6356052994962589e+00
4.6356052994962553e+00
4.6356052994962562e+00
4.6356052994962598e+00
4.6356052994962660e+00
4.6356052994962571e+00
4.6356052994962589e+00
4.6356052994962571e+00
4.6356052994962669e+00
4.6356052994962704e+00
4.6356052994962678e+00
4.6356052994962598e+00
4.6356052994962544e+00
4.6356052994962553e+00
4.6356052994962509e+00
4.6356052994962607e+00
4.6356052994962669e+00
4.6356052994962642e+00
4.6356052994962642e+00
4.6356052994962642e+00
4.5013706033381569e+00
4.5013706033381586e+00
4.5013706033381657e+00
4.5013706033381560e+00
4.5013706033381595e+00
4.5013706033381577e+00
4.5013706033381586e+00
4.5013706033381577e+00
4.5013706033381560e+00
4.5013706033381551e+00
4.5013706033381577e+00
4.5013706033381595e+00
4.5013706033381560e+00
4.5013706033381577e+00
4.5013706033381586e+00
4.5013706033381586e+00
4.5013706033381560e+00
4.5013706033381595e+00
4.5013706033381640e+00
4.5013706033381613e+00
4.5013706033381657e+00
4.5013706033381640e+00
4.5013706033381622e+00
4.5013706033381595e+00
4.5013706033381613e+00
4.5013706033381684e+00
4.5013706033381640e+00
4.5013706033381649e+00
4.5013706033381604e+00
4.5013706033381498e+00
4.5013706033381480e+00
4.5013706033381586e+00
4.5013706033381631e+00
4.5013706033381640e+00
4.5013706033381569e+00
4.5013706033381622e+00
4.5013706033381684e+00
4.5013706033381684e+00
4.5013706033381675e+00
4.5013706033381675e+00
4.4745206928720149e+00
4.4745206928720220e+00
4.4745206928720238e+00
4.4745206928720291e+00
4.4745206928720300e+00
4.4745206928720282e+00
4.4745206928720247e+00
4.4745206928720282e+00
4.4745206928720291e+00
4.4745206928720362e+00
4.4745206928720362e+00
