0.0000000000000000e+00
0.0000000000000000e+00
0.0000000000000000e+00
0.0000000000000000e+00
0.0000000000000000e+00
0.0000000000000000e+00
0.0000000000000000e+00
5.3337902089009182e-01
3.5743670103405405e+00
7.1149102345719299e+00
1.0756316457978476e+01
1.0756316457978473e+01
1.0756316457978484e+01
1.0756316457978468e+01
1.0756316457978457e+01
1.0756316457978457e+01
1.0756316457978475e+01
1.0756316457978475e+01
1.0756316457978455e+01
1.0756316457978457e+01
1.0756316457978460e+01
1.0756316457978471e+01
1.0756316457978468e+01
1.0756316457978469e+01
1.0756316457978468e+01
1.0756316457978460e+01
1.0756316457978480e+01
1.0756316457978482e+01
1.0756316457978484e+01
8.6595615109747879e+00
5.3064225959728182e+00
5.3064225959728217e+00
5.3064225959728244e+00
5.3064225959728191e+00
5.3064225959728129e+00
5.3064225959728084e+00
5.3064225959728031e+00
5.3064225959728031e+00
5.3064225959727942e+00
5.3064225959727880e+00
5.3064225959727844e+00
5.3064225959727818e+00
5.3064225959727800e+00
5.3064225959727818e+00
5.3064225959727880e+00
5.3064225959727880e+00
5.3064225959727862e+00
5.3064225959727862e+00
5.3064225959727835e+00
5.3064225959727862e+00
5.3064225959727862e+00
5.3064225959727942e+00
5.3064225959728031e+00
5.3064225959728102e+00
5.3064225959728146e+00
5.3064225959728137e+00
5.3064225959728137e+00
5.3064225959728137e+00
5.3064225959728208e+00
5.3064225959728288e+00
5.3064225959728297e+00
5.3064225959728386e+00
5.3064225959728342e+00
5.3064225959728368e+00
5.3064225959728484e+00
5.3064225959728422e+00
5.3064225959728368e+00
5.3064225959728315e+00
5.3064225959728271e+00
5.3064225959728297e+00
4.6356052995013828e+00
4.6356052995013828e+00
4.6356052995013908e+00
4.6356052995013890e+00
4.6356052995013854e+00
4.6356052995013908e+00
4.6356052995013934e+00
4.6356052995013908e+00
4.6356052995013988e+00
4.6356052995014032e+00
4.6356052995014059e+00
4.6356052995014041e+00
4.6356052995014032e+00
4.6356052995014050e+00
4.6356052995014041e+00
4.6356052995013988e+00
4.6356052995013961e+00
4.6356052995013926e+00
4.6356052995013890e+00
4.6356052995013899e+00
4.6356052995013917e+00
4.6356052995013908e+00
4.6356052995013890e+00
4.6356052995013952e+00
4.6356052995013970e+00
4.6356052995013899e+00
4.6356052995013943e+00
4.6356052995013943e+00
4.6356052995013979e+00
4.6356052995014059e+00
4.6356052995014014e+00
4.6356052995013934e+00
4.6356052995013854e+00
4.6356052995013926e+00
4.6356052995013837e+00
4.6356052995013863e+00
4.6356052995013934e+00
4.6356052995013908e+00
4.6356052995013872e+00
4.6356052995013810e+00
4.5013706033435028e+00
4.5013706033435064e+00
4.5013706033435099e+00
4.5013706033435046e+00
4.5013706033435064e+00
4.5013706033435037e+00
4.5013706033435019e+00
4.5013706033435028e+00
4.5013706033435064e+00
4.5013706033435055e+00
4.5013706033435090e+00
4.5013706033435081e+00
4.5013706033435055e+00
4.5013706033435028e+00
4.5013706033435046e+00
4.5013706033435046e+00
4.5013706033435046e+00
4.5013706033435064e+00
4.5013706033435108e+00
4.5013706033435072e+00
4.5013706033435126e+00
4.5013706033435126e+00
4.5013706033435135e+00
4.5013706033435099e+00
4.5013706033435099e+00
4.5013706033435117e+00
4.5013706033435108e+00
4.5013706033435108e+00
4.5013706033435028e+00
4.5013706033434939e+00
4.5013706033434930e+00
4.5013706033434948e+00
4.5013706033434984e+00
4.5013706033434939e+00
4.5013706033434886e+00
4.5013706033434921e+00
4.5013706033435010e+00
4.5013706033435028e+00
4.5013706033435055e+00
4.5013706033435064e+00
4.4745206928773911e+00
4.4745206928773946e+00
4.4745206928773928e+00
4.4745206928774000e+00
4.4745206928774017e+00
4.4745206928773991e+00
4.4745206928773964e+00
4.4745206928773982e+00
4.4745206928773928e+00
4.4745206928774044e+00
4.4745206928774017e+00
