0.0000000000000000e+00
-4.0000000002112087e-04
-8.0000000001558002e-04
-1.2001600640379319e-03
-1.6000000001408577e-03
-1.9999998721695537e-03
-2.4001598081218583e-03
-2.9600266767864061e-03
-4.2725990727084037e-03
-5.7344839964649334e-03
-7.2268953189618349e-03
-6.8268949375523596e-03
-6.4270544924759625e-03
-6.0268949375331966e-03
-5.6268954462121087e-03
-5.2270558905107654e-03
-4.8268949375347278e-03
-4.4268940492961798e-03
-4.0268949374093373e-03
-3.6268949374090205e-03
-3.2268949374094852e-03
-2.8268949374093241e-03
-2.4268949374091626e-03
-2.0270548734372734e-03
-1.6268949375339743e-03
-1.2268950655566734e-03
-8.2705512950456434e-04
-4.2689493753497450e-04
-2.6894809695819995e-05
1.0019292124686563e-03
2.4079997420633137e-03
2.0080732210116512e-03
1.6079866947452683e-03
1.2077400351817470e-03
8.0807322079825736e-04
4.0824660898427633e-04
8.2600719061474577e-06
-3.9192677878618464e-04
-7.9192677890955240e-04
-1.1919267788098931e-03
-1.5919267788089741e-03
-1.9919267788095184e-03
-2.3919267788096283e-03
-2.7920868428364955e-03
-3.1919267789341389e-03
-3.5919266509577977e-03
-3.9920865869059741e-03
-4.3919267789342261e-03
-4.7919269070931369e-03
-5.1920870993822235e-03
-5.5924074839558535e-03
-5.1919267813773824e-03
-4.7916063993888244e-03
-4.3919267789351030e-03
-3.9919267789345434e-03
-3.5920867149621437e-03
-3.1919267789348445e-03
-2.7919269068324309e-03
-2.3919267788103556e-03
-1.9919267788101928e-03
-1.5919267788098372e-03
-1.1919267788101213e-03
-7.9192677881039105e-04
-3.9208671483894350e-04
8.0732210641944671e-06
4.0807309304233882e-04
8.0791302909507276e-04
1.2080732210644003e-03
1.6080733489034723e-03
2.0079135406125721e-03
2.6092975730269731e-03
2.2093184097006159e-03
1.8091791990251288e-03
1.4093184100211114e-03
1.0092976684046159e-03
6.0911684615798725e-04
2.0931840998495891e-04
-1.9063992890881596e-04
-5.9075829848327546e-04
-9.9068158994997601e-04
-1.3906815898525866e-03
-1.7906815898682928e-03
-2.1906815898687553e-03
-2.5908416538966686e-03
-2.9906815899943349e-03
-3.3906814620169889e-03
-3.7908413979652520e-03
-4.1906815899943007e-03
-4.5906817181532202e-03
-4.9908419104433303e-03
-5.3911622950164433e-03
-4.9906815931280912e-03
-4.5903612118288663e-03
-4.1906815899941134e-03
-3.7906815899935104e-03
-3.3908415260207221e-03
-2.9906815899936419e-03
-2.5906817178915909e-03
-2.1906815898694544e-03
-1.7906815898689797e-03
-1.3906815898680951e-03
-9.9068158986808123e-04
-5.9068158986826211e-04
-1.9084152589607010e-04
2.0931841000699467e-04
6.0931828198516197e-04
1.0091582180377587e-03
1.4093184100074149e-03
1.8093185378475693e-03
2.2091587295582269e-03
2.6495879617669162e-03
2.2495888184789915e-03
1.8494296118489108e-03
1.4495888188553795e-03
1.0495880892508584e-03
6.4942729503571998e-04
2.4958881885434655e-04
-1.5040959208464450e-04
-5.5041118102064856e-04
-9.5041118102052818e-04
-1.3504111810206045e-03
-1.7504111810210253e-03
-2.1504111810210550e-03
-2.5505712450483117e-03
-2.9504111811459437e-03
-3.3504110531692908e-03
-3.7505709891174363e-03
-4.1504111811457916e-03
-4.5504113093044205e-03
-4.9505715015934386e-03
-5.3508918861671735e-03
-4.9504111844345050e-03
-4.5500908032910809e-03
-4.1504111811461238e-03
-3.7504111811460890e-03
-3.3505711171729000e-03
-2.9504111811455846e-03
-2.5504113090434174e-03
-2.1504111810217636e-03
-1.7504111810215624e-03
-1.3504111810219276e-03
-9.5041118102113750e-04
-5.5041118102216156e-04
-1.5057111705019387e-04
2.4958881885371836e-04
6.4958869083178846e-04
1.0494286268840217e-03
1.4495888188533138e-03
1.8495889466926868e-03
2.2494291384014624e-03
2.6576437531734528e-03
2.2576437916012925e-03
1.8574837660322520e-03
1.4576437919925672e-03
1.0576438819971381e-03
6.5748390804629207e-04
2.5764379199220326e-04
-1.4235626013097975e-04
-5.4235620788308262e-04
-9.4235620788307695e-04
-1.3423562078831372e-03
