0.0000000000000000e+00
1.0000000000576372e-04
2.0000000000826177e-04
2.9999000101181930e-04
4.0000000008097507e-04
4.9999999815124048e-04
5.9998999722175460e-04
7.8000167026528447e-04
1.3360407193574134e-03
1.9672318873579044e-03
2.6134472708302589e-03
2.5134474687896480e-03
2.4134376657876152e-03
2.3134474687766227e-03
2.2134472727256458e-03
2.1134370756361177e-03
2.0134474687774264e-03
1.9134478629985966e-03
1.8134474687038589e-03
1.7134474687047056e-03
1.6134474687042903e-03
1.5134474687045381e-03
1.4134474687047824e-03
1.3134374677041477e-03
1.2134474687776097e-03
1.1134474708507953e-03
1.0134374719240359e-03
9.1344746877786642e-04
8.1344746663033650e-04
3.9885435884953497e-04
-2.0406511062508339e-04
-1.0403661049338477e-04
-4.0181150608686887e-06
9.5990377672835965e-05
1.9596338954141351e-04
2.9592640780580579e-04
3.9587943446450254e-04
4.9596338939515510e-04
5.9596338940871613e-04
6.9596338940341182e-04
7.9596338940399647e-04
8.9596338940373750e-04
9.9596338940287073e-04
1.0959533904031926e-03
1.1959633894770376e-03
1.2959633875508840e-03
1.3959533866250479e-03
1.4959633894764237e-03
1.5959633913271765e-03
1.6959533941779364e-03
1.7959334000273485e-03
1.6959633909137315e-03
1.5959833867978620e-03
1.4959633894752738e-03
1.3959633894755101e-03
1.2959533884756959e-03
1.1959633894759398e-03
1.0959633914767351e-03
9.9596338940264499e-04
8.9596338940225561e-04
7.9596338940289438e-04
6.9596338940259835e-04
5.9596338940275985e-04
4.9595338840255571e-04
3.9596338947551449e-04
2.9596339154865206e-04
1.9595339262264751e-04
9.5963389476689428e-05
-4.0366126714008816e-06
-1.0404661581817670e-04
-3.0466736650478995e-04
-2.0465920481701827e-04
-1.0466104376079641e-04
-4.6592050140323981e-06
9.5332634364759020e-05
1.9531447637492411e-04
2.9534079503888808e-04
3.9535710943891490e-04
4.9536342157613204e-04
5.9534079495490266e-04
6.9534079492718313e-04
7.9534079493075096e-04
8.9534079493028219e-04
9.9533079593079783e-04
1.0953407950037904e-03
1.1953407930771120e-03
1.2953307921511291e-03
1.3953407950034837e-03
1.4953407968549526e-03
1.5953307997054664e-03
1.6953108055563703e-03
1.5953407968485093e-03
1.4953607931392069e-03
1.3953407950014927e-03
1.2953407950011848e-03
1.1953307940006954e-03
1.0953407950009123e-03
9.9534079700191623e-04
8.9534079492775286e-04
7.9534079492737508e-04
6.9534079492850401e-04
5.9534079492814022e-04
4.9534079492829261e-04
3.9533079392894944e-04
2.9534079500142412e-04
1.9534079707465117e-04
9.5330798148984293e-05
-4.6592049983996233e-06
-1.0465920714518000e-04
-2.0466921029320704e-04
-3.2479473368612010e-04
-2.2479440920117929e-04
-1.2480408378081132e-04
-2.4794409421249670e-05
7.5205264003766733e-05
1.7519493849368846e-04
2.7520559058099225e-04
3.7520624153770482e-04
4.7520559050540074e-04
5.7520559050625692e-04
6.7520559050566315e-04
7.7520559050568835e-04
8.7520559050597126e-04
9.7519559150590577e-04
1.0752055905790289e-03
1.1752055886515729e-03
1.2751955877255475e-03
1.3752055905785650e-03
1.4752055924309691e-03
1.5751955952832879e-03
1.6751756011337575e-03
1.5752055925149669e-03
1.4752255888935278e-03
1.3752055905783352e-03
1.2752055905781248e-03
1.1751955895778613e-03
1.0752055905778638e-03
9.7520559257824010e-04
8.7520559050413311e-04
7.7520559050427910e-04
6.7520559050400790e-04
5.7520559050458985e-04
4.7520559050393522e-04
3.7519558950343439e-04
2.7520559057675817e-04
1.7520559265069596e-04
7.5195593724070045e-05
-2.4794409422454537e-05
-1.2479441156956273e-04
-2.2480441471801476e-04
-3.2882190844938118e-04
-2.2882189576416140e-04
-1.2883188208151226e-04
-2.8821895992943973e-05
7.1178089098237809e-05
1.7116807519364192e-04
2.7117810400640794e-04
3.7117813181355194e-04
4.7117810393254534e-04
5.7117810393314105e-04
6.7117810393261537e-04
