0.0000000000000000e+00
1.0000000000497821e-04
2.0000000000899816e-04
2.9999000101259922e-04
4.0000000008217208e-04
4.9999999815235623e-04
5.9998999722321133e-04
7.8000167026637463e-04
1.3360407193587808e-03
1.9672318873595945e-03
2.6134472708314038e-03
2.5134474687906910e-03
2.4134376657889423e-03
2.3134474687782325e-03
2.2134472727277504e-03
2.1134370756384852e-03
2.0134474687793559e-03
1.9134478630000093e-03
1.8134474687058325e-03
1.7134474687061723e-03
1.6134474687061837e-03
1.5134474687059625e-03
1.4134474687061845e-03
1.3134374677070051e-03
1.2134474687795747e-03
1.1134474708526499e-03
1.0134374719255738e-03
9.1344746877949782e-04
8.1344746663304646e-04
3.9885435885113427e-04
-2.0406511062336788e-04
-1.0403661049115281e-04
-4.0181150593762692e-06
9.5990377673745163e-05
1.9596338954280649e-04
2.9592640780765934e-04
3.9587943446626475e-04
4.9596338939681382e-04
5.9596338941012711e-04
6.9596338940473921e-04
7.9596338940500803e-04
8.9596338940469377e-04
9.9596338940479258e-04
1.0959533904047387e-03
1.1959633894787305e-03
1.2959633875526521e-03
1.3959533866274244e-03
1.4959633894787174e-03
1.5959633913289991e-03
1.6959533941789983e-03
1.7959334000277826e-03
1.6959633909151631e-03
1.5959833868010539e-03
1.4959633894771058e-03
1.3959633894772819e-03
1.2959533884774035e-03
1.1959633894769741e-03
1.0959633914770016e-03
9.9596338940422403e-04
8.9596338940349572e-04
7.9596338940362047e-04
6.9596338940371724e-04
5.9596338940332092e-04
4.9595338840206901e-04
3.9596338947505983e-04
2.9596339154978749e-04
1.9595339262411241e-04
9.5963389475881846e-05
-4.0366126733582324e-06
-1.0404661582293193e-04
-3.0466736650602508e-04
-2.0465920481764824e-04
-1.0466104376082096e-04
-4.6592050147078654e-06
9.5332634363001772e-05
1.9531447637256011e-04
2.9534079503707383e-04
3.9535710943789743e-04
4.9536342157656757e-04
5.9534079495336591e-04
6.9534079492725707e-04
7.9534079493124709e-04
8.9534079493169914e-04
9.9533079593153813e-04
1.0953407950054039e-03
1.1953407930788730e-03
1.2953307921521650e-03
1.3953407950046065e-03
1.4953407968563005e-03
1.5953307997079288e-03
1.6953108055588599e-03
1.5953407968506256e-03
1.4953607931410730e-03
1.3953407950049559e-03
1.2953407950045417e-03
1.1953307940042411e-03
1.0953407950045236e-03
9.9534079700523649e-04
8.9534079493169794e-04
7.9534079493195106e-04
6.9534079493255795e-04
5.9534079493221454e-04
4.9534079493228833e-04
3.9533079393172386e-04
2.9534079500520094e-04
1.9534079707958973e-04
9.5330798154287722e-05
-4.6592049943948430e-06
-1.0465920714349390e-04
-2.0466921029237305e-04
-3.2479473368182509e-04
-2.2479440919735547e-04
-1.2480408377749493e-04
-2.4794409417725867e-05
7.5205264008167212e-05
1.7519493849837937e-04
2.7520559058361206e-04
3.7520624153980774e-04
4.7520559050885538e-04
5.7520559050953262e-04
6.7520559050948822e-04
7.7520559050963680e-04
8.7520559050868047e-04
9.7519559150890890e-04
1.0752055905820387e-03
1.1752055886560958e-03
1.2751955877299262e-03
1.3752055905816869e-03
1.4752055924333839e-03
1.5751955952843736e-03
1.6751756011339565e-03
1.5752055925180117e-03
1.4752255889009039e-03
1.3752055905815923e-03
1.2752055905814995e-03
1.1751955895808221e-03
1.0752055905806697e-03
9.7520559258134883e-04
8.7520559050705471e-04
7.7520559050703948e-04
6.7520559050697330e-04
5.7520559050765196e-04
4.7520559050730579e-04
3.7519558950669708e-04
2.7520559058022968e-04
1.7520559265353812e-04
7.5195593727304057e-05
-2.4794409419360970e-05
-1.2479441156750047e-04
-2.2480441471613849e-04
-3.2882190844638439e-04
-2.2882189576163849e-04
-1.2883188207962396e-04
-2.8821895990296978e-05
7.1178089101915992e-05
1.7116807519721599e-04
2.7117810400927554e-04
3.7117813181635368e-04
4.7117810393643400e-04
5.7117810393636644e-04
6.7117810393597119e-04
