0.0000000000000000e+00
0.0000000000000000e+00
0.0000000000000000e+00
0.0000000000000000e+00
0.0000000000000000e+00
0.0000000000000000e+00
0.0000000000000000e+00
1.6001370626697218e-04
1.0723101031018221e-03
2.1344730703709239e-03
3.2268949373928076e-03
3.2268949373928076e-03
3.2268949373928076e-03
3.2268949373928076e-03
3.2268949373928076e-03
3.2268949373928076e-03
3.2268949373928076e-03
3.2268949373928076e-03
3.2268949373928076e-03
3.2268949373928076e-03
3.2268949373928076e-03
3.2268949373928076e-03
3.2268949373928076e-03
3.2268949373928076e-03
3.2268949373928076e-03
3.2268949373928076e-03
3.2268949373928076e-03
3.2268949373928076e-03
3.2268949373928076e-03
3.8559214214939656e-03
4.8618630959946308e-03
4.8618630959946308e-03
4.8618630959946308e-03
4.8618630959946308e-03
4.8618630959946308e-03
4.8618630959946308e-03
4.8618630959946308e-03
4.8618630959946308e-03
4.8618630959946308e-03
4.8618630959946308e-03
4.8618630959946308e-03
4.8618630959946308e-03
4.8618630959946308e-03
4.8618630959946308e-03
4.8618630959946308e-03
4.8618630959946308e-03
4.8618630959946308e-03
4.8618630959946308e-03
4.8618630959946308e-03
4.8618630959946308e-03
4.8618630959946308e-03
4.8618630959946308e-03
4.8618630959946308e-03
4.8618630959946308e-03
4.8618630959946308e-03
4.8618630959946308e-03
4.8618630959946308e-03
4.8618630959946308e-03
4.8618630959946308e-03
4.8618630959946308e-03
4.8618630959946308e-03
4.8618630959946308e-03
4.8618630959946308e-03
4.8618630959946308e-03
4.8618630959946308e-03
4.8618630959946308e-03
4.8618630959946308e-03
4.8618630959946308e-03
4.8618630959946308e-03
4.8618630959946308e-03
5.0631082849359656e-03
5.0631082849359656e-03
5.0631082849359656e-03
5.0631082849359656e-03
5.0631082849359656e-03
5.0631082849359656e-03
5.0631082849359656e-03
5.0631082849359656e-03
5.0631082849359656e-03
5.0631082849359656e-03
5.0631082849359656e-03
5.0631082849359656e-03
5.0631082849359656e-03
5.0631082849359656e-03
5.0631082849359656e-03
5.0631082849359656e-03
5.0631082849359656e-03
5.0631082849359656e-03
5.0631082849359656e-03
5.0631082849359656e-03
5.0631082849359656e-03
5.0631082849359656e-03
5.0631082849359656e-03
5.0631082849359656e-03
5.0631082849359656e-03
5.0631082849359656e-03
5.0631082849359656e-03
5.0631082849359656e-03
5.0631082849359656e-03
5.0631082849359656e-03
5.0631082849359656e-03
5.0631082849359656e-03
5.0631082849359656e-03
5.0631082849359656e-03
5.0631082849359656e-03
5.0631082849359656e-03
5.0631082849359656e-03
5.0631082849359656e-03
5.0631082849359656e-03
5.0631082849359656e-03
5.1033786937833645e-03
5.1033786937833645e-03
5.1033786937833645e-03
5.1033786937833645e-03
5.1033786937833645e-03
5.1033786937833645e-03
5.1033786937833645e-03
5.1033786937833645e-03
5.1033786937833645e-03
5.1033786937833645e-03
5.1033786937833645e-03
5.1033786937833645e-03
5.1033786937833645e-03
5.1033786937833645e-03
5.1033786937833645e-03
5.1033786937833645e-03
5.1033786937833645e-03
5.1033786937833645e-03
5.1033786937833645e-03
5.1033786937833645e-03
5.1033786937833645e-03
5.1033786937833645e-03
5.1033786937833645e-03
5.1033786937833645e-03
5.1033786937833645e-03
5.1033786937833645e-03
5.1033786937833645e-03
5.1033786937833645e-03
5.1033786937833645e-03
5.1033786937833645e-03
5.1033786937833645e-03
5.1033786937833645e-03
5.1033786937833645e-03
5.1033786937833645e-03
5.1033786937833645e-03
5.1033786937833645e-03
5.1033786937833645e-03
5.1033786937833645e-03
5.1033786937833645e-03
5.1033786937833645e-03
5.1114336669232036e-03
5.1114336669232036e-03
5.1114336669232036e-03
5.1114336669232036e-03
5.1114336669232036e-03
5.1114336669232036e-03
5.1114336669232036e-03
5.1114336669232036e-03
5.1114336669232036e-03
5.1114336669232036e-03
5.1114336669232036e-03
