0.0000000000000000e+00
-1.8587725300331075e-11
8.6574434861052237e-10
-8.8026394550750637e-03
8.2453956485920211e-09
5.2993090043763218e-06
-8.7920461549642007e-03
-1.4828875188204946e-03
-3.2837128581351696e-02
-1.2987656007013623e-03
-5.1613323821267383e-05
9.5028379641222573e-09
-8.7457354604195056e-03
8.1264966953878036e-09
-5.6878649879241702e-05
-8.9111154851048962e-03
8.2749250057308319e-09
1.0847360533984765e-04
8.0192925006583211e-10
9.2206345038776674e-10
8.5307498939377456e-10
8.4103875819976225e-10
9.0444651961640235e-10
-8.7973602865483256e-03
8.2877125869520552e-09
-5.2598469509873612e-06
-8.8078846804864920e-03
8.2797717710660779e-09
5.2553607449127276e-06
-2.2959438487991837e-02
-8.2490858255914058e-03
1.1146926364257212e-08
-5.5194853154648892e-04
-9.9102483049543152e-03
7.7425784070554253e-09
1.1203024945905971e-03
-6.5546370068635951e-03
3.1978016551584618e-10
-2.7645495043245968e-09
6.6600573436901813e-10
7.6863919447195248e-10
6.9767591802275248e-10
6.4957401094292111e-10
-8.8026405177566974e-03
8.2264589402781018e-09
5.3001749182763161e-06
-8.7920444205904641e-03
8.1747866687106958e-09
-5.3051533561188551e-06
-8.8132642078454573e-03
-2.6429156023686534e-02
1.5358816916391198e-07
1.7616236918816884e-02
7.9240723339425841e-09
7.9693943991696398e-09
-8.7973532176067286e-03
7.8888749267074023e-09
-5.2675479626335130e-06
5.7044942729626057e-10
4.9368604061891682e-10
5.7036659376752818e-10
5.9729499033318784e-10
5.4851949959217983e-10
-8.7973608504560690e-03
7.7337170148999042e-09
-5.2601788606167899e-06
-8.8078847738074680e-03
7.8602888023359249e-09
5.2545697178700822e-06
-8.7868644254095220e-03
-2.3532451508152695e-03
2.5618592602000568e-08
-6.4488981185745918e-03
5.0600478606232654e-09
-2.3488955058442824e-03
-1.3500880652330089e-02
1.2668475121698726e-08
4.7044358256017830e-03
6.0711089147552546e-04
7.6462202241171941e-10
3.7294464305654449e-10
3.3939251152913111e-10
3.5898687192266918e-10
-8.8026408386905619e-03
7.8526809926999559e-09
5.2997310311700121e-06
-8.7920450431629212e-03
7.6857623519520516e-09
-5.3053885773494888e-06
-8.8132643109049540e-03
-2.6429155757683169e-02
1.9470955131019340e-07
1.7616319053979902e-02
7.7701999856174206e-09
7.7349482112573751e-09
-8.7973535554964691e-03
7.7054702501687055e-09
-5.2676974873793372e-06
2.9764419027974139e-10
3.1652048911923129e-10
4.7759003314113703e-10
4.4058474187038354e-10
4.5791725476562497e-10
-8.7973608002757300e-03
7.8079010602726090e-09
-5.2601363102207127e-06
-8.8078847038416969e-03
7.8700927386866103e-09
5.2547060978398622e-06
-8.7868642040413135e-03
-9.4774438976595455e-05
3.0152747952774741e-08
-8.7077876546769930e-03
7.9475723645093100e-09
-8.9571733864881001e-05
-8.9818069262549392e-03
8.1962992504456912e-09
1.8449517930002542e-04
4.9196303822543074e-10
6.2308825296458887e-10
5.7658313006483418e-10
5.4085382100409501e-10
4.4034797818908019e-10
-8.8026407547032292e-03
7.8303537734773519e-09
5.2997774409550593e-06
-8.7920449456465877e-03
7.7757188566391602e-09
-5.3052990147568509e-06
-8.8132641577131198e-03
-2.6429155861926935e-02
2.0383916563070771e-07
1.7616337326124186e-02
7.6626720153434809e-09
7.6233439812157543e-09
-8.7973536343044952e-03
7.5637014164474474e-09
-5.2678316495551155e-06
9.3945924962042054e-11
9.6281742735351273e-11
8.6487897964910964e-11
2.2608130300727737e-10
8.6334400373893709e-11
-8.7973612728337938e-03
7.4226218138290387e-09
-5.2605893100080651e-06
-8.8078853094770166e-03
7.5369280010851056e-09
5.2544318297868667e-06
-8.7868645304762551e-03
-3.8929761742907508e-06
3.0372988794046794e-08
-8.7986865989914172e-03
7.3640496453155884e-09
1.3437791452960486e-06
-8.7999572514490323e-03
7.3235207222834079e-09
2.6079394989829521e-06
-7.4313048257184749e-11
-5.2432324921763821e-11
-1.3377505089446403e-10
