0.0000000000000000e+00
5.0535810150800434e-11
7.9867001703737321e-10
-8.8026395317879636e-03
8.1494034044474758e-09
5.2992053962227998e-06
-8.7920462722918952e-03
-1.4828875904690677e-03
-3.2837128655211247e-02
-1.2987656802942327e-03
-5.1613349687356581e-05
9.4691147052844256e-09
-8.7457354819049440e-03
8.0721624750882696e-09
-5.6878732740327025e-05
-8.9111156289909711e-03
8.1949112326866058e-09
1.0847357236975198e-04
7.4238151473177862e-10
8.9975180624248111e-10
8.0413027046407764e-10
8.1093208860093671e-10
8.8274201873375750e-10
-8.7973604361616404e-03
8.1974372727932150e-09
-5.2599213535920575e-06
-8.8078847282323392e-03
8.2294316907634985e-09
5.2552366414210621e-06
-2.2959438513200595e-02
-8.2490858538933794e-03
1.1073384949791359e-08
-5.5194856174357182e-04
-9.9102482966947972e-03
7.7220480497398790e-09
1.1203024558610797e-03
-6.5546370575507024e-03
2.5769725342370051e-10
-2.7951321194020923e-09
6.4581378025439366e-10
7.7703772180116222e-10
7.0682972368365212e-10
5.7842248566366113e-10
-8.8026405524732378e-03
8.1569029782066715e-09
5.3001216919831726e-06
-8.7920445195813855e-03
8.0727679828208229e-09
-5.3051962003980007e-06
-8.8132641882285728e-03
-2.6429155942077735e-02
1.5358215993918478e-07
1.7616236733783836e-02
7.8695525437085130e-09
7.9015293638593747e-09
-8.7973533079068640e-03
7.8879951141971616e-09
-5.2674732095257505e-06
5.3996445053645107e-10
5.0119761271125815e-10
5.7922968725529410e-10
5.6733046991510291e-10
5.7716254122924151e-10
-8.7973607532954093e-03
7.8060457603529787e-09
-5.2602292588071886e-06
-8.8078848556101350e-03
7.9757160793082261e-09
5.2547803147161202e-06
-8.7868639660581647e-03
-2.3532450075735094e-03
2.5720172942011867e-08
-6.4488980575278581e-03
5.1689986416825693e-09
-2.3488953017841247e-03
-1.3500880399989281e-02
1.2870506482883434e-08
4.7044359536153523e-03
6.0711090385610856e-04
9.5475712571670509e-10
4.3881513388098043e-10
3.7697219139931593e-10
3.2773992690460536e-10
-8.8026408381297310e-03
7.7704149279185957e-09
5.2996672540969263e-06
-8.7920450667067270e-03
7.6687139448738572e-09
-5.3054281917308450e-06
-8.8132644333265980e-03
-2.6429155882576140e-02
1.9460172593026976e-07
1.7616318972444794e-02
7.5705453729450789e-09
7.5518875455522400e-09
-8.7973537518816949e-03
7.4881517255901137e-09
-5.2678941048309298e-06
5.3141203072936560e-11
5.0542414217940092e-11
2.4632402687953305e-10
1.9430354163069568e-10
2.0842672520402225e-10
-8.7973609649437713e-03
7.5617864589661456e-09
-5.2604692654484367e-06
-8.8078850630786878e-03
7.6155336925867978e-09
5.2546548576562277e-06
-8.7868641703612738e-03
-9.4774698254178393e-05
2.9953019792312858e-08
-8.7077878296290025e-03
7.7650841696506746e-09
-8.9571977747863630e-05
-8.9818071863814342e-03
8.0708833281779249e-09
1.8449513646110485e-04
3.4019084630705712e-10
4.7838046967649709e-10
3.6951066168320351e-10
3.4997218212036374e-10
3.3165472157497300e-10
-8.8026408754723947e-03
7.6994452574628058e-09
5.2995262915893101e-06
-8.7920452092915841e-03
7.6315510813808453e-09
-5.3053717637738597e-06
-8.8132641346897675e-03
-2.6429155759365573e-02
2.0369357365450949e-07
1.7616336808820646e-02
7.5216917035196209e-09
7.4693044076475825e-09
-8.7973537615260288e-03
7.4033092733655216e-09
-5.2680358477599032e-06
-1.2033546977740493e-10
-1.1195446194325910e-10
-1.5450713513367781e-10
-2.1229594705792580e-11
-1.6955827365081052e-10
-8.7973614820651604e-03
7.1844553513198589e-09
-5.2607880632357217e-06
-8.8078855477334919e-03
7.3250196175062593e-09
5.2543051198766387e-06
-8.7868646367425859e-03
-3.8931844977096029e-06
3.0203876273783962e-08
-8.7986867094730914e-03
7.1735125496621211e-09
1.3435337787578330e-06
-8.7999575217656330e-03
7.1227254967920353e-09
2.6077438301538288e-06
-3.8310168965640921e-10
-3.1332112940198727e-10
-4.0849606478993442e-10
