0.0000000000000000e+00
-4.4000000002315339e+01
-8.8000000001306120e+01
-1.3202200836391737e+02
-1.7600000001139034e+02
-2.1999998328901694e+02
-2.6402197491651168e+02
-3.0800216820090293e+02
-3.5204820522103944e+02
-3.9600185125316807e+02
-4.4000006777926751e+02
-3.9600000001281558e+02
-3.5202192392687903e+02
-3.0800000001139347e+02
-2.6400008440947022e+02
-2.2002216040074654e+02
-1.7600000001148334e+02
-1.3199984807256428e+02
-8.8000000001429456e+01
-4.4000000001324715e+01
-1.4215658362149780e-09
4.3999999998595833e+01
8.7999999998651532e+01
1.3197800835492706e+02
1.7599999998859437e+02
2.1999998327203298e+02
2.6397797492535091e+02
3.0799999998849421e+02
3.5200001667432264e+02
3.9596626351441336e+02
4.3998779275109547e+02
3.9599999998387659e+02
3.5199020611475680e+02
3.0795839441287012e+02
2.6399999995871684e+02
2.2001963280655028e+02
1.7601727625821277e+02
1.3200000000071685e+02
8.7999999985615815e+01
4.3999999998292481e+01
-1.5554535708261382e-09
-4.4000000001657412e+01
-8.8000000001716458e+01
-1.3202200836525321e+02
-1.7600000001162823e+02
-2.1999998328824938e+02
-2.6402197491486328e+02
-3.0800000001168070e+02
-3.5200001676581155e+02
-3.9602204189711188e+02
-4.4006609214611927e+02
-3.9600000020769028e+02
-3.5195595014733527e+02
-3.0800000001189824e+02
-2.6400000001181701e+02
-2.2002199165545625e+02
-1.7600000001188289e+02
-1.3200001671831473e+02
-8.8000000001850822e+01
-4.4000000001862212e+01
-1.7804149601463312e-09
4.3999999998196543e+01
8.7999999998155459e+01
1.3197800835433048e+02
1.7599999998795289e+02
2.1999998327156774e+02
2.6397797492505271e+02
3.0799999998804736e+02
3.5200001667373027e+02
3.9597804170230495e+02
4.3999653129391641e+02
3.9599999996340887e+02
3.5198146232723883e+02
3.0799999998841594e+02
2.6399654396036891e+02
2.1997107752065841e+02
1.7599999998827565e+02
1.3200693492152129e+02
8.7991865605834022e+01
4.3999999989476720e+01
-2.8938996216557805e-11
-4.4000000001782283e+01
-8.8000000001839055e+01
-1.3202200836549346e+02
-1.7600000001190756e+02
-2.1999998328844913e+02
-2.6402197491513942e+02
-3.0800000001196747e+02
-3.5200001676599010e+02
-3.9602204189738677e+02
-4.4006609214616344e+02
-3.9600000026320396e+02
-3.5195595025810655e+02
-3.0800000001195320e+02
-2.6400000001189932e+02
-2.2002199165554129e+02
-1.7600000001194616e+02
-1.3200001671842142e+02
-8.8000000001994678e+01
-4.4000000001943036e+01
-1.7607419386640307e-09
4.3999999998216609e+01
8.7999999998206576e+01
1.3197800835454390e+02
1.7599999998815071e+02
2.1999998327173319e+02
2.6397797492523432e+02
3.0799999998822017e+02
3.5200001667410868e+02
3.9597804170284167e+02
4.3999985831738331e+02
3.9599999995800272e+02
3.5197813331977750e+02
3.0799999998828025e+02
2.6399987494194238e+02
2.1997774146067175e+02
1.7599999998831723e+02
1.3200026702854441e+02
8.7999999998207358e+01
4.3999999998290477e+01
-1.7661360932386020e-09
-4.4000000001825626e+01
-8.8000000001869637e+01
-1.3202200836547530e+02
-1.7600000001190804e+02
-2.1999998328852513e+02
-2.6402197491519405e+02
-3.0800000001193030e+02
-3.5200001676590108e+02
-3.9602204189708993e+02
-4.4006609214603480e+02
-3.9600000027565824e+02
-3.5195595028323856e+02
-3.0800000001203699e+02
-2.6400000001205143e+02
-2.2002199165563516e+02
-1.7600000001204216e+02
-1.3200001671850751e+02
-8.8000000002170594e+01
-4.4000000002133724e+01
-2.1902993002279540e-09
4.3999999997971017e+01
8.7999999997781117e+01
1.3197800835402393e+02
1.7599999998777196e+02
2.1999998327136424e+02
2.6397797492474700e+02
3.0799999998780083e+02
3.5200001667358845e+02
3.9597804170208730e+02
4.3999999376739009e+02
3.9599999995609068e+02
3.5197799778504498e+02
3.0799999998764554e+02
2.6400001055636505e+02
2.1997801277124279e+02
1.7599999998761746e+02
1.3199999555438171e+02
8.7999999997609407e+01
4.3999999997627938e+01
-2.4311457056182377e-09
