0.0000000000000000e+00
4.4000000002331312e+01
8.8000000002138293e+01
1.3201320572442393e+02
1.7600000001958779e+02
2.1999998858827405e+02
2.6401318287029801e+02
3.0800068531334830e+02
3.5201536809242111e+02
3.9600055248752750e+02
4.4000001616593079e+02
3.9600000002230166e+02
3.5201317819140792e+02
3.0800000001949275e+02
2.6400002753077894e+02
2.2001324928518952e+02
1.7600000001971810e+02
1.3199995654615316e+02
8.8000000002201631e+01
4.4000000002235637e+01
2.2500932871361316e-09
4.3999999997769862e+01
8.7999999997758010e+01
1.3198680571528837e+02
1.7599999998035179e+02
2.1999998853191704e+02
2.6398678281005522e+02
3.0799999998023958e+02
3.5200001141902391e+02
3.9598922295291385e+02
4.3999604183693526e+02
3.9599999997276643e+02
3.5199075806330325e+02
3.0796830466117115e+02
2.6399999995098477e+02
2.2001851250407501e+02
1.7602383089524494e+02
1.3200000000042809e+02
8.7999999988395700e+01
4.3999999997636586e+01
2.3285703174788492e-09
4.4000000002359670e+01
8.8000000002330466e+01
1.3201320572471809e+02
1.7600000001982002e+02
2.1999998858839780e+02
2.6401318287039305e+02
3.0800000001980447e+02
3.5200001146063687e+02
3.9601322863291358e+02
4.4003966299013638e+02
3.9600000036127534e+02
3.5197356638416153e+02
3.0800000001979492e+02
2.6400000001975258e+02
2.2001319430219360e+02
1.7600000001977125e+02
1.3200001145080412e+02
8.8000000002405983e+01
4.4000000002359634e+01
2.3570088058132053e-09
4.3999999997614211e+01
8.7999999997592582e+01
1.3198680571513239e+02
1.7599999998018302e+02
2.1999998853177175e+02
2.6398678280986735e+02
3.0799999998012936e+02
3.5200001141905534e+02
3.9598682856650089e+02
4.3999888453899524e+02
3.9599999993773963e+02
3.5198791122532691e+02
3.0799999998330151e+02
2.6399889285577262e+02
2.1998457840118454e+02
1.7599999997550617e+02
1.3200223048563166e+02
8.7991258494936432e+01
4.3999999988617020e+01
4.6178499461265226e-10
4.4000000002140446e+01
8.8000000002182404e+01
1.3201320572465517e+02
1.7600000001971912e+02
2.1999998858814817e+02
2.6401318287008434e+02
3.0800000001964457e+02
3.5200001146058156e+02
3.9601322863301471e+02
4.4003966299034317e+02
3.9600000045785947e+02
3.5197356657711975e+02
3.0800000001962354e+02
2.6400000001954248e+02
2.2001319430188775e+02
1.7600000001954291e+02
1.3200001145062558e+02
8.8000000002170069e+01
4.4000000002126605e+01
2.1397328819432222e-09
4.3999999997899181e+01
8.7999999997873374e+01
1.3198680571542653e+02
1.7599999998046579e+02
2.1999998853203610e+02
2.6398678281011803e+02
3.0799999998047747e+02
3.5200001141942829e+02
3.9598682856702902e+02
4.3999995309195197e+02
3.9599999992794960e+02
3.5198684110751964e+02
3.0799999998042381e+02
2.6399996451379815e+02
2.1998672326772805e+02
1.7599999998018373e+02
1.3200008253338646e+02
8.7999999997791306e+01
4.3999999997739764e+01
2.2530401176844460e-09
4.4000000002271037e+01
8.8000000002255661e+01
1.3201320572466025e+02
1.7600000001967308e+02
2.1999998858817690e+02
2.6401318287011668e+02
3.0800000001963383e+02
3.5200001146056547e+02
3.9601322863294382e+02
4.4003966299022409e+02
3.9600000047942450e+02
3.5197356662030609e+02
3.0800000001962917e+02
2.6400000001959779e+02
2.2001319430193723e+02
1.7600000001952560e+02
1.3200001145057377e+02
8.8000000002157364e+01
4.4000000002125887e+01
2.1679315531811055e-09
4.3999999997868613e+01
8.7999999997822741e+01
1.3198680571540140e+02
1.7599999998046840e+02
2.1999998853205298e+02
2.6398678281017561e+02
3.0799999998036969e+02
3.5200001141922007e+02
3.9598682856667085e+02
4.3999999766047011e+02
3.9599999992580206e+02
3.5198679647169934e+02
3.0799999998037669e+02
2.6400000921270862e+02
2.1998681272862945e+02
1.7599999998039436e+02
1.3199999294654012e+02
8.7999999997838046e+01
4.3999999997810811e+01
2.1693787453465216e-09
