2.9999999999999983e+02
2.9999999999999983e+02
2.9999999999999983e+02
2.9999999999999983e+02
2.9999999999999983e+02
2.9999999999999983e+02
2.9999999999999983e+02
3.0640054825067881e+02
3.4129226706140287e+02
3.7465582178381851e+02
4.0773106679200293e+02
3.9680684812178413e+02
3.9680684812178413e+02
3.9680684812178413e+02
3.9680684812178413e+02
3.9680684812178413e+02
3.9680684812178413e+02
3.9680684812178413e+02
3.9680684812178413e+02
3.9680684812178413e+02
3.9680684812178413e+02
3.9680684812178413e+02
3.9680684812178413e+02
3.9680684812178413e+02
3.9680684812178413e+02
3.9680684812178413e+02
3.9680684812178413e+02
3.9680684812178413e+02
3.9680684812178413e+02
4.2196790748583027e+02
4.5591530962484546e+02
4.4585589287983873e+02
4.4585589287983873e+02
4.4585589287983873e+02
4.4585589287983873e+02
4.4585589287983873e+02
4.4585589287983873e+02
4.4585589287983873e+02
4.4585589287983873e+02
4.4585589287983873e+02
4.4585589287983873e+02
4.4585589287983873e+02
4.4585589287983873e+02
4.4585589287983873e+02
4.4585589287983873e+02
4.4585589287983873e+02
4.4585589287983873e+02
4.4585589287983873e+02
4.4585589287983873e+02
4.4585589287983873e+02
4.4585589287983873e+02
4.4585589287983873e+02
4.4585589287983873e+02
4.4585589287983873e+02
4.4585589287983873e+02
4.4585589287983873e+02
4.4585589287983873e+02
4.4585589287983873e+02
4.4585589287983873e+02
4.4585589287983873e+02
4.4585589287983873e+02
4.4585589287983873e+02
4.4585589287983873e+02
4.4585589287983873e+02
4.4585589287983873e+02
4.4585589287983873e+02
4.4585589287983873e+02
4.4585589287983873e+02
4.4585589287983873e+02
4.4585589287983873e+02
4.5390570043749216e+02
4.5189324854807887e+02
4.5189324854807887e+02
4.5189324854807887e+02
4.5189324854807887e+02
4.5189324854807887e+02
4.5189324854807887e+02
4.5189324854807887e+02
4.5189324854807887e+02
4.5189324854807887e+02
4.5189324854807887e+02
4.5189324854807887e+02
4.5189324854807887e+02
4.5189324854807887e+02
4.5189324854807887e+02
4.5189324854807887e+02
4.5189324854807887e+02
4.5189324854807887e+02
4.5189324854807887e+02
4.5189324854807887e+02
4.5189324854807887e+02
4.5189324854807887e+02
4.5189324854807887e+02
4.5189324854807887e+02
4.5189324854807887e+02
4.5189324854807887e+02
4.5189324854807887e+02
4.5189324854807887e+02
4.5189324854807887e+02
4.5189324854807887e+02
4.5189324854807887e+02
4.5189324854807887e+02
4.5189324854807887e+02
4.5189324854807887e+02
4.5189324854807887e+02
4.5189324854807887e+02
4.5189324854807887e+02
4.5189324854807887e+02
4.5189324854807887e+02
4.5189324854807887e+02
4.5350406490197440e+02
4.5310136081350061e+02
4.5310136081350061e+02
4.5310136081350061e+02
4.5310136081350061e+02
4.5310136081350061e+02
4.5310136081350061e+02
4.5310136081350061e+02
4.5310136081350061e+02
4.5310136081350061e+02
4.5310136081350061e+02
4.5310136081350061e+02
4.5310136081350061e+02
4.5310136081350061e+02
4.5310136081350061e+02
4.5310136081350061e+02
4.5310136081350061e+02
4.5310136081350061e+02
4.5310136081350061e+02
4.5310136081350061e+02
4.5310136081350061e+02
4.5310136081350061e+02
4.5310136081350061e+02
4.5310136081350061e+02
4.5310136081350061e+02
4.5310136081350061e+02
4.5310136081350061e+02
4.5310136081350061e+02
4.5310136081350061e+02
4.5310136081350061e+02
4.5310136081350061e+02
4.5310136081350061e+02
4.5310136081350061e+02
4.5310136081350061e+02
4.5310136081350061e+02
4.5310136081350061e+02
4.5310136081350061e+02
4.5310136081350061e+02
4.5310136081350061e+02
4.5310136081350061e+02
4.5342355973909423e+02
4.5334301000769580e+02
4.5334301000769580e+02
4.5334301000769580e+02
4.5334301000769580e+02
4.5334301000769580e+02
4.5334301000769580e+02
4.5334301000769580e+02
4.5334301000769580e+02
4.5334301000769580e+02
4.5334301000769580e+02
