0.0000000000000000e+00
0.0000000000000000e+00
0.0000000000000000e+00
0.0000000000000000e+00
0.0000000000000000e+00
0.0000000000000000e+00
0.0000000000000000e+00
-3.8096009386655338e-01
-2.7485201732613413e+00
-6.5347659399917513e+00
-1.1334411527559329e+01
-1.4763833683269841e+01
-1.7212315622745436e+01
-1.8961204478029497e+01
-2.0210397827893779e+01
-2.1102672086498490e+01
-2.1740007425634534e+01
-2.2195245211795772e+01
-2.2520414170953615e+01
-2.2752677260308324e+01
-2.2918579235991775e+01
-2.3037080529368239e+01
-2.3121724250244789e+01
-2.3182184020208961e+01
-2.3225369554538858e+01
-2.3256216356794233e+01
-2.3282526895125329e+01
-2.3297043044101898e+01
-2.3307223024146950e+01
-2.3315808828062352e+01
-2.3323808541437199e+01
-2.3331592783972425e+01
-2.3332090095835103e+01
-2.3332090095835103e+01
-2.3332272930065034e+01
-2.3334704689529882e+01
-2.3337963260605189e+01
-2.3341525807401819e+01
-2.3341525807401819e+01
-2.3341525807401819e+01
-2.3341525807401819e+01
-2.3342592894126234e+01
-2.3344121134223375e+01
-2.3345818916201971e+01
-2.3345818916201971e+01
-2.3345818916201971e+01
-2.3345818916201971e+01
-2.3345818916201971e+01
-2.3345818916201971e+01
-2.3345818916201971e+01
-2.3345818916201971e+01
-2.3345818916201971e+01
-2.3345818916201971e+01
-2.3345818916201971e+01
-2.3345818916201971e+01
-2.3345818916201971e+01
-2.3345818916201971e+01
-2.3345818916201971e+01
-2.3345818916201971e+01
-2.3345818916201971e+01
-2.3345818916201971e+01
-2.3345818916201971e+01
-2.3345818916201971e+01
-2.3345818916201971e+01
-2.3345818916201971e+01
-2.3345818916201971e+01
-2.3345818916201971e+01
-2.3345818916201971e+01
-2.3345818916201971e+01
-2.3345818916201971e+01
-2.3345818916201971e+01
-2.3345818916201971e+01
-2.3345818916201971e+01
-2.3345818916201971e+01
-2.3345818916201971e+01
-2.3345818916201971e+01
-2.3345818916201971e+01
-2.3345818916201971e+01
-2.3345818916201971e+01
-2.3345818916201971e+01
-2.3345818916201971e+01
-2.3345818916201971e+01
-2.3345818916201971e+01
-2.3345818916201971e+01
-2.3345818916201971e+01
-2.3345818916201971e+01
-2.3345818916201971e+01
-2.3345818916201971e+01
-2.3345818916201971e+01
-2.3345818916201971e+01
-2.3345818916201971e+01
-2.3345818916201971e+01
-2.3345818916201971e+01
-2.3345818916201971e+01
-2.3345818916201971e+01
-2.3345818916201971e+01
-2.3345818916201971e+01
-2.3345818916201971e+01
-2.3345818916201971e+01
-2.3345818916201971e+01
-2.3345818916201971e+01
-2.3345818916201971e+01
-2.3345818916201971e+01
-2.3345818916201971e+01
-2.3345818916201971e+01
-2.3345818916201971e+01
-2.3345818916201971e+01
-2.3345818916201971e+01
-2.3345818916201971e+01
-2.3345818916201971e+01
-2.3345818916201971e+01
-2.3345818916201971e+01
-2.3345818916201971e+01
-2.3345818916201971e+01
-2.3345818916201971e+01
-2.3345818916201971e+01
-2.3345818916201971e+01
-2.3345818916201971e+01
-2.3345818916201971e+01
-2.3345818916201971e+01
-2.3345818916201971e+01
-2.3345818916201971e+01
-2.3345818916201971e+01
-2.3345818916201971e+01
-2.3345818916201971e+01
-2.3345818916201971e+01
-2.3345818916201971e+01
-2.3345818916201971e+01
-2.3345818916201971e+01
-2.3345818916201971e+01
-2.3345818916201971e+01
-2.3345818916201971e+01
-2.3345818916201971e+01
-2.3345818916201971e+01
-2.3345818916201971e+01
-2.3345818916201971e+01
-2.3345818916201971e+01
-2.3345818916201971e+01
-2.3345818916201971e+01
-2.3345818916201971e+01
-2.3345818916201971e+01
-2.3345818916201971e+01
-2.3345818916201971e+01
-2.3345818916201971e+01
-2.3345818916201971e+01
-2.3345818916201971e+01
-2.3345818916201971e+01
-2.3345818916201971e+01
-2.3345818916201971e+01
-2.3345818916201971e+01
-2.3345818916201971e+01
-2.3345818916201971e+01
-2.3345818916201971e+01
-2.3345818916201971e+01
-2.3345818916201971e+01
-2.3345818916201971e+01
-2.3345818916201971e+01
-2.3345818916201971e+01
-2.3345818916201971e+01
-2.3345818916201971e+01
-2.3345818916201971e+01
