0.0000000000000000e+00
0.0000000000000000e+00
0.0000000000000000e+00
0.0000000000000000e+00
0.0000000000000000e+00
0.0000000000000000e+00
0.0000000000000000e+00
1.9048004693329113e-01
1.3742600866308043e+00
3.2673829699962429e+00
5.6672057637802506e+00
7.3819168416351921e+00
8.6061578113728903e+00
9.4806022390148481e+00
1.0105198913947035e+01
1.0551336043249270e+01
1.0870003712817319e+01
1.1097622605897882e+01
1.1260207085476733e+01
1.1376338630154084e+01
1.1459289617995836e+01
1.1518540264684084e+01
1.1560862125122343e+01
1.1591092010104417e+01
1.1612684777269362e+01
1.1628108178397067e+01
1.1641263447562615e+01
1.1648521522050899e+01
1.1653611512073429e+01
1.1657904414031128e+01
1.1661904270718541e+01
1.1665796391986150e+01
1.1666045047917498e+01
1.1666045047917487e+01
1.1666136465032444e+01
1.1667352344764897e+01
1.1668981630302556e+01
1.1670762903700862e+01
1.1670762903700867e+01
1.1670762903700847e+01
1.1670762903700863e+01
1.1671296447063078e+01
1.1672060567111640e+01
1.1672909458100936e+01
1.1672909458100929e+01
1.1672909458100957e+01
1.1672909458100987e+01
1.1672909458100987e+01
1.1672909458101007e+01
1.1672909458100998e+01
1.1672909458100976e+01
1.1672909458100960e+01
1.1672909458100941e+01
1.1672909458100943e+01
1.1672909458100955e+01
1.1672909458100941e+01
1.1672909458100957e+01
1.1672909458100962e+01
1.1672909458100953e+01
1.1672909458100946e+01
1.1672909458100937e+01
1.1672909458100932e+01
1.1672909458100929e+01
1.1672909458100918e+01
1.1672909458100907e+01
1.1672909458100907e+01
1.1672909458100932e+01
1.1672909458100934e+01
1.1672909458100939e+01
1.1672909458100957e+01
1.1672909458100976e+01
1.1672909458100978e+01
1.1672909458100984e+01
1.1672909458100982e+01
1.1672909458100985e+01
1.1672909458100973e+01
1.1672909458100957e+01
1.1672909458100950e+01
1.1672909458100960e+01
1.1672909458100936e+01
1.1672909458100913e+01
1.1672909458100911e+01
1.1672909458100944e+01
1.1672909458100927e+01
1.1672909458100923e+01
1.1672909458100934e+01
1.1672909458100937e+01
1.1672909458100939e+01
1.1672909458100952e+01
1.1672909458100941e+01
1.1672909458100936e+01
1.1672909458100952e+01
1.1672909458100923e+01
1.1672909458100934e+01
1.1672909458100921e+01
1.1672909458100941e+01
1.1672909458100939e+01
1.1672909458100927e+01
1.1672909458100932e+01
1.1672909458100918e+01
1.1672909458100920e+01
1.1672909458100930e+01
1.1672909458100939e+01
1.1672909458100937e+01
1.1672909458100939e+01
1.1672909458100941e+01
1.1672909458100937e+01
1.1672909458100952e+01
1.1672909458100930e+01
1.1672909458100971e+01
1.1672909458100971e+01
1.1672909458100962e+01
1.1672909458100950e+01
1.1672909458100932e+01
1.1672909458100921e+01
1.1672909458100937e+01
1.1672909458100939e+01
1.1672909458100929e+01
1.1672909458100937e+01
1.1672909458100955e+01
1.1672909458100941e+01
1.1672909458100930e+01
1.1672909458100939e+01
1.1672909458100957e+01
1.1672909458100955e+01
1.1672909458100964e+01
1.1672909458100950e+01
1.1672909458100936e+01
1.1672909458100929e+01
1.1672909458100939e+01
1.1672909458100975e+01
1.1672909458100971e+01
1.1672909458100971e+01
1.1672909458100964e+01
1.1672909458100953e+01
1.1672909458100936e+01
1.1672909458100923e+01
1.1672909458100929e+01
1.1672909458100936e+01
1.1672909458100943e+01
1.1672909458100943e+01
1.1672909458100932e+01
1.1672909458100943e+01
1.1672909458100943e+01
1.1672909458100943e+01
1.1672909458100934e+01
1.1672909458100952e+01
1.1672909458100941e+01
1.1672909458100971e+01
1.1672909458100978e+01
1.1672909458100969e+01
1.1672909458100982e+01
1.1672909458100992e+01
1.1672909458100978e+01
1.1672909458100969e+01
1.1672909458100969e+01
1.1672909458100957e+01
1.1672909458100936e+01
1.1672909458100936e+01
1.1672909458100948e+01
1.1672909458100955e+01
