0.0000000000000000e+00
0.0000000000000000e+00
0.0000000000000000e+00
0.0000000000000000e+00
0.0000000000000000e+00
0.0000000000000000e+00
0.0000000000000000e+00
1.9048004693326243e-01
1.3742600866305359e+00
3.2673829699955030e+00
5.6672057637790738e+00
7.3819168416346459e+00
8.6061578113725687e+00
9.4806022390146776e+00
1.0105198913946769e+01
1.0551336043249236e+01
1.0870003712817269e+01
1.1097622605897936e+01
1.1260207085476921e+01
1.1376338630154279e+01
1.1459289617995987e+01
1.1518540264684230e+01
1.1560862125122508e+01
1.1591092010104605e+01
1.1612684777269553e+01
1.1628108178397245e+01
1.1641263447562793e+01
1.1648521522051078e+01
1.1653611512073601e+01
1.1657904414031304e+01
1.1661904270718725e+01
1.1665796391986335e+01
1.1666045047917679e+01
1.1666045047917658e+01
1.1666136465032615e+01
1.1667352344765062e+01
1.1668981630302712e+01
1.1670762903701020e+01
1.1670762903701013e+01
1.1670762903701009e+01
1.1670762903701032e+01
1.1671296447063249e+01
1.1672060567111828e+01
1.1672909458101120e+01
1.1672909458101115e+01
1.1672909458101133e+01
1.1672909458101163e+01
1.1672909458101167e+01
1.1672909458101181e+01
1.1672909458101174e+01
1.1672909458101149e+01
1.1672909458101136e+01
1.1672909458101117e+01
1.1672909458101117e+01
1.1672909458101127e+01
1.1672909458101113e+01
1.1672909458101135e+01
1.1672909458101131e+01
1.1672909458101120e+01
1.1672909458101110e+01
1.1672909458101103e+01
1.1672909458101101e+01
1.1672909458101106e+01
1.1672909458101097e+01
1.1672909458101088e+01
1.1672909458101092e+01
1.1672909458101106e+01
1.1672909458101108e+01
1.1672909458101126e+01
1.1672909458101149e+01
1.1672909458101167e+01
1.1672909458101167e+01
1.1672909458101170e+01
1.1672909458101170e+01
1.1672909458101184e+01
1.1672909458101174e+01
1.1672909458101161e+01
1.1672909458101151e+01
1.1672909458101159e+01
1.1672909458101129e+01
1.1672909458101111e+01
1.1672909458101111e+01
1.1672909458101142e+01
1.1672909458101126e+01
1.1672909458101119e+01
1.1672909458101135e+01
1.1672909458101131e+01
1.1672909458101131e+01
1.1672909458101145e+01
1.1672909458101142e+01
1.1672909458101136e+01
1.1672909458101159e+01
1.1672909458101124e+01
1.1672909458101135e+01
1.1672909458101127e+01
1.1672909458101142e+01
1.1672909458101133e+01
1.1672909458101127e+01
1.1672909458101126e+01
1.1672909458101115e+01
1.1672909458101120e+01
1.1672909458101120e+01
1.1672909458101126e+01
1.1672909458101124e+01
1.1672909458101140e+01
1.1672909458101136e+01
1.1672909458101133e+01
1.1672909458101161e+01
1.1672909458101140e+01
1.1672909458101177e+01
1.1672909458101174e+01
1.1672909458101170e+01
1.1672909458101163e+01
1.1672909458101145e+01
1.1672909458101147e+01
1.1672909458101168e+01
1.1672909458101170e+01
1.1672909458101167e+01
1.1672909458101175e+01
1.1672909458101183e+01
1.1672909458101175e+01
1.1672909458101159e+01
1.1672909458101154e+01
1.1672909458101179e+01
1.1672909458101170e+01
1.1672909458101170e+01
1.1672909458101156e+01
1.1672909458101142e+01
1.1672909458101138e+01
1.1672909458101143e+01
1.1672909458101161e+01
1.1672909458101161e+01
1.1672909458101161e+01
1.1672909458101159e+01
1.1672909458101152e+01
1.1672909458101131e+01
1.1672909458101120e+01
1.1672909458101120e+01
1.1672909458101131e+01
1.1672909458101145e+01
1.1672909458101152e+01
1.1672909458101140e+01
1.1672909458101156e+01
1.1672909458101159e+01
1.1672909458101154e+01
1.1672909458101149e+01
1.1672909458101172e+01
1.1672909458101151e+01
1.1672909458101170e+01
1.1672909458101188e+01
1.1672909458101179e+01
1.1672909458101191e+01
1.1672909458101199e+01
1.1672909458101186e+01
1.1672909458101179e+01
1.1672909458101161e+01
1.1672909458101152e+01
1.1672909458101127e+01
1.1672909458101127e+01
1.1672909458101143e+01
1.1672909458101147e+01
