0.0000000000000000e+00
-4.0000000002097868e-04
-8.0000000001612494e-04
-1.2001600640391729e-03
-1.6000000001420945e-03
-1.9999998721693217e-03
-2.4001598081227035e-03
-2.8571463815496396e-03
-3.6123436226872946e-03
-4.5802481044857546e-03
-5.7001785629554533e-03
-6.2148553399521732e-03
-6.5818635417152554e-03
-6.8441887909405138e-03
-7.0315638346994105e-03
-7.1654029343356327e-03
-7.2610021956702030e-03
-7.3292873335391341e-03
-7.3780624070920991e-03
-7.4129017326190795e-03
-7.4377869586412949e-03
-7.4555621167711177e-03
-7.4682586565999725e-03
-7.4773276127574765e-03
-7.4838054381427951e-03
-7.4884324560509181e-03
-7.4930594953682896e-03
-7.4945564638553520e-03
-7.4960534345836433e-03
-7.4975504075526491e-03
-7.4990473827625716e-03
-7.5005443602132460e-03
-7.4998135180429550e-03
-7.4990826764078193e-03
-7.4998135169392112e-03
-7.5005443580064366e-03
-7.5012751996067009e-03
-7.5020060417414049e-03
-7.5008777688921353e-03
-7.5012288737382809e-03
-7.5015799787075685e-03
-7.5019310838000753e-03
-7.5022821890160848e-03
-7.5026332943555945e-03
-7.5013377440134189e-03
-7.5018728414528116e-03
-7.5024079391789638e-03
-7.5013377438657202e-03
-7.5018728405244501e-03
-7.5024079374702230e-03
-7.5013377438662293e-03
-7.5018728405245420e-03
-7.5024079374696202e-03
-7.5013377438663976e-03
-7.5018728405252507e-03
-7.5024079374705161e-03
-7.5013377438666057e-03
-7.5018728405257754e-03
-7.5024079374705534e-03
-7.5013377438668555e-03
-7.5018728405258101e-03
-7.5024079374704355e-03
-7.5013377438669345e-03
-7.5018728405260807e-03
-7.5024079374705083e-03
-7.5013377438668226e-03
-7.5018728405263080e-03
-7.5024079374717547e-03
-7.5013377438680161e-03
-7.5018728405262664e-03
-7.5024079374707286e-03
-7.5013377438668764e-03
-7.5018728405251501e-03
-7.5024079374698995e-03
-7.5013377438663958e-03
-7.5018728405249167e-03
-7.5024079374698760e-03
-7.5013377438668347e-03
-7.5018728405256462e-03
-7.5024079374706280e-03
-7.5013377438670117e-03
-7.5018728405263808e-03
-7.5024079374714754e-03
-7.5013377438674844e-03
-7.5018728405257338e-03
-7.5024079374704251e-03
-7.5013377438666474e-03
-7.5018728405251223e-03
-7.5024079374697190e-03
-7.5013377438660732e-03
-7.5018728405246166e-03
-7.5024079374697763e-03
-7.5013377438662666e-03
-7.5018728405248300e-03
-7.5024079374699359e-03
-7.5013377438668451e-03
-7.5018728405253053e-03
-7.5024079374704277e-03
-7.5013377438668235e-03
-7.5018728405254944e-03
-7.5024079374705760e-03
-7.5013377438663481e-03
-7.5018728405247580e-03
-7.5024079374697008e-03
-7.5013377438664748e-03
-7.5018728405254701e-03
-7.5024079374700070e-03
-7.5013377438663369e-03
-7.5018728405250850e-03
-7.5024079374707694e-03
-7.5013377438662727e-03
-7.5018728405247224e-03
-7.5024079374687641e-03
-7.5013377438651815e-03
-7.5018728405243599e-03
-7.5024079374689818e-03
-7.5013377438653637e-03
-7.5018728405238880e-03
-7.5024079374689133e-03
-7.5013377438656881e-03
-7.5018728405244987e-03
-7.5024079374696930e-03
-7.5013377438662970e-03
-7.5018728405243044e-03
-7.5024079374692177e-03
-7.5013377438656725e-03
-7.5018728405242333e-03
-7.5024079374690590e-03
-7.5013377438651850e-03
-7.5018728405234630e-03
-7.5024079374681604e-03
-7.5013377438651685e-03
-7.5018728405235689e-03
-7.5024079374682202e-03
-7.5013377438647930e-03
-7.5018728405231924e-03
-7.5024079374680650e-03
-7.5013377438648901e-03
-7.5018728405229513e-03
-7.5024079374681066e-03
-7.5013377438645943e-03
-7.5018728405227240e-03
-7.5024079374675810e-03
-7.5013377438640306e-03
-7.5018728405230987e-03
-7.5024079374684874e-03
-7.5013377438643289e-03
-7.5018728405235428e-03
-7.5024079374683876e-03
-7.5013377438656551e-03
-7.5018728405245490e-03
-7.5024079374701302e-03
-7.5013377438661174e-03
-7.5018728405251388e-03
-7.5024079374700200e-03
-7.5013377438664505e-03
-7.5018728405255577e-03
-7.5024079374709854e-03
-7.5013377438677793e-03
-7.5018728405269637e-03
-7.5024079374721581e-03
