0.0000000000000000e+00
1.0000000000568904e-04
2.0000000000893988e-04
2.9999000101229645e-04
4.0000000008175190e-04
4.9999999815219468e-04
5.9998999722285398e-04
7.2857148015210418e-04
1.0061248052793859e-03
1.3901001654319342e-03
1.8500771327781430e-03
2.1072837664568643e-03
2.2909202328183480e-03
2.4220885768142177e-03
2.5157789403874773e-03
2.5826999487403635e-03
2.6305003232888926e-03
2.6646432716507648e-03
2.6890310019748922e-03
2.7064507634747487e-03
2.7188934268572058e-03
2.7277810316194829e-03
2.7341293146437916e-03
2.7386637994109720e-03
2.7419027155167666e-03
2.7442162262119154e-03
2.7465297315546165e-03
2.7472782267414591e-03
2.7480267213676451e-03
2.7487752154330960e-03
2.7495237089389364e-03
2.7502722018839278e-03
2.7499067563951278e-03
2.7495413107717099e-03
2.7499067570293111e-03
2.7502722031520215e-03
2.7506376491419626e-03
2.7510030949979315e-03
2.7504388826183526e-03
2.7506144353941896e-03
2.7507899881385744e-03
2.7509655408526111e-03
2.7511410935353313e-03
2.7513166461873486e-03
2.7506688705729635e-03
2.7509364184664254e-03
2.7512039662876855e-03
2.7506688705699668e-03
2.7509364185237992e-03
2.7512039664068116e-03
2.7506688705696523e-03
2.7509364185237042e-03
2.7512039664058380e-03
2.7506688705684198e-03
2.7509364185226452e-03
2.7512039664055066e-03
2.7506688705691111e-03
2.7509364185232172e-03
2.7512039664055509e-03
2.7506688705691063e-03
2.7509364185240122e-03
2.7512039664069178e-03
2.7506688705697976e-03
2.7509364185237771e-03
2.7512039664066004e-03
2.7506688705695261e-03
2.7509364185235277e-03
2.7512039664073077e-03
2.7506688705690521e-03
2.7509364185237819e-03
2.7512039664069694e-03
2.7506688705700114e-03
2.7509364185243595e-03
2.7512039664065952e-03
2.7506688705698700e-03
2.7509364185242559e-03
2.7512039664060340e-03
2.7506688705695543e-03
2.7509364185237472e-03
2.7512039664064117e-03
2.7506688705702469e-03
2.7509364185243274e-03
2.7512039664066763e-03
2.7506688705704867e-03
2.7509364185247039e-03
2.7512039664076347e-03
2.7506688705712943e-03
2.7509364185251627e-03
2.7512039664074868e-03
2.7506688705718312e-03
2.7509364185257052e-03
2.7512039664079118e-03
2.7506688705711754e-03
2.7509364185262846e-03
2.7512039664089193e-03
2.7506688705714968e-03
2.7509364185258796e-03
2.7512039664081872e-03
2.7506688705721000e-03
2.7509364185260392e-03
2.7512039664083377e-03
2.7506688705723646e-03
2.7509364185267756e-03
2.7512039664094289e-03
2.7506688705718992e-03
2.7509364185259104e-03
2.7512039664086239e-03
2.7506688705723490e-03
2.7509364185261567e-03
2.7512039664080072e-03
2.7506688705719162e-03
2.7509364185260257e-03
2.7512039664088035e-03
2.7506688705725923e-03
2.7509364185261016e-03
2.7512039664093248e-03
2.7506688705726022e-03
2.7509364185268406e-03
2.7512039664093733e-03
2.7506688705723269e-03
2.7509364185264820e-03
2.7512039664087089e-03
2.7506688705712140e-03
2.7509364185258995e-03
2.7512039664081751e-03
2.7506688705719769e-03
2.7509364185265661e-03
2.7512039664094020e-03
2.7506688705720515e-03
2.7509364185262218e-03
2.7512039664087003e-03
2.7506688705721703e-03
2.7509364185261806e-03
2.7512039664091192e-03
2.7506688705731096e-03
2.7509364185270670e-03
2.7512039664090008e-03
2.7506688705727345e-03
2.7509364185269399e-03
2.7512039664089683e-03
2.7506688705725511e-03
2.7509364185271234e-03
2.7512039664095121e-03
2.7506688705726773e-03
2.7509364185265739e-03
2.7512039664089639e-03
2.7506688705718619e-03
2.7509364185256341e-03
2.7512039664078620e-03
2.7506688705711164e-03
2.7509364185254997e-03
2.7512039664079804e-03
2.7506688705714790e-03
2.7509364185255717e-03
2.7512039664084002e-03
2.7506688705712687e-03
2.7509364185253158e-03
2.7512039664078208e-03
2.7506688705704213e-03
2.7509364185248561e-03
2.7512039664067543e-03
