0.0000000000000000e+00
1.0000000000565927e-04
2.0000000000928119e-04
2.9999000101309345e-04
4.0000000008233764e-04
4.9999999815223306e-04
5.9998999722191127e-04
7.2857148015183476e-04
1.0061248052789487e-03
1.3901001654313386e-03
1.8500771327775503e-03
2.1072837664571644e-03
2.2909202328182652e-03
2.4220885768141058e-03
2.5157789403868246e-03
2.5826999487408315e-03
2.6305003232885084e-03
2.6646432716513160e-03
2.6890310019759859e-03
2.7064507634747791e-03
2.7188934268565753e-03
2.7277810316191625e-03
2.7341293146443944e-03
2.7386637994122830e-03
2.7419027155173746e-03
2.7442162262117827e-03
2.7465297315544912e-03
2.7472782267408042e-03
2.7480267213669481e-03
2.7487752154333918e-03
2.7495237089389937e-03
2.7502722018838371e-03
2.7499067563947271e-03
2.7495413107715321e-03
2.7499067570283691e-03
2.7502722031510891e-03
2.7506376491403806e-03
2.7510030949961057e-03
2.7504388826173221e-03
2.7506144353928348e-03
2.7507899881379265e-03
2.7509655408513903e-03
2.7511410935344462e-03
2.7513166461864899e-03
2.7506688705716559e-03
2.7509364184659570e-03
2.7512039662879210e-03
2.7506688705693709e-03
2.7509364185238231e-03
2.7512039664057105e-03
2.7506688705686046e-03
2.7509364185226304e-03
2.7512039664046909e-03
2.7506688705673517e-03
2.7509364185218793e-03
2.7512039664038860e-03
2.7506688705669245e-03
2.7509364185209590e-03
2.7512039664042325e-03
2.7506688705676292e-03
2.7509364185214790e-03
2.7512039664038118e-03
2.7506688705679853e-03
2.7509364185215341e-03
2.7512039664044493e-03
2.7506688705679024e-03
2.7509364185215966e-03
2.7512039664034128e-03
2.7506688705675442e-03
2.7509364185213012e-03
2.7512039664039679e-03
2.7506688705670320e-03
2.7509364185221031e-03
2.7512039664046805e-03
2.7506688705678790e-03
2.7509364185214829e-03
2.7512039664033838e-03
2.7506688705673603e-03
2.7509364185216885e-03
2.7512039664045946e-03
2.7506688705679636e-03
2.7509364185215410e-03
2.7512039664040954e-03
2.7506688705677147e-03
2.7509364185215480e-03
2.7512039664041158e-03
2.7506688705677832e-03
2.7509364185225853e-03
2.7512039664054008e-03
2.7506688705677472e-03
2.7509364185226122e-03
2.7512039664056185e-03
2.7506688705682845e-03
2.7509364185227072e-03
2.7512039664041588e-03
2.7506688705681414e-03
2.7509364185223303e-03
2.7512039664048041e-03
2.7506688705677095e-03
2.7509364185220159e-03
2.7512039664048869e-03
2.7506688705687659e-03
2.7509364185226140e-03
2.7512039664056714e-03
2.7506688705688179e-03
2.7509364185227120e-03
2.7512039664056376e-03
2.7506688705686883e-03
2.7509364185225897e-03
2.7512039664048665e-03
2.7506688705684155e-03
2.7509364185224934e-03
2.7512039664045131e-03
2.7506688705680156e-03
2.7509364185225060e-03
2.7512039664058293e-03
2.7506688705689637e-03
2.7509364185235416e-03
2.7512039664062222e-03
2.7506688705686293e-03
2.7509364185226083e-03
2.7512039664055496e-03
2.7506688705683990e-03
2.7509364185223486e-03
2.7512039664048553e-03
2.7506688705689558e-03
2.7509364185227931e-03
2.7512039664056302e-03
2.7506688705690387e-03
2.7509364185234484e-03
2.7512039664064182e-03
2.7506688705694993e-03
2.7509364185235407e-03
2.7512039664064538e-03
2.7506688705704161e-03
2.7509364185245148e-03
2.7512039664075805e-03
2.7506688705712669e-03
2.7509364185256441e-03
2.7512039664082124e-03
2.7506688705711815e-03
2.7509364185256545e-03
2.7512039664082072e-03
2.7506688705714729e-03
2.7509364185256029e-03
2.7512039664078351e-03
2.7506688705714218e-03
2.7509364185255144e-03
2.7512039664080584e-03
2.7506688705708129e-03
2.7509364185247355e-03
2.7512039664074651e-03
2.7506688705702014e-03
2.7509364185242169e-03
2.7512039664067483e-03
2.7506688705696402e-03
2.7509364185233395e-03
2.7512039664055188e-03
2.7506688705685317e-03
2.7509364185226044e-03
2.7512039664052499e-03
