0.0000000000000000e+00
0.0000000000000000e+00
0.0000000000000000e+00
0.0000000000000000e+00
0.0000000000000000e+00
0.0000000000000000e+00
0.0000000000000000e+00
5.7144014079983030e-05
4.1227802598920121e-04
9.8021489099876314e-04
1.7001617291339008e-03
2.2145750524904767e-03
2.5818473434118167e-03
2.8441806717044260e-03
3.0315596741840676e-03
3.1654008129747757e-03
3.2610011138451819e-03
3.3292867817693653e-03
3.3780621256430414e-03
3.4129015890462513e-03
3.4377868853987682e-03
3.4555620794052382e-03
3.4682586375367188e-03
3.4773276030313494e-03
3.4838054331808341e-03
3.4884324535191377e-03
3.4923790342688025e-03
3.4945564566152875e-03
3.4960834536220467e-03
3.4973713242093555e-03
3.4985712812155819e-03
3.4997389175958670e-03
3.4998135143752699e-03
3.4998135143752699e-03
3.4998409395097601e-03
3.5002057034294889e-03
3.5006944890907856e-03
3.5012288711102819e-03
3.5012288711102819e-03
3.5012288711102819e-03
3.5012288711102819e-03
3.5013889341189443e-03
3.5016181701335147e-03
3.5018728374303053e-03
3.5018728374303053e-03
3.5018728374303053e-03
3.5018728374303053e-03
3.5018728374303053e-03
3.5018728374303053e-03
3.5018728374303053e-03
3.5018728374303053e-03
3.5018728374303053e-03
3.5018728374303053e-03
3.5018728374303053e-03
3.5018728374303053e-03
3.5018728374303053e-03
3.5018728374303053e-03
3.5018728374303053e-03
3.5018728374303053e-03
3.5018728374303053e-03
3.5018728374303053e-03
3.5018728374303053e-03
3.5018728374303053e-03
3.5018728374303053e-03
3.5018728374303053e-03
3.5018728374303053e-03
3.5018728374303053e-03
3.5018728374303053e-03
3.5018728374303053e-03
3.5018728374303053e-03
3.5018728374303053e-03
3.5018728374303053e-03
3.5018728374303053e-03
3.5018728374303053e-03
3.5018728374303053e-03
3.5018728374303053e-03
3.5018728374303053e-03
3.5018728374303053e-03
3.5018728374303053e-03
3.5018728374303053e-03
3.5018728374303053e-03
3.5018728374303053e-03
3.5018728374303053e-03
3.5018728374303053e-03
3.5018728374303053e-03
3.5018728374303053e-03
3.5018728374303053e-03
3.5018728374303053e-03
3.5018728374303053e-03
3.5018728374303053e-03
3.5018728374303053e-03
3.5018728374303053e-03
3.5018728374303053e-03
3.5018728374303053e-03
3.5018728374303053e-03
3.5018728374303053e-03
3.5018728374303053e-03
3.5018728374303053e-03
3.5018728374303053e-03
3.5018728374303053e-03
3.5018728374303053e-03
3.5018728374303053e-03
3.5018728374303053e-03
3.5018728374303053e-03
3.5018728374303053e-03
3.5018728374303053e-03
3.5018728374303053e-03
3.5018728374303053e-03
3.5018728374303053e-03
3.5018728374303053e-03
3.5018728374303053e-03
3.5018728374303053e-03
3.5018728374303053e-03
3.5018728374303053e-03
3.5018728374303053e-03
3.5018728374303053e-03
3.5018728374303053e-03
3.5018728374303053e-03
3.5018728374303053e-03
3.5018728374303053e-03
3.5018728374303053e-03
3.5018728374303053e-03
3.5018728374303053e-03
3.5018728374303053e-03
3.5018728374303053e-03
3.5018728374303053e-03
3.5018728374303053e-03
3.5018728374303053e-03
3.5018728374303053e-03
3.5018728374303053e-03
3.5018728374303053e-03
3.5018728374303053e-03
3.5018728374303053e-03
3.5018728374303053e-03
3.5018728374303053e-03
3.5018728374303053e-03
3.5018728374303053e-03
3.5018728374303053e-03
3.5018728374303053e-03
3.5018728374303053e-03
3.5018728374303053e-03
3.5018728374303053e-03
3.5018728374303053e-03
3.5018728374303053e-03
3.5018728374303053e-03
3.5018728374303053e-03
3.5018728374303053e-03
3.5018728374303053e-03
3.5018728374303053e-03
3.5018728374303053e-03
3.5018728374303053e-03
3.5018728374303053e-03
3.5018728374303053e-03
3.5018728374303053e-03
3.5018728374303053e-03
3.5018728374303053e-03
3.5018728374303053e-03
3.5018728374303053e-03
3.5018728374303053e-03
3.5018728374303053e-03
3.5018728374303053e-03
