0.0000000000000000e+00
-4.4000000002269850e+01
-8.8000000001335735e+01
-1.3202200836403799e+02
-1.7600000001151182e+02
-2.1999998328894972e+02
-2.6402197491662872e+02
-3.0800035887213227e+02
-3.5200990904310163e+02
-3.9600502482622312e+02
-4.4000255046186385e+02
-4.4003732880629883e+02
-4.4000244079814860e+02
-4.4000122653450262e+02
-4.4000062809805377e+02
-4.4000032030134406e+02
-4.4000016336068080e+02
-4.4000008332616255e+02
-4.4000004250573892e+02
-4.4000002168385953e+02
-4.4000001106214586e+02
-4.4000000564363063e+02
-4.4000000287928270e+02
-4.4000000146901300e+02
-4.4000000074942858e+02
-4.4000000038238193e+02
-4.4005988199614126e+02
-4.4000000109353380e+02
-4.3999735796599339e+02
-4.4001575830843245e+02
-4.4004189539108438e+02
-4.4007087703394518e+02
-4.4000000055391126e+02
-4.3993568867291623e+02
-4.3999758694061097e+02
-4.4002979947774787e+02
-4.4005109818371892e+02
-4.4006838449247374e+02
-4.3996910316573070e+02
-4.4000000036116342e+02
-4.4003089757558882e+02
-4.4004770926421702e+02
-4.4005843374734508e+02
-4.4006692029667022e+02
-4.3995291190557680e+02
-4.4000000055293521e+02
-4.4004708924449329e+02
-4.3995291188633189e+02
-4.4000000042532622e+02
-4.4004708900851529e+02
-4.3995291188644592e+02
-4.4000000042539489e+02
-4.4004708900852461e+02
-4.3995291188657473e+02
-4.4000000042556462e+02
-4.4004708900868917e+02
-4.3995291188658564e+02
-4.4000000042564307e+02
-4.4004708900866990e+02
-4.3995291188659996e+02
-4.4000000042560265e+02
-4.4004708900862727e+02
-4.3995291188657285e+02
-4.4000000042565529e+02
-4.4004708900863147e+02
-4.3995291188657222e+02
-4.4000000042569081e+02
-4.4004708900880655e+02
-4.3995291188676902e+02
-4.4000000042569172e+02
-4.4004708900866643e+02
-4.3995291188661093e+02
-4.4000000042549550e+02
-4.4004708900855525e+02
-4.3995291188652379e+02
-4.4000000042550380e+02
-4.4004708900863983e+02
-4.3995291188661815e+02
-4.4000000042561254e+02
-4.4004708900866723e+02
-4.3995291188658109e+02
-4.4000000042568604e+02
-4.4004708900878711e+02
-4.3995291188663998e+02
-4.4000000042558247e+02
-4.4004708900860408e+02
-4.3995291188649696e+02
-4.4000000042544082e+02
-4.4004708900846515e+02
-4.3995291188640937e+02
-4.4000000042535873e+02
-4.4004708900845475e+02
-4.3995291188643870e+02
-4.4000000042535601e+02
-4.4004708900849459e+02
-4.3995291188652294e+02
-4.4000000042546981e+02
-4.4004708900857958e+02
-4.3995291188651652e+02
-4.4000000042550488e+02
-4.4004708900859214e+02
-4.3995291188640346e+02
-4.4000000042535692e+02
-4.4004708900840194e+02
-4.3995291188645405e+02
-4.4000000042550005e+02
-4.4004708900849334e+02
-4.3995291188642670e+02
-4.4000000042544889e+02
-4.4004708900866035e+02
-4.3995291188646439e+02
-4.4000000042542581e+02
-4.4004708900839461e+02
-4.3995291188630807e+02
-4.4000000042537266e+02
-4.4004708900833975e+02
-4.3995291188628335e+02
-4.4000000042522669e+02
-4.4004708900830462e+02
-4.3995291188635616e+02
-4.4000000042536658e+02
-4.4004708900846896e+02
-4.3995291188649935e+02
-4.4000000042538386e+02
-4.4004708900846629e+02
-4.3995291188636497e+02
-4.4000000042533060e+02
-4.4004708900836272e+02
-4.3995291188629409e+02
-4.4000000042521685e+02
-4.4004708900824107e+02
-4.3995291188628920e+02
-4.4000000042525073e+02
-4.4004708900825153e+02
-4.3995291188617591e+02
-4.4000000042513784e+02
-4.4004708900820498e+02
-4.3995291188617443e+02
-4.4000000042506792e+02
-4.4004708900819043e+02
-4.3995291188615431e+02
-4.4000000042503734e+02
-4.4004708900810556e+02
-4.3995291188606319e+02
-4.4000000042511283e+02
-4.4004708900826347e+02
-4.3995291188615522e+02
-4.4000000042523129e+02
-4.4004708900830519e+02
-4.3995291188639635e+02
-4.4000000042541069e+02
-4.4004708900856144e+02
-4.3995291188646132e+02
-4.4000000042550113e+02
-4.4004708900855439e+02
-4.3995291188654573e+02
-4.4000000042561277e+02
-4.4004708900877120e+02
-4.3995291188682216e+02
-4.4000000042586612e+02
-4.4004708900900016e+02
