2.9999999999999983e+02
2.9999999999999983e+02
2.9999999999999983e+02
2.9999999999999983e+02
2.9999999999999983e+02
2.9999999999999983e+02
2.9999999999999983e+02
3.0742872183039759e+02
3.4788174197059755e+02
3.8620013323091848e+02
4.2299953568753051e+02
4.1787858391037184e+02
4.1418264939448812e+02
4.1155875298039336e+02
4.0968469047348611e+02
4.0834613826831355e+02
4.0739006350239583e+02
4.0670717024549901e+02
4.0621939815665854e+02
4.0587099401170832e+02
4.0562213619721450e+02
4.0544438178280427e+02
4.0531741493924943e+02
4.0522672464040318e+02
4.0516194601037307e+02
4.0511567563940463e+02
4.0516602910303016e+02
4.0505443593310679e+02
4.0503520330933702e+02
4.0504992678501168e+02
4.0507713413709007e+02
4.0510893116590410e+02
4.0500186510919815e+02
4.0499440543125758e+02
4.0499797069874165e+02
4.0504264749485725e+02
4.0506971323885307e+02
4.0509030433525737e+02
4.0503686613330825e+02
4.0503686613330825e+02
4.0503686613330825e+02
4.0505767432443434e+02
4.0507146870546194e+02
4.0508165185258821e+02
4.0505618512290874e+02
4.0505618512290874e+02
4.0505618512290874e+02
4.0505618512290874e+02
4.0505618512290874e+02
4.0505618512290874e+02
4.0505618512290874e+02
4.0505618512290874e+02
4.0505618512290874e+02
4.0505618512290874e+02
4.0505618512290874e+02
4.0505618512290874e+02
4.0505618512290874e+02
4.0505618512290874e+02
4.0505618512290874e+02
4.0505618512290874e+02
4.0505618512290874e+02
4.0505618512290874e+02
4.0505618512290874e+02
4.0505618512290874e+02
4.0505618512290874e+02
4.0505618512290874e+02
4.0505618512290874e+02
4.0505618512290874e+02
4.0505618512290874e+02
4.0505618512290874e+02
4.0505618512290874e+02
4.0505618512290874e+02
4.0505618512290874e+02
4.0505618512290874e+02
4.0505618512290874e+02
4.0505618512290874e+02
4.0505618512290874e+02
4.0505618512290874e+02
4.0505618512290874e+02
4.0505618512290874e+02
4.0505618512290874e+02
4.0505618512290874e+02
4.0505618512290874e+02
4.0505618512290874e+02
4.0505618512290874e+02
4.0505618512290874e+02
4.0505618512290874e+02
4.0505618512290874e+02
4.0505618512290874e+02
4.0505618512290874e+02
4.0505618512290874e+02
4.0505618512290874e+02
4.0505618512290874e+02
4.0505618512290874e+02
4.0505618512290874e+02
4.0505618512290874e+02
4.0505618512290874e+02
4.0505618512290874e+02
4.0505618512290874e+02
4.0505618512290874e+02
4.0505618512290874e+02
4.0505618512290874e+02
4.0505618512290874e+02
4.0505618512290874e+02
4.0505618512290874e+02
4.0505618512290874e+02
4.0505618512290874e+02
4.0505618512290874e+02
4.0505618512290874e+02
4.0505618512290874e+02
4.0505618512290874e+02
4.0505618512290874e+02
4.0505618512290874e+02
4.0505618512290874e+02
4.0505618512290874e+02
4.0505618512290874e+02
4.0505618512290874e+02
4.0505618512290874e+02
4.0505618512290874e+02
4.0505618512290874e+02
4.0505618512290874e+02
4.0505618512290874e+02
4.0505618512290874e+02
4.0505618512290874e+02
4.0505618512290874e+02
4.0505618512290874e+02
4.0505618512290874e+02
4.0505618512290874e+02
4.0505618512290874e+02
4.0505618512290874e+02
4.0505618512290874e+02
4.0505618512290874e+02
4.0505618512290874e+02
4.0505618512290874e+02
4.0505618512290874e+02
4.0505618512290874e+02
4.0505618512290874e+02
4.0505618512290874e+02
4.0505618512290874e+02
4.0505618512290874e+02
4.0505618512290874e+02
4.0505618512290874e+02
4.0505618512290874e+02
4.0505618512290874e+02
4.0505618512290874e+02
4.0505618512290874e+02
4.0505618512290874e+02
4.0505618512290874e+02
4.0505618512290874e+02
4.0505618512290874e+02
4.0505618512290874e+02
4.0505618512290874e+02
4.0505618512290874e+02
4.0505618512290874e+02
4.0505618512290874e+02
4.0505618512290874e+02
4.0505618512290874e+02
4.0505618512290874e+02
4.0505618512290874e+02
4.0505618512290874e+02
4.0505618512290874e+02
