0.0000000000000000e+00
7.6904062990227029e-11
8.8388450175422823e-10
-8.8026394877570094e-03
8.2046344427899974e-09
5.2993381505851388e-06
-8.7920462209292033e-03
-1.9690092725456316e-04
-5.3868126002259830e-03
-2.7426853004761647e-03
-1.3974829806146310e-03
-1.2994371047781403e-02
-1.3179695547082093e-03
-6.6683707721958791e-04
-3.4088271620732135e-04
-1.7390331918935520e-04
-8.8719827948978219e-05
-4.5263001280675873e-05
-2.3092704094367450e-05
-1.1781686440983151e-05
-6.0109154152007113e-06
-3.0667654952095558e-06
-1.5646994661633672e-06
-7.9833723459642789e-07
-4.0727297843954490e-07
-2.0778484447233328e-07
2.9937449575405325e-02
-5.9425470967631430e-07
-1.3201204085720114e-03
7.8817186587695608e-03
2.0951558162982910e-02
3.5443307914386421e-02
-3.0093744345736109e-07
-3.2161698713746190e-02
-1.2068467427121718e-03
1.4905051424052303e-02
2.5559946086941194e-02
3.4208553942832509e-02
-1.5448819455267644e-02
-1.4414310352996861e-07
1.5448520247780810e-02
2.3854401463701061e-02
2.9216659501378819e-02
3.3459930269298083e-02
-2.3544362814653223e-02
-2.2088245104139604e-07
2.3543895732858557e-02
-2.3544356840640501e-02
-1.6992066704358788e-07
2.3543991809607027e-02
-2.3544356931054385e-02
-1.6998521927684067e-07
2.3543991672842761e-02
-2.3544357138121308e-02
-1.7017786353758352e-07
2.3543991562383754e-02
-2.3544357069281954e-02
-1.7015519161725335e-07
2.3543991603763286e-02
-2.3544357046816847e-02
-1.7004932388324350e-07
2.3543991749350106e-02
-2.3544356973211659e-02
-1.7011445386546471e-07
2.3543991714763852e-02
-2.3544357017041707e-02
-1.7014285979363907e-07
2.3543991712096157e-02
-2.3544357156760183e-02
-1.7012334783622352e-07
2.3543991729288331e-02
-2.3544357006688249e-02
-1.6997866245523884e-07
2.3543991738376090e-02
-2.3544356977458644e-02
-1.7002903192847366e-07
2.3543991584461431e-02
-2.3544357052732029e-02
-1.7011424573855783e-07
2.3543991658924925e-02
-2.3544356941383997e-02
-1.7007290416650311e-07
2.3543991641960041e-02
-2.3544356944196695e-02
-1.6998690201043697e-07
2.3543991830883577e-02
-2.3544356807125136e-02
-1.6986630721402926e-07
2.3543991874096868e-02
-2.3544356743577778e-02
-1.6979369150260011e-07
2.3543991910434978e-02
-2.3544356807299029e-02
-1.6972416133539762e-07
2.3543991958991921e-02
-2.3544356831563192e-02
-1.6985646636975466e-07
2.3543991853885136e-02
-2.3544356788151838e-02
-1.6986389753359517e-07
2.3543991857696345e-02
-2.3544356681471451e-02
-1.6971416440777645e-07
2.3543992064766917e-02
-2.3544356770291822e-02
-1.6988054580628219e-07
2.3543991922287857e-02
-2.3544356730512795e-02
-1.6983585918637965e-07
2.3543991767824075e-02
-2.3544356805531113e-02
-1.6986530058220592e-07
2.3543991921583161e-02
-2.3544356694763478e-02
-1.6982917357700556e-07
2.3543992051175695e-02
-2.3544356622057155e-02
-1.6965594995093350e-07
2.3543992089054500e-02
-2.3544356704444963e-02
-1.6979374588220336e-07
2.3543991931795610e-02
-2.3544356887968722e-02
-1.6985994364971159e-07
2.3543991855814329e-02
-2.3544356738418142e-02
-1.6975096224329647e-07
2.3543992061270443e-02
-2.3544356696052583e-02
-1.6972511386922064e-07
2.3543992033927777e-02
-2.3544356717104621e-02
-1.6978490602869563e-07
2.3543992044774118e-02
-2.3544356566916728e-02
-1.6965264202391342e-07
2.3543992044479965e-02
-2.3544356597225941e-02
-1.6960691600695195e-07
2.3543992066761985e-02
-2.3544356617213706e-02
-1.6958772953418587e-07
2.3543992141098438e-02
-2.3544356564786213e-02
-1.6967561636959377e-07
2.3543992009607148e-02
-2.3544356718339203e-02
-1.6985886293673140e-07
2.3543991850567197e-02
-2.3544356923188618e-02
-1.6997593865899759e-07
2.3543991746589259e-02
-2.3544356910684294e-02
-1.6999532450169888e-07
2.3543991785460728e-02
-2.3544357002547922e-02
-1.7011517652254020e-07
2.3543991584724835e-02
-2.3544357262550115e-02
-1.7030843019008657e-07
2.3543991347067653e-02
