0.0000000000000000e+00
4.4000000002345438e+01
8.8000000002228603e+01
1.3201320572457576e+02
1.7600000001973805e+02
2.1999998858829042e+02
2.6401318287036554e+02
3.0800016197119749e+02
3.5200452223048956e+02
3.9600228214090623e+02
4.4000115297886964e+02
4.4002433443527661e+02
4.4000112282860636e+02
4.4000055969743755e+02
4.4000028721532686e+02
4.4000014639806142e+02
4.4000007464084757e+02
4.4000003806319296e+02
4.4000001941308898e+02
4.4000000990217040e+02
4.4000000505120227e+02
4.4000000257685633e+02
4.4000000131461661e+02
4.4000000067071642e+02
4.4000000034218135e+02
4.4000000017459610e+02
4.4008981944571815e+02
4.4000000049926001e+02
4.3999603784555734e+02
4.4002364002710533e+02
4.4006284694924545e+02
4.4010632034186267e+02
4.4000000025295037e+02
4.3990352697420042e+02
4.3999638009383909e+02
4.4004470452915194e+02
4.4007665812976069e+02
4.4010259304636031e+02
4.3995365434624591e+02
4.4000000021696485e+02
4.4004634609580262e+02
4.4007156366562356e+02
4.4008765040679708e+02
4.4010038022689105e+02
4.3992936754269198e+02
4.4000000033201184e+02
4.4007063314021536e+02
4.3992936752946758e+02
4.4000000025539902e+02
4.4007063300027909e+02
4.3992936752946633e+02
4.4000000025535218e+02
4.4007063300014084e+02
4.3992936752937521e+02
4.4000000025533859e+02
4.4007063300017353e+02
4.3992936752941318e+02
4.4000000025537634e+02
4.4007063300020104e+02
4.3992936752945553e+02
4.4000000025542693e+02
4.4007063300022281e+02
4.3992936752950192e+02
4.4000000025543613e+02
4.4007063300023674e+02
4.3992936752948094e+02
4.4000000025545211e+02
4.4007063300033519e+02
4.3992936752954665e+02
4.4000000025544603e+02
4.4007063300025413e+02
4.3992936752946105e+02
4.4000000025540282e+02
4.4007063300019075e+02
4.3992936752944689e+02
4.4000000025534666e+02
4.4007063300010179e+02
4.3992936752945042e+02
4.4000000025539987e+02
4.4007063300023975e+02
4.3992936752952892e+02
4.4000000025548798e+02
4.4007063300031058e+02
4.3992936752957542e+02
4.4000000025545518e+02
4.4007063300026829e+02
4.3992936752954006e+02
4.4000000025546683e+02
4.4007063300025504e+02
4.3992936752950612e+02
4.4000000025544125e+02
4.4007063300028295e+02
4.3992936752952073e+02
4.4000000025549321e+02
4.4007063300027960e+02
4.3992936752956552e+02
4.4000000025548638e+02
4.4007063300030484e+02
4.3992936752957064e+02
4.4000000025549531e+02
4.4007063300032792e+02
4.3992936752958337e+02
4.4000000025548582e+02
4.4007063300033019e+02
4.3992936752956314e+02
4.4000000025550105e+02
4.4007063300030563e+02
4.3992936752956416e+02
4.4000000025547149e+02
4.4007063300031098e+02
4.3992936752951636e+02
4.4000000025541891e+02
4.4007063300014499e+02
4.3992936752943808e+02
4.4000000025539566e+02
4.4007063300025004e+02
4.3992936752950652e+02
4.4000000025544273e+02
4.4007063300027295e+02
4.3992936752950681e+02
4.4000000025543784e+02
4.4007063300028040e+02
4.3992936752949737e+02
4.4000000025538134e+02
4.4007063300018257e+02
4.3992936752949964e+02
4.4000000025542244e+02
4.4007063300025499e+02
4.3992936752946639e+02
4.4000000025537224e+02
4.4007063300018376e+02
4.3992936752947219e+02
4.4000000025536474e+02
4.4007063300018979e+02
4.3992936752950544e+02
4.4000000025539828e+02
4.4007063300020491e+02
4.3992936752953108e+02
4.4000000025541738e+02
4.4007063300023140e+02
4.3992936752948947e+02
4.4000000025540248e+02
4.4007063300020559e+02
4.3992936752946162e+02
4.4000000025541129e+02
4.4007063300024623e+02
4.3992936752943717e+02
4.4000000025539225e+02
4.4007063300018660e+02
4.3992936752948776e+02
4.4000000025543375e+02
4.4007063300031189e+02
4.3992936752952522e+02
4.4000000025547376e+02
4.4007063300029796e+02
4.3992936752951579e+02
4.4000000025545597e+02
4.4007063300030006e+02
4.3992936752952909e+02
4.4000000025550975e+02
4.4007063300032758e+02
