0.0000000000000000e+00
7.4285577069685568e-11
9.0183751180335365e-10
-8.8026394366523923e-03
8.2476780665981065e-09
5.2993433617902083e-06
-8.7920463052160100e-03
-1.9690094262600873e-04
-5.3868126240391046e-03
-2.7426853331799900e-03
-1.3974830075055168e-03
-1.2994370996754292e-02
-1.3179695296141440e-03
-6.6683705280092746e-04
-3.4088273784078763e-04
-1.7390324648589844e-04
-8.8719838840207232e-05
-4.5262938658865690e-05
-2.3092595741578175e-05
-1.1781691667438296e-05
-6.0109713513498082e-06
-3.0667830707116798e-06
-1.5646321435230200e-06
-7.9825597300694441e-07
-4.0722110618077356e-07
-2.0778726821763034e-07
2.9937449577951150e-02
-5.9429291007833115e-07
-1.3201204630102601e-03
7.8817186870714911e-03
2.0951558159256201e-02
3.5443307920860714e-02
-3.0098344207036364e-07
-3.2161698718550687e-02
-1.2068468003677002e-03
1.4905051384053750e-02
2.5559945995873641e-02
3.4208553830175674e-02
-1.5448819513595270e-02
-1.4425438451903739e-07
1.5448520180451694e-02
2.3854401349843901e-02
2.9216659402558274e-02
3.3459930172671674e-02
-2.3544362955303464e-02
-2.2096440861330208e-07
2.3543895711496440e-02
-2.3544356887772951e-02
-1.6993352081703951e-07
2.3543991718425555e-02
-2.3544357028225577e-02
-1.7010024780778950e-07
2.3543991559933072e-02
-2.3544357260216711e-02
-1.7027401186623523e-07
2.3543991406536444e-02
-2.3544357274772946e-02
-1.7037861650656840e-07
2.3543991458097623e-02
-2.3544357242112825e-02
-1.7030216847986985e-07
2.3543991441559609e-02
-2.3544357168728838e-02
-1.7032359520021077e-07
2.3543991496034297e-02
-2.3544357165119160e-02
-1.7033426194363334e-07
2.3543991344708404e-02
-2.3544357287369817e-02
-1.7036801783941808e-07
2.3543991446052581e-02
-2.3544357292576996e-02
-1.7020642982669929e-07
2.3543991532170971e-02
-2.3544357176515637e-02
-1.7028522776026207e-07
2.3543991339654784e-02
-2.3544357282685884e-02
-1.7031178378091996e-07
2.3543991485745451e-02
-2.3544357162822566e-02
-1.7032376082298027e-07
2.3543991405243766e-02
-2.3544357184648368e-02
-1.7026780954472275e-07
2.3543991497713784e-02
-2.3544357106486197e-02
-1.7008216780820533e-07
2.3543991705796019e-02
-2.3544357062870336e-02
-1.7004101915346273e-07
2.3543991745843880e-02
-2.3544357029398839e-02
-1.7000197443057123e-07
2.3543991611152830e-02
-2.3544357083171444e-02
-1.7011049712533802e-07
2.3543991597008408e-02
-2.3544357103908162e-02
-1.7015541734600270e-07
2.3543991613630268e-02
-2.3544356958671873e-02
-1.7002812792179033e-07
2.3543991791763939e-02
-2.3544357011178109e-02
-1.7011788464683964e-07
2.3543991702110911e-02
-2.3544356994714327e-02
-1.7011925862356649e-07
2.3543991533028063e-02
-2.3544357089932261e-02
-1.7014825665088701e-07
2.3543991579254513e-02
-2.3544357044480095e-02
-1.7012503223516663e-07
2.3543991769215233e-02
-2.3544356931442439e-02
-1.6991182730131940e-07
2.3543991847471635e-02
-2.3544356994429080e-02
-1.7006350497537277e-07
2.3543991690957861e-02
-2.3544357115952555e-02
-1.7014504981387384e-07
2.3543991576732957e-02
-2.3544356992322990e-02
-1.7006544200809975e-07
2.3543991723402564e-02
-2.3544356959311237e-02
-1.6996461078517711e-07
2.3543991851223994e-02
-2.3544356916825559e-02
-1.6998783201839726e-07
2.3543991831597721e-02
-2.3544356774347370e-02
-1.6982619165229314e-07
2.3543991955234829e-02
-2.3544356689311187e-02
-1.6969416650061384e-07
2.3543992015272117e-02
-2.3544356713001174e-02
-1.6968195327235594e-07
2.3543992058734912e-02
-2.3544356637845376e-02
-1.6972737512742989e-07
2.3543991955323199e-02
-2.3544356717876674e-02
-1.6981950117750704e-07
2.3543991911835781e-02
-2.3544356893816801e-02
-1.6997813927562620e-07
2.3543991754314902e-02
-2.3544356961442383e-02
-1.7005906113034938e-07
2.3543991701471378e-02
-2.3544357057574870e-02
-1.7019864043170865e-07
2.3543991472866833e-02
-2.3544357323371679e-02
-1.7040405729002648e-07
2.3543991308151425e-02
