0.0000000000000000e+00
0.0000000000000000e+00
0.0000000000000000e+00
0.0000000000000000e+00
0.0000000000000000e+00
0.0000000000000000e+00
0.0000000000000000e+00
0.0000000000000000e+00
-9.4127315329774177e+00
-3.1738768707224907e+01
-5.4537029658610464e+01
-5.4537029658610464e+01
-5.4537029658610464e+01
-5.4537029658610464e+01
-5.4537029658610464e+01
-5.4537029658610464e+01
-5.4537029658610464e+01
-5.4537029658610464e+01
-5.4537029658610464e+01
-5.4537029658610464e+01
-5.4537029658610464e+01
-5.4537029658610464e+01
-5.4537029658610464e+01
-5.4537029658610464e+01
-5.4537029658610464e+01
-5.4537029658610464e+01
-3.5068556759881496e+01
-1.3632468899581072e+01
8.7387597648739757e+00
3.1557259137700626e+01
5.4563227263722879e+01
5.4563227263722879e+01
5.4563227263722865e+01
5.4563227263722894e+01
5.4563227263722908e+01
5.4563227263722879e+01
5.4563227263722879e+01
5.4563227263722879e+01
5.4563227263722879e+01
5.4563227263722851e+01
5.4563227263722851e+01
5.4563227263722851e+01
5.4563227263722851e+01
5.4563227263722872e+01
5.4563227263722872e+01
5.3934346049027354e+01
3.4534306431390043e+01
1.3390199299003653e+01
-8.8226441014823891e+00
-3.1569674851051843e+01
-5.4548531257052602e+01
-5.4548531257052602e+01
-5.4548531257052602e+01
-5.4548531257052602e+01
-5.4548531257052602e+01
-5.4548531257052602e+01
-5.4548531257052602e+01
-5.4548531257052602e+01
-5.4548531257052602e+01
-5.4548531257052602e+01
-5.4548531257052602e+01
-5.4548531257052602e+01
-5.4548531257052602e+01
-5.4548531257052602e+01
-5.4548531257052602e+01
-5.4109807312305584e+01
-3.4630869568923274e+01
-1.3433801736979763e+01
8.8071403678354550e+00
3.1567101683362349e+01
5.4550929600776442e+01
5.4550929600776442e+01
5.4550929600776442e+01
5.4550929600776442e+01
5.4550929600776442e+01
5.4550929600776442e+01
5.4550929600776428e+01
5.4550929600776428e+01
5.4550929600776428e+01
5.4550929600776428e+01
5.4550929600776428e+01
5.4550929600776428e+01
5.4550929600776428e+01
5.4550929600776399e+01
5.4550929600776399e+01
5.4079087850361375e+01
3.4614106174326189e+01
1.3426713465192627e+01
-8.8094242684475486e+00
-3.1567294741272946e+01
-5.4550365058102372e+01
-5.4550365058102372e+01
-5.4550365058102372e+01
-5.4550365058102372e+01
-5.4550365058102372e+01
-5.4550365058102372e+01
-5.4550365058102372e+01
-5.4550365058102372e+01
-5.4550365058102372e+01
-5.4550365058102372e+01
-5.4550365058102372e+01
-5.4550365058102372e+01
-5.4550365058102372e+01
-5.4550365058102372e+01
-5.4550365058102372e+01
-5.4084418207060352e+01
-3.4616927834285242e+01
-1.3427445969489504e+01
8.8094276906236573e+00
3.1567500798890432e+01
5.4550597709093694e+01
5.4550597709093694e+01
5.4550597709093694e+01
5.4550597709093687e+01
5.4550597709093701e+01
5.4550597709093701e+01
5.4550597709093701e+01
5.4550597709093701e+01
5.4550597709093644e+01
5.4550597709093637e+01
5.4550597709093637e+01
5.4550597709093637e+01
5.4550597709093637e+01
5.4550597709093637e+01
5.4550597709093637e+01
5.4083551467798671e+01
3.4616559050223728e+01
1.3427832318135593e+01
-8.8090213387692380e+00
-3.1567224136347654e+01
-5.4550423167466278e+01
-5.4550423167466278e+01
-5.4550423167466278e+01
-5.4550423167466278e+01
-5.4550423167466278e+01
-5.4550423167466278e+01
-5.4550423167466278e+01
-5.4550423167466278e+01
-5.4550423167466278e+01
-5.4550423167466278e+01
-5.4550423167466278e+01
-5.4550423167466278e+01
-5.4550423167466278e+01
-5.4550423167466278e+01
-5.4550423167466278e+01
-5.4083633835245280e+01
-3.4616496870416697e+01
-1.3427249392643279e+01
8.8094985019069618e+00
3.1567513215638023e+01
5.4550587503959470e+01
5.4550587503959477e+01
5.4550587503959477e+01
5.4550587503959477e+01
5.4550587503959505e+01
5.4550587503959505e+01
5.4550587503959505e+01
5.4550587503959505e+01
5.4550587503959513e+01
5.4550587503959498e+01
5.4550587503959498e+01
