0.0000000000000000e+00
0.0000000000000000e+00
0.0000000000000000e+00
0.0000000000000000e+00
0.0000000000000000e+00
0.0000000000000000e+00
0.0000000000000000e+00
0.0000000000000000e+00
6.9895294895193896e+00
2.4665593566492056e+01
4.3547764757229317e+01
4.3547764757229317e+01
4.3547764757229302e+01
4.3547764757229302e+01
4.3547764757229302e+01
4.3547764757229302e+01
4.3547764757229281e+01
4.3547764757229281e+01
4.3547764757229281e+01
4.3547764757229281e+01
4.3547764757229281e+01
4.3547764757229281e+01
4.3547764757229281e+01
4.3547764757229274e+01
4.3547764757229274e+01
4.3547764757229281e+01
3.0253413623173014e+01
1.4270394622639053e+01
-3.4938121565776519e+00
-2.2432063817539351e+01
-4.2120797883056404e+01
-4.2120797883056404e+01
-4.2120797883056404e+01
-4.2120797883056404e+01
-4.2120797883056404e+01
-4.2120797883056404e+01
-4.2120797883056404e+01
-4.2120797883056404e+01
-4.2120797883056404e+01
-4.2120797883056404e+01
-4.2120797883056404e+01
-4.2120797883056404e+01
-4.2120797883056404e+01
-4.2120797883056404e+01
-4.2120797883056404e+01
-4.1752140193917860e+01
-2.8816696886184172e+01
-1.3321267851236474e+01
4.1023892874522492e+00
2.2820522433804253e+01
4.2370075503110158e+01
4.2370075503110158e+01
4.2370075503110158e+01
4.2370075503110172e+01
4.2370075503110165e+01
4.2370075503110151e+01
4.2370075503110151e+01
4.2370075503110151e+01
4.2370075503110151e+01
4.2370075503110137e+01
4.2370075503110137e+01
4.2370075503110137e+01
4.2370075503110165e+01
4.2370075503110165e+01
4.2370075503110151e+01
4.2111438881123803e+01
2.9069234732527455e+01
1.3487906636526686e+01
-3.9952903942745741e+00
-2.2752172712884484e+01
-4.2326248011684740e+01
-4.2326248011684740e+01
-4.2326248011684740e+01
-4.2326248011684740e+01
-4.2326248011684740e+01
-4.2326248011684740e+01
-4.2326248011684740e+01
-4.2326248011684740e+01
-4.2326248011684740e+01
-4.2326248011684740e+01
-4.2326248011684740e+01
-4.2326248011684740e+01
-4.2326248011684740e+01
-4.2326248011684740e+01
-4.2326248011684740e+01
-4.2048362417110539e+01
-2.9025032626960812e+01
-1.3459151766398126e+01
4.0136561689222789e+00
2.2763880144690244e+01
4.2333758110804446e+01
4.2333758110804446e+01
4.2333758110804460e+01
4.2333758110804460e+01
4.2333758110804446e+01
4.2333758110804425e+01
4.2333758110804425e+01
4.2333758110804418e+01
4.2333758110804418e+01
4.2333758110804403e+01
4.2333758110804403e+01
4.2333758110804403e+01
4.2333758110804403e+01
4.2333758110804403e+01
4.2333758110804396e+01
4.2059297239508446e+01
2.9032622885508133e+01
1.3463695735701917e+01
-4.0108667632628272e+00
-2.2762115961394930e+01
-4.2332624402658361e+01
-4.2332624402658361e+01
-4.2332624402658361e+01
-4.2332624402658361e+01
-4.2332624402658361e+01
-4.2332624402658361e+01
-4.2332624402658361e+01
-4.2332624402658361e+01
-4.2332624402658361e+01
-4.2332624402658361e+01
-4.2332624402658361e+01
-4.2332624402658361e+01
-4.2332624402658361e+01
-4.2332624402658361e+01
-4.2332624402658361e+01
-4.2057523600167471e+01
-2.9031467165148911e+01
-1.3463407368636721e+01
4.0109182849651663e+00
2.2762132445485356e+01
4.2332637387127775e+01
4.2332637387127775e+01
4.2332637387127775e+01
4.2332637387127761e+01
4.2332637387127761e+01
4.2332637387127761e+01
4.2332637387127761e+01
4.2332637387127761e+01
4.2332637387127761e+01
4.2332637387127768e+01
4.2332637387127789e+01
4.2332637387127789e+01
4.2332637387127761e+01
4.2332637387127768e+01
4.2332637387127775e+01
4.2057687194300797e+01
2.9031492108896693e+01
1.3462947876942467e+01
-4.0113479298199719e+00
-2.2762423116644754e+01
-4.2332821370026323e+01
-4.2332821370026323e+01
-4.2332821370026323e+01
-4.2332821370026323e+01
-4.2332821370026323e+01
-4.2332821370026323e+01
-4.2332821370026323e+01
-4.2332821370026323e+01
-4.2332821370026323e+01
-4.2332821370026323e+01
-4.2332821370026323e+01
