0.0000000000000000e+00
0.0000000000000000e+00
0.0000000000000000e+00
0.0000000000000000e+00
0.0000000000000000e+00
0.0000000000000000e+00
0.0000000000000000e+00
0.0000000000000000e+00
2.4232020434580237e+00
7.0731751407328254e+00
1.0989264901381135e+01
1.0989264901381135e+01
1.0989264901381135e+01
1.0989264901381135e+01
1.0989264901381135e+01
1.0989264901381135e+01
1.0989264901381135e+01
1.0989264901381135e+01
1.0989264901381135e+01
1.0989264901381135e+01
1.0989264901381135e+01
1.0989264901381135e+01
1.0989264901381135e+01
1.0989264901381135e+01
1.0989264901381135e+01
1.0989264901381135e+01
4.8151431367084188e+00
-6.3792572305806916e-01
-5.2449476082964122e+00
-9.1251953201613851e+00
-1.2442429380666583e+01
-1.2442429380666583e+01
-1.2442429380666583e+01
-1.2442429380666583e+01
-1.2442429380666583e+01
-1.2442429380666583e+01
-1.2442429380666583e+01
-1.2442429380666583e+01
-1.2442429380666583e+01
-1.2442429380666583e+01
-1.2442429380666583e+01
-1.2442429380666583e+01
-1.2442429380666583e+01
-1.2442429380666583e+01
-1.2442429380666583e+01
-1.2182205855109599e+01
-5.7176095452059812e+00
-6.8931447767283383e-02
4.7202548140300271e+00
8.7491524172474850e+00
1.2178455753942327e+01
1.2178455753942327e+01
1.2178455753942327e+01
1.2178455753942327e+01
1.2178455753942327e+01
1.2178455753942327e+01
1.2178455753942327e+01
1.2178455753942327e+01
1.2178455753942327e+01
1.2178455753942327e+01
1.2178455753942327e+01
1.2178455753942327e+01
1.2178455753942327e+01
1.2178455753942327e+01
1.2178455753942327e+01
1.1998368431181671e+01
5.5616348363957044e+00
-5.4104899547032376e-02
-4.8118499735609852e+00
-8.8149289704779719e+00
-1.2224681589091794e+01
-1.2224681589091794e+01
-1.2224681589091794e+01
-1.2224681589091794e+01
-1.2224681589091794e+01
-1.2224681589091794e+01
-1.2224681589091794e+01
-1.2224681589091794e+01
-1.2224681589091794e+01
-1.2224681589091794e+01
-1.2224681589091794e+01
-1.2224681589091794e+01
-1.2224681589091794e+01
-1.2224681589091794e+01
-1.2224681589091794e+01
-1.2030725433250975e+01
-5.5890735473655297e+00
3.2438301205362882e-02
4.7957680995251426e+00
8.8034145965825683e+00
1.2216606947297832e+01
1.2216606947297832e+01
1.2216606947297832e+01
1.2216606947297832e+01
1.2216606947297832e+01
1.2216606947297832e+01
1.2216606947297832e+01
1.2216606947297832e+01
1.2216606947297832e+01
1.2216606947297832e+01
1.2216606947297832e+01
1.2216606947297832e+01
1.2216606947297832e+01
1.2216606947297832e+01
1.2216606947297832e+01
1.2025120967551754e+01
5.5843049487769703e+00
-3.6249766212538406e-02
-4.7985609273609313e+00
-8.8053848374956125e+00
-1.2217973306435415e+01
-1.2217973306435415e+01
-1.2217973306435415e+01
-1.2217973306435415e+01
-1.2217973306435415e+01
-1.2217973306435415e+01
-1.2217973306435415e+01
-1.2217973306435415e+01
-1.2217973306435415e+01
-1.2217973306435415e+01
-1.2217973306435415e+01
-1.2217973306435415e+01
-1.2217973306435415e+01
-1.2217973306435415e+01
-1.2217973306435415e+01
-1.2026027867631338e+01
-5.5850918850749247e+00
3.5575050501005373e-02
4.7981030538039651e+00
8.8050916908622128e+00
1.2217785780338442e+01
1.2217785780338442e+01
1.2217785780338442e+01
1.2217785780338442e+01
1.2217785780338442e+01
1.2217785780338442e+01
1.2217785780338442e+01
1.2217785780338442e+01
1.2217785780338442e+01
1.2217785780338442e+01
1.2217785780338442e+01
1.2217785780338442e+01
1.2217785780338442e+01
1.2217785780338442e+01
1.2217785780338442e+01
1.2025946640944424e+01
5.5850047615199880e+00
-3.5698484299223107e-02
-4.7981505720870024e+00
-8.8050900989932757e+00
-1.2217766133933143e+01
-1.2217766133933143e+01
-1.2217766133933143e+01
-1.2217766133933143e+01
-1.2217766133933143e+01
-1.2217766133933143e+01
-1.2217766133933143e+01
-1.2217766133933143e+01
-1.2217766133933143e+01
-1.2217766133933143e+01
-1.2217766133933143e+01
