0.0000000000000000e+00
-3.7500000000916873e-04
-7.5000000001068819e-04
-1.1251406777683592e-03
-1.5000000000952958e-03
-1.8749998946308638e-03
-2.2501404668432709e-03
-2.6254218223196357e-03
-3.3302589921404991e-03
-4.4988924376787934e-03
-5.6921121873650862e-03
-5.3171142535776705e-03
-4.9422568905291894e-03
-4.5675399928707620e-03
-4.1921142541959684e-03
-3.8168294071142589e-03
-3.4421142538845167e-03
-3.0671142538651833e-03
-2.6922548261328005e-03
-2.3171142538428125e-03
-1.9421143592284239e-03
-1.5671142537570413e-03
-1.1921142537566704e-03
-8.1725482604405749e-04
-4.4211425384225480e-04
-6.7114359315847578e-05
9.8004187650225475e-04
2.1077490013454337e-03
3.2785235227200068e-03
4.4728476059817043e-03
5.6794733611443202e-03
5.3044732471206777e-03
4.9293324552551650e-03
4.5540508799603360e-03
4.1794732465789070e-03
3.8047552522156962e-03
3.4294732468598218e-03
3.0544732468552331e-03
2.6793325690942331e-03
2.3044732468504338e-03
1.9294733523978278e-03
1.5544732469346275e-03
1.1794732469346126e-03
8.0433256917788478e-04
4.2947324684966006e-04
3.3344332307211667e-05
-1.0085353279636563e-03
-2.1234561308551298e-03
-3.2865831674980758e-03
-4.4768368403924098e-03
-5.6813961505625113e-03
-5.3063968992708667e-03
-4.9315382197036815e-03
-4.5568200065144665e-03
-4.1813968998574806e-03
-3.8061146828180297e-03
-3.4313968995614073e-03
-3.0563968995530391e-03
-2.6815374718308668e-03
-2.3063968995429875e-03
-1.9313970049320561e-03
-1.5563968994581482e-03
-1.1813968994579681e-03
-8.0653747174458542e-04
-4.3139689954210954e-04
-4.1640237673711591e-05
1.0034508958174293e-03
2.1206697380154751e-03
3.2851447459703695e-03
4.4761248701062229e-03
5.6810535312014883e-03
5.3060534703047984e-03
4.9309127316058063e-03
4.5556312095185710e-03
4.1810534697674390e-03
3.8063353689552575e-03
3.4310534700475221e-03
3.0560534700412659e-03
2.6809127922792384e-03
2.3060534700349786e-03
1.9310535755833094e-03
1.5560534701202753e-03
1.1810534701196568e-03
8.0591279236298663e-04
4.3105347003463646e-04
4.0185800720236741e-05
-1.0043372821282551e-03
-2.1211387959994611e-03
-3.2853801545262994e-03
-4.4762390026471194e-03
-5.6811072718170926e-03
-5.3061079993722117e-03
-4.9312492986691488e-03
-4.5565310643587873e-03
-4.1811079999583608e-03
-3.8058258251436649e-03
-3.4311079996624232e-03
-3.0561079996542415e-03
-2.6812485719324196e-03
-2.3061079996462598e-03
-1.9311081050357635e-03
-1.5561079995613626e-03
-1.1811079995614209e-03
-8.0624857184956517e-04
-4.3110799964716855e-04
-4.0438279881556998e-05
1.0041863331120972e-03
2.1210750601181371e-03
3.2853549869788418e-03
4.4762292927491305e-03
5.6811039733173190e-03
5.3061039145143865e-03
4.9309631779111858e-03
4.5556816579203204e-03
4.1811039139773628e-03
3.8063858089705457e-03
3.4311039142585591e-03
3.0561039142520383e-03
2.6809632364890243e-03
2.3061039142445745e-03
1.9311040197926639e-03
1.5561039143292600e-03
1.1811039143286206e-03
8.0596323657282224e-04
4.3110391424329615e-04
4.0397059284716797e-05
-1.0042079554929738e-03
-2.1210675021162821e-03
-3.2853431747212492e-03
-4.4762206359605389e-03
-5.6810984000000651e-03
-5.3060991269157608e-03
-4.9312404255744194e-03
-4.5565221906254082e-03
-4.1810991275023288e-03
-3.8058169539632110e-03
-3.4310991272056505e-03
-3.0560991271970390e-03
-2.6812396994756278e-03
-2.3060991271877346e-03
-1.9310992325776149e-03
-1.5560991271032010e-03
-1.1810991271032514e-03
-8.0623969938975958e-04
-4.3109912718762632e-04
-4.0401155260005964e-05
1.0042090578001963e-03
2.1210875873041322e-03
3.2853614858126688e-03
4.4762325209159312e-03
5.6811055328013869e-03
5.3061054740626556e-03
4.9309647375243362e-03
4.5556832175986904e-03
4.1811054735252122e-03
3.8063873683886070e-03
3.4311054738066869e-03
3.0561054737995984e-03
2.6809647960375853e-03
2.3061054737928120e-03
1.9311055793406018e-03
