0.0000000000000000e+00
1.2500000000419521e-04
2.5000000000894473e-04
3.7498437696718899e-04
5.0000000008040184e-04
6.2499999624110252e-04
7.4998436935500695e-04
8.7495312332811067e-04
1.2848207486207525e-03
2.1162681303106439e-03
2.9860353317454898e-03
2.8610655371080593e-03
2.7360801230688677e-03
2.6110790857239987e-03
2.4860655371193073e-03
2.3610363581733703e-03
2.2360655368887663e-03
2.1110655369095429e-03
1.9860499099784859e-03
1.8610655369269004e-03
1.7360655408292334e-03
1.6110655368566608e-03
1.4860655368572934e-03
1.3610499099027575e-03
1.2360655369279250e-03
1.1110655409070445e-03
4.2973176691083473e-04
-3.4558629819294082e-04
-1.1801158264089949e-03
-2.0517282509365077e-03
-2.9461703646923828e-03
-2.8211776957716545e-03
-2.6962006480657861e-03
-2.5712392176715374e-03
-2.4461776957239536e-03
-2.3211318122056310e-03
-2.1961776959691826e-03
-2.0711776959726853e-03
-1.9461933190241432e-03
-1.8211776959771832e-03
-1.6961776998830203e-03
-1.5711776960495364e-03
-1.4461776960500144e-03
-1.3211933190971350e-03
-1.1961776959778466e-03
-1.0549493910110470e-03
-3.8431853053812892e-04
3.7454535799406039e-04
1.1979873107728100e-03
2.0627570619393778e-03
2.9530381573850684e-03
2.8280508543214252e-03
2.7030479274803747e-03
2.5780293729531127e-03
2.4530508543607614e-03
2.3280567141856926e-03
2.2030508541258272e-03
2.0780508541322833e-03
1.9530352271863757e-03
1.8280508541390378e-03
1.7030508580456870e-03
1.5780508540684927e-03
1.4530508540685156e-03
1.3280352271148367e-03
1.2030508541400128e-03
1.0666808621947038e-03
3.9232553743643304e-04
-3.6947551291514479e-04
-1.1948452245073603e-03
-2.0608180014253423e-03
-2.9518316221400012e-03
-2.8268406900488889e-03
-2.7018653787392126e-03
-2.5769056843054200e-03
-2.4518406899999260e-03
-2.3267913349902520e-03
-2.2018406902451580e-03
-2.0768406902504930e-03
-1.9518563133013084e-03
-1.8268406902550616e-03
-1.7018406941608658e-03
-1.5768406903268939e-03
-1.4518406903267162e-03
-1.3268563133742412e-03
-1.2018406902546592e-03
-1.0646218064447122e-03
-3.9092859911827520e-04
3.7033165413350697e-04
1.1953710760380216e-03
2.0611428418068466e-03
2.9520343184650005e-03
2.8270466195490502e-03
2.7020432967561820e-03
2.5770243461784043e-03
2.4520466195892560e-03
2.3270532716152910e-03
2.2020466193535654e-03
2.0770466193610194e-03
1.9520309924140951e-03
1.8270466193671757e-03
1.7020466232745720e-03
1.5770466192964560e-03
1.4520466192966450e-03
1.3270309923431188e-03
1.2020466193677435e-03
1.0649785699481306e-03
3.9116471900457029e-04
-3.7021489966156264e-04
-1.1953042129703479e-03
-2.0611012175298831e-03
-2.9520077891336356e-03
-2.8270169145629587e-03
-2.7020416607574792e-03
-2.5770820238148915e-03
-2.4520169145132806e-03
-2.3269674445373831e-03
-2.2020169147582247e-03
-2.0770169147627782e-03
-1.9520325378143363e-03
-1.8270169147673802e-03
-1.7020169186728127e-03
-1.5770169148386732e-03
-1.4520169148388711e-03
-1.3270325378863703e-03
-1.2020169147674202e-03
-1.0649209009996345e-03
-3.9113264252667177e-04
3.7020168033963664e-04
1.1952903972211142e-03
2.0610930612113406e-03
2.9520033549774909e-03
2.8270156439697816e-03
2.7020123090807195e-03
2.5769933464049495e-03
2.4520156440091655e-03
2.3270223202349789e-03
2.2020156437725959e-03
2.0770156437794575e-03
1.9520000168333611e-03
1.8270156437859859e-03
1.7020156476924215e-03
1.5770156437147074e-03
1.4520156437148907e-03
1.3270000167620592e-03
1.2020156437867074e-03
1.0649260046259918e-03
3.9112886303669005e-04
-3.7023774119890752e-04
-1.1953183929136065e-03
-2.0611099671253479e-03
-2.9520132313888537e-03
-2.8270223585977589e-03
-2.7020471065730572e-03
-2.5770874714088282e-03
-2.4520223585485145e-03
-2.3269728850132390e-03
-2.2020223587934694e-03
-2.0770223587980481e-03
-1.9520379818501144e-03
-1.8270223588034310e-03
-1.7020223627082277e-03
