0.0000000000000000e+00
-1.7197777709447258e-16
8.2331793114953449e-29
-2.0318491543947779e-17
3.9402238201939449e-16
-1.7197777709458421e-16
2.0318491543740900e-17
-1.3134079400688184e-16
-1.9229626863835559e-16
-2.1261476018231961e-16
-4.1978519696403256e-16
5.0066827830627762e-17
5.0066827830618542e-17
5.0066827830621180e-17
2.9748336286636161e-17
9.4298447425946281e-18
8.5259487517927404e-17
-1.1792542792168985e-16
4.2775623964817983e-16
6.8926517316025389e-17
4.8608025771970457e-17
6.9043782766112231e-16
1.4080972723254113e-15
6.4980084457326823e-16
6.2948235302911839e-16
6.2005250828452121e-16
3.3733857628776616e-17
-4.5099233530921566e-16
-7.7288444833783609e-17
-1.5311808760900944e-16
4.1288207150480191e-16
9.7888223061858295e-16
1.5245638981884637e-15
1.6816675071394975e-15
1.7926898096019498e-15
1.2063711589440634e-15
1.0547118733937039e-15
1.6816675071393561e-15
1.6504603687941266e-15
1.6504603687941677e-15
1.8021196543445093e-15
1.2158010036868142e-15
1.0438232265922488e-15
9.6799358381703969e-16
1.5136752513868246e-15
1.5691864026182735e-15
1.5949492175612597e-15
1.8075639777479869e-15
1.7872454862021523e-15
1.9443490951530030e-15
1.9334604483516933e-15
1.7818011628013055e-15
2.3478013219151347e-15
2.3938826284036698e-15
2.2219048513092472e-15
2.2273491747098971e-15
2.2273491747098825e-15
2.2273491747099776e-15
1.9646675866969121e-15
2.1569638553355636e-15
2.2531119896554012e-15
2.2883046493420057e-15
2.1976008384236306e-15
2.4602824264369679e-15
2.6173860353884848e-15
2.2030451618337311e-15
2.9613415895792581e-15
2.8096823040210787e-15
2.8096823040235755e-15
2.8191121487668903e-15
2.8949417915424579e-15
3.0168527408063220e-15
2.4508525816925818e-15
2.9762157577185413e-15
3.1075565517248071e-15
3.2334530223306181e-15
3.2889641735621473e-15
2.8746232999986135e-15
2.7987936572234060e-15
2.2124750065656441e-15
2.2883046493408476e-15
2.2937489727415268e-15
2.3343859558292699e-15
2.5415563926108950e-15
3.0872380601807426e-15
3.0669195686308465e-15
3.5922827446628420e-15
3.5922827446643661e-15
3.5570900849765160e-15
3.7845790133018269e-15
3.7642605217578606e-15
3.7439420302138968e-15
3.7791346899012562e-15
3.6274754043508593e-15
3.5164531018884269e-15
3.4812604422011156e-15
3.4609419506571857e-15
4.0269421097709072e-15
4.4006460002463630e-15
4.7797942141225724e-15
4.7797942141227815e-15
5.4622609990998075e-15
5.4216240160120107e-15
5.2293277473737824e-15
5.2645204070612515e-15
5.3700983861336433e-15
5.4459280288979259e-15
5.2035649324276457e-15
5.2848388986041086e-15
5.2848388986040344e-15
5.1738165961415685e-15
5.0018388190472022e-15
4.9909501722459694e-15
5.1019724747084874e-15
5.1480537811969590e-15
5.0722241384216521e-15
5.0722241384217515e-15
5.1480537811968556e-15
4.5671794539396064e-15
4.5468609623957498e-15
4.3748831853014403e-15
4.3600090171578728e-15
4.7797942141217962e-15
4.8353053653529625e-15
4.8353053653519843e-15
4.8149868737951731e-15
4.7946683822659696e-15
4.7743498907221248e-15
4.9260091762725146e-15
5.4716908438421267e-15
5.4364981841547949e-15
6.1135206457312211e-15
6.0783279860441220e-15
6.0580094945003309e-15
5.4716908438423318e-15
5.6179058059919726e-15
5.1629279493408200e-15
5.2387575921161008e-15
5.3200315582920888e-15
5.5475204866178580e-15
5.4364981841554363e-15
5.2848388986050544e-15
5.2902832220058972e-15
5.3309202050942226e-15
5.2605348857202641e-15
5.2659792091422642e-15
4.6999790500060684e-15
4.7758086927776400e-15
4.8164456758670279e-15
4.3669121426169887e-15
4.2910824998417946e-15
4.7609345246364556e-15
4.6092752390859941e-15
5.0885571086232623e-15
4.6038309156853785e-15
4.5835124241413286e-15
4.6593420669166174e-15
4.6647863903171517e-15
4.6444678987730735e-15
4.4521716301348459e-15
4.5537640878550155e-15
