0.0000000000000000e+00
0.0000000000000000e+00
0.0000000000000000e+00
0.0000000000000000e+00
0.0000000000000000e+00
0.0000000000000000e+00
0.0000000000000000e+00
0.0000000000000000e+00
3.6656123150699657e-04
1.2500119023309097e-03
2.1642907422663288e-03
2.1642907422663288e-03
2.1642907422663288e-03
2.1642907422663288e-03
2.1642907422663288e-03
2.1642907422663288e-03
2.1642907422663288e-03
2.1642907422663288e-03
2.1642907422663288e-03
2.1642907422663288e-03
2.1642907422663288e-03
2.1642907422663288e-03
2.1642907422663288e-03
2.1642907422663288e-03
2.1642907422663288e-03
2.1642907422663288e-03
2.9104565595338867e-03
3.7460132896070739e-03
4.6319786344621765e-03
5.5476738682396897e-03
6.4803740111364968e-03
6.4803740111364968e-03
6.4803740111364968e-03
6.4803740111364968e-03
6.4803740111364968e-03
6.4803740111364968e-03
6.4803740111364968e-03
6.4803740111364968e-03
6.4803740111364968e-03
6.4803740111364968e-03
6.4803740111364968e-03
6.4803740111364968e-03
6.4803740111364968e-03
6.4803740111364968e-03
6.4803740111364968e-03
6.5040736226287922e-03
7.2449419283498800e-03
8.0660059207848245e-03
8.9427526835415029e-03
9.8531241387918699e-03
1.0782828218885500e-02
1.0782828218885500e-02
1.0782828218885500e-02
1.0782828218885500e-02
1.0782828218885500e-02
1.0782828218885500e-02
1.0782828218885500e-02
1.0782828218885500e-02
1.0782828218885500e-02
1.0782828218885500e-02
1.0782828218885500e-02
1.0782828218885500e-02
1.0782828218885500e-02
1.0782828218885500e-02
1.0782828218885500e-02
1.0799368030111355e-02
1.1543696362423323e-02
1.2367348672273184e-02
1.3245712468443124e-02
1.4157027340030128e-02
1.5087262785257176e-02
1.5087262785257176e-02
1.5087262785257176e-02
1.5087262785257176e-02
1.5087262785257176e-02
1.5087262785257176e-02
1.5087262785257176e-02
1.5087262785257176e-02
1.5087262785257176e-02
1.5087262785257176e-02
1.5087262785257176e-02
1.5087262785257176e-02
1.5087262785257176e-02
1.5087262785257176e-02
1.5087262785257176e-02
1.5105049912752275e-02
1.5848765779294841e-02
1.6671947669265042e-02
1.7550031956161945e-02
1.8461188226055830e-02
1.9391335153370902e-02
1.9391335153370902e-02
1.9391335153370902e-02
1.9391335153370902e-02
1.9391335153370902e-02
1.9391335153370902e-02
1.9391335153370902e-02
1.9391335153370902e-02
1.9391335153370902e-02
1.9391335153370902e-02
1.9391335153370902e-02
1.9391335153370902e-02
1.9391335153370902e-02
1.9391335153370902e-02
1.9391335153370902e-02
1.9408900267543990e-02
2.0152725812316769e-02
2.0976005991082628e-02
2.1854135301909237e-02
2.2765312704335527e-02
2.3695470606400280e-02
2.3695470606400280e-02
2.3695470606400280e-02
2.3695470606400280e-02
2.3695470606400280e-02
2.3695470606400280e-02
2.3695470606400280e-02
2.3695470606400280e-02
2.3695470606400280e-02
2.3695470606400280e-02
2.3695470606400280e-02
2.3695470606400280e-02
2.3695470606400280e-02
2.3695470606400280e-02
2.3695470606400280e-02
2.3713077131145639e-02
2.4456881286547289e-02
2.5280128585636885e-02
2.6158254105524085e-02
2.7069434547831742e-02
2.7999595109739206e-02
2.7999595109739206e-02
2.7999595109739206e-02
2.7999595109739206e-02
2.7999595109739206e-02
2.7999595109739206e-02
2.7999595109739206e-02
2.7999595109739206e-02
2.7999595109739206e-02
2.7999595109739206e-02
2.7999595109739206e-02
2.7999595109739206e-02
2.7999595109739206e-02
2.7999595109739206e-02
2.7999595109739206e-02
2.8017191952796311e-02
2.8761001979137363e-02
2.9584270664292499e-02
3.0462392730527726e-02
3.1373565885077996e-02
3.2303721390856077e-02
3.2303721390856077e-02
3.2303721390856077e-02
3.2303721390856077e-02
3.2303721390856077e-02
3.2303721390856077e-02
3.2303721390856077e-02
3.2303721390856077e-02
3.2303721390856077e-02
3.2303721390856077e-02
3.2303721390856077e-02
