0.0000000000000000e+00
-1.1000000000241538e+01
-2.2000000000076120e+01
-3.3006877235250897e+01
-4.4000000000591790e+01
-5.4999995529163755e+01
-6.6006868289473942e+01
-7.7020622755640943e+01
-9.7995849458296348e+01
-1.2817694748863440e+02
-1.5533195582186457e+02
-1.4433071769920517e+02
-1.3333635194280058e+02
-1.2234885408901184e+02
-1.1133071772593681e+02
-1.0031946832796341e+02
-8.9330717722365037e+01
-7.8330717720623142e+01
-6.7337590485286682e+01
-5.6330717718859148e+01
-4.5330722184125577e+01
-3.4330717718096125e+01
-2.3330717717965655e+01
-1.2337590484714575e+01
-1.3307177187369590e+00
9.6692778154992141e+00
4.6140067958989739e+01
7.9640313824683489e+01
1.0963826574499222e+02
1.3664239617843512e+02
1.6132534880007938e+02
1.5032502121562982e+02
1.3931781647268349e+02
1.2830373009707833e+02
1.1732502119400775e+02
1.0633944831674769e+02
9.5325021195466604e+01
8.4325021195202240e+01
7.3318143959451547e+01
6.2325021194785897e+01
5.1325025667046063e+01
4.0325021195243615e+01
2.9325021195205622e+01
1.8318143959832124e+01
7.3250211947039636e+00
-4.7493432609474615e+00
-4.2417458274740348e+01
-7.6724600228072291e+01
-1.0747505858203726e+02
-1.3509171322865555e+02
-1.6023665568761723e+02
-1.4923612996560266e+02
-1.3824247684556826e+02
-1.2725569186443987e+02
-1.1623612998962003e+02
-1.0522345460759377e+02
-9.4236129986937783e+01
-8.3236129986286201e+01
-7.2243002752168195e+01
-6.1236129985551031e+01
-5.0236134450771679e+01
-3.9236129984921838e+01
-2.8236129984931530e+01
-1.7243002751465873e+01
-6.2361299854318819e+00
5.5071716562317992e+00
4.3060768103362804e+01
7.7231092073205261e+01
1.0785228385741250e+02
1.3536276782483213e+02
1.6042721324300652e+02
1.4942681157558044e+02
1.3841953277037311e+02
1.2740537235370149e+02
1.1642681155409359e+02
1.0544138673880786e+02
9.4426811555661303e+01
8.3426811555095554e+01
7.2419934319324383e+01
6.1426811554526211e+01
5.0426816026805049e+01
3.9426811555130122e+01
2.8426811555120846e+01
1.7419934319776043e+01
6.4268115546529412e+00
-5.3737903218142886e+00
-4.2947756068135853e+01
-7.7142560635676148e+01
-1.0778643418152041e+02
-1.3531549924527079e+02
-1.6039401287315704e+02
-1.4939350363789399e+02
-1.3839986700984747e+02
-1.2741309852562277e+02
-1.1639350366193696e+02
-1.0538079528093760e+02
-9.4393503659270166e+01
-8.3393503658515897e+01
-7.2400376424367721e+01
-6.1393503657795705e+01
-5.0393508123012033e+01
-3.9393503657089660e+01
-2.8393503657095721e+01
-1.7400376423739438e+01
-6.3935036577496147e+00
5.3968735706532058e+00
4.2967239962837290e+01
7.7157471289228297e+01
1.0779748511731682e+02
1.3532340527403133e+02
1.6039954401594966e+02
1.4939913990971220e+02
1.3839185866660395e+02
1.2737769581249400e+02
1.1639913988828229e+02
1.0541371994691247e+02
9.4399139889855334e+01
8.3399139889382909e+01
7.2392262653464016e+01
6.1399139888783097e+01
5.0399144361027624e+01
3.9399139889333952e+01
2.8399139889355347e+01
1.7392262654024865e+01
6.3991398887627362e+00
-5.3931570716895454e+00
-4.2964183091536455e+01
-7.7155493824246705e+01
-1.0779606228696309e+02
-1.3532241586814538e+02
-1.6039887505544942e+02
-1.4939836632399218e+02
-1.3840473020008938e+02
-1.2741796222007390e+02
-1.1639836634815713e+02
-1.0538565695848888e+02
-9.4398366345552589e+01
-8.3398366344853116e+01
-7.2405239110740069e+01
-6.1398366344120191e+01
-5.0398370809404803e+01
-3.9398366343567709e+01
-2.8398366343563602e+01
-1.7405239110095181e+01
-6.3983663441245913e+00
5.3934694576272006e+00
4.2964352804374442e+01
7.7155198227394976e+01
1.0779579297603323e+02
1.3532218969399293e+02
1.6039868950464748e+02
1.4939828532302474e+02
1.3839100400441137e+02
1.2737684107496607e+02
1.1639828530153342e+02
1.0541286551107621e+02
9.4398285303147873e+01
8.3398285302622483e+01
7.2391408066809248e+01
6.1398285302068473e+01
5.0398289774381176e+01
