0.0000000000000000e+00
3.9661064031138878e+01
7.9322128061666845e+01
1.1899425611921455e+02
1.5864425613348106e+02
1.9830531092013356e+02
2.3797742969394614e+02
2.7766062186855817e+02
3.1466244926027974e+02
3.4998161220492159e+02
3.8649760915844638e+02
3.4712014038858058e+02
3.0782536258736030e+02
2.6864465994058651e+02
2.2956310517038989e+02
1.9074632074342784e+02
1.5242627993158581e+02
1.1497846147225131e+02
7.9708551618346107e+01
5.1289357375778565e+01
4.5330713252278748e+01
6.8008453581388039e+01
1.0169279988383965e+02
1.3856568020563191e+02
1.7666911762913639e+02
2.1532823511563683e+02
2.4421456897380466e+02
2.7688898100438269e+02
3.1197567788548650e+02
3.4839022783165467e+02
3.8554166105560194e+02
3.4624399431637437e+02
3.0702939669318346e+02
2.6793925042774214e+02
2.2910118938687404e+02
1.9057929847151081e+02
1.5259638243243501e+02
1.1577480899906371e+02
8.1651134216732316e+01
5.5480693339597160e+01
5.1325016723812425e+01
7.3050723932944678e+01
1.0575707415360800e+02
1.4206353556545105e+02
1.7977446890509503e+02
2.1766173599017046e+02
2.4554787883708025e+02
2.7768562042796646e+02
3.1244082754184433e+02
3.4866575336127852e+02
3.8570844180347700e+02
3.4639560479516962e+02
3.0718238835892947e+02
2.6810759345074962e+02
2.2917351422617622e+02
1.9056376597134724e+02
1.5254799022383804e+02
1.1560745728496899e+02
8.1279409574379741e+01
5.4694368056850998e+01
5.0236125518795660e+01
7.2123946199483228e+01
1.0500504023590020e+02
1.4139636593608665e+02
1.7919946481594431e+02
2.1729755647738264e+02
2.4531382647887528e+02
2.7754653059595915e+02
3.1235930832782412e+02
3.4861749250567078e+02
3.8567925729547352e+02
3.4636881301847029e+02
3.0713808864093841e+02
2.6802699695485467e+02
2.2916047690204044e+02
1.9059853344622076e+02
1.5255590418846458e+02
1.1563604004794449e+02
8.1332786203165270e+01
5.4831318317635400e+01
5.0426807083668287e+01
7.2285912721344829e+01
1.0513630691768520e+02
1.4153218527822611e+02
1.7929981245027520e+02
2.1736155855713790e+02
2.4535474493782954e+02
2.7757011803228909e+02
3.1237292157669850e+02
3.4862552397212448e+02
3.8568411739946163e+02
3.4637348554593115e+02
3.0716304834602141e+02
2.6809185786498432e+02
2.2916274294265429e+02
1.9055997000324234e+02
1.5255450466359764e+02
1.1563102512966135e+02
8.1334201114868392e+01
5.4807372965256384e+01
5.0393499191182379e+01
7.2257610610622336e+01
1.0511336438097547e+02
1.4148905701161877e+02
1.7928227332445951e+02
2.1735046135761431e+02
2.4534777791751389e+02
2.7756681185356666e+02
3.1237122869465725e+02
3.4862455485037111e+02
3.8568352843103207e+02
3.4637269465077134e+02
3.0714147858632805e+02
2.6802974818227460e+02
2.2916235906411708e+02
1.9059919255845114e+02
1.5255474095331002e+02
1.1563187305357114e+02
8.1323116407467737e+01
5.4811424202154754e+01
5.0399135417988418e+01
7.2262399484887638e+01
1.0511724623971985e+02
1.4151587450567763e+02
1.7928524093233770e+02
2.1735226524076032e+02
2.4534877821931551e+02
2.7756655320038442e+02
3.1237082646867759e+02
3.4862428277414273e+02
3.8568336678806781e+02
3.4637280320014071e+02
3.0716245203494589e+02
2.6809137312975753e+02
2.2916241183431481e+02
1.9055985475825165e+02
1.5255470853431038e+02
1.1563175668670020e+02
8.1335898379390400e+01
5.4810868187527355e+01
5.0398361877231522e+01
7.2261742225697418e+01
1.0511671346141682e+02
1.4149192289236123e+02
1.7928483361420354e+02
2.1735209466937869e+02
2.4534882647437692e+02
2.7756743832817591e+02
3.1237159692900758e+02
3.4862477301461547e+02
3.8568366036743885e+02
3.4637281456195694e+02
3.0714158331766646e+02
2.6802983319418945e+02
2.2916241724396650e+02
1.9059921297706111e+02
1.5255470510873340e+02
1.1563174446683951e+02
8.1322817905918299e+01
5.4810809917906468e+01
5.0398280831530293e+01
