0.0000000000000000e+00
-4.4000000001033264e+01
-8.8000000001020027e+01
-1.3201925687886751e+02
-1.7600000000901224e+02
-2.1999998625666746e+02
-2.6401922937168342e+02
-3.0805774311976194e+02
-3.5200005996439779e+02
-3.9600006730608010e+02
-4.4000105626195966e+02
-3.9599999996604879e+02
-3.5201818626137560e+02
-3.0805560141364361e+02
-2.6400000004718294e+02
-2.1996368410601951e+02
-1.7600000001620694e+02
-1.3200000001275015e+02
-8.8019243137014399e+01
-4.4000000009038303e+01
-1.3748240557368202e-05
4.3999999999222240e+01
8.7999999999320792e+01
1.3198075687134539e+02
1.7599999999108795e+02
2.1999998624364773e+02
2.6399996274994817e+02
3.0800421842565294e+02
3.5200210141290074e+02
3.9600088579390695e+02
4.4000033765427190e+02
3.9600000003569892e+02
3.5198040560855623e+02
3.0794154060699907e+02
2.6399999996636086e+02
2.2003924358517918e+02
1.7599999999257963e+02
1.3199999999186986e+02
8.7980743113157232e+01
4.3999999991031174e+01
1.3751469523771729e-05
-4.4000000001072017e+01
-8.8000000001087912e+01
-1.3201925687903238e+02
-1.7600000000910222e+02
-2.1999966330165299e+02
-2.6399988985840412e+02
-3.0800387120777907e+02
-3.5200281090079750e+02
-3.9600122519793229e+02
-4.4000045980096201e+02
-3.9599999996526515e+02
-3.5201878304336628e+02
-3.0805679530158790e+02
-2.6400000004093704e+02
-2.1996248955943355e+02
-1.7600000001220451e+02
-1.3200000001081622e+02
-8.8019243137127773e+01
-4.4000000009196413e+01
-1.3748666968684588e-05
4.3999999998886310e+01
8.7999999998898218e+01
1.3198075687111424e+02
1.7599999999095087e+02
2.1999981069429566e+02
2.6399971147262181e+02
3.0800302858189025e+02
3.5200235337598752e+02
3.9600105523631822e+02
4.4000040706196296e+02
3.9600000003562258e+02
3.5198033622494967e+02
3.0794140186457184e+02
2.6399999996682175e+02
2.2003938228006615e+02
1.7599999999304663e+02
1.3199999999195978e+02
8.7980743113146488e+01
4.3999999990892448e+01
1.3751424204257896e-05
-4.4000000000987640e+01
-8.8000000001051006e+01
-1.3201925687897764e+02
-1.7600000000905544e+02
-2.1999982369453093e+02
-2.6399992997722711e+02
-3.0800388272500390e+02
-3.5200275296574006e+02
-3.9600119066353204e+02
-4.4000044517548497e+02
-3.9599999996506472e+02
-3.5201879767514993e+02
-3.0805682457159389e+02
-2.6400000004066197e+02
-2.1996246027596624e+02
-1.7600000001194735e+02
-1.3200000001052734e+02
-8.8019243136893991e+01
-4.4000000009170947e+01
-1.3748660652242957e-05
4.3999999998954394e+01
8.7999999998944062e+01
1.3198075687096465e+02
1.7599999999076056e+02
2.1999978421692373e+02
2.6399970546043858e+02
3.0800302405008932e+02
3.5200236153175763e+02
3.9600106043552398e+02
4.4000040931627757e+02
3.9600000003539321e+02
3.5198033397118559e+02
3.0794139735787542e+02
2.6399999996668174e+02
2.2003938678471246e+02
1.7599999999298237e+02
1.3199999999193452e+02
8.7980743112920891e+01
4.3999999990751519e+01
1.3751219533155778e-05
-4.4000000001262578e+01
-8.8000000001327180e+01
-1.3201925687916309e+02
-1.7600000000940892e+02
-2.1999982766188919e+02
-2.6399993126173416e+02
-3.0800388299400015e+02
-3.5200275116727607e+02
-3.9600118960327825e+02
-4.4000044472808338e+02
-3.9599999996527629e+02
-3.5201879812333243e+02
-3.0805682546780031e+02
-2.6400000004101400e+02
-2.1996245937991995e+02
-1.7600000001227468e+02
-1.3200000001082464e+02
-8.8019243137243379e+01
-4.4000000009306227e+01
-1.3748891805981723e-05
4.3999999998711388e+01
8.7999999998704538e+01
1.3198075687095627e+02
1.7599999999071764e+02
2.1999978336577311e+02
2.6399970527582582e+02
3.0800302390733242e+02
3.5200236178300793e+02
3.9600106059599307e+02
4.4000040938580730e+02
3.9600000003515419e+02
3.5198033390118809e+02
3.0794139721823609e+02
2.6399999996640565e+02
2.2003938692393120e+02
1.7599999999277981e+02
1.3199999999160528e+02
8.7980743112746481e+01
4.3999999990488440e+01
1.3751006060831085e-05
