0.0000000000000000e+00
1.4278383044435093e-10
7.0667833522432612e-10
-8.2520621361052322e-03
6.4628251978661356e-09
4.1400792035381662e-06
-8.2437862300721483e-03
-2.4747902752844449e-02
-5.0415166360802041e-04
-3.3282629060551615e-04
-3.8961525184890433e-03
4.2001169248000366e-08
-4.3506370534872043e-03
-1.6944069630697032e-02
1.6217535134573068e-08
8.6816669567408768e-03
-4.9569192852851216e-10
3.1044985321899917e-09
-8.2479315253037727e-03
6.3998987222905647e-09
-4.1154546552082669e-06
9.1792115835941885e-10
1.0255701133059023e-09
-8.2479376610750978e-03
6.5158649178424961e-09
-4.1090926265848783e-06
1.0170841727245429e-02
3.1262442863801185e-02
9.3260302534909981e-03
2.9761373134700292e-03
9.7276494135250342e-04
4.5466798900578930e-08
-9.2244994155125208e-03
-2.6705000348581764e-02
2.7958606084243233e-08
1.8464900358086664e-02
7.8999809395352663e-09
7.2766805388013041e-09
-8.2520569999467424e-03
6.4635345988773618e-09
4.1349990913805850e-06
5.8875097466793513e-10
5.2842624483860013e-10
-8.2520629877742627e-03
6.3293187166674981e-09
-4.1063520597572952e-03
-1.0500737081734251e-02
-3.1898593389716005e-02
-1.3218996566813069e-02
-4.6128328859051616e-03
-1.6430102331909822e-03
4.2194927492034922e-08
-6.6043998154428499e-03
-2.1452217100372026e-02
2.1604275593628487e-08
1.3191068203198030e-02
3.5980425568865306e-09
4.8161024256511217e-09
-8.2479322849228695e-03
6.1679491118911900e-09
-4.1152863836880860e-06
5.4414269478221416e-10
5.3339599866020523e-10
-8.2479379355387215e-03
6.2946275693227876e-09
1.9550442360391968e-03
1.0335740131863355e-02
2.8608867245000759e-02
1.1257488746320609e-02
3.6880489597552551e-03
1.1996888509458734e-03
4.5432935353126120e-08
-9.4513644743877637e-03
-2.7158671013669925e-02
2.8246704655145484e-08
1.8918453804128932e-02
8.2128840141615040e-09
7.2189390316012619e-09
-8.2520570188744750e-03
6.3005586142049439e-09
4.1348507389980621e-06
5.6039294394148308e-10
5.6866115111181918e-10
-8.2520629749478370e-03
6.3703131843258909e-09
-2.3072426404390964e-03
-1.0807828351884872e-02
-3.1127849316578325e-02
-1.2810119665605229e-02
-4.4654755276789916e-03
-1.5916883087224274e-03
4.2332177776437759e-08
-6.6557354118472519e-03
-2.1554902002990955e-02
2.1857455024952292e-08
1.3293781174782991e-02
3.8345674252548518e-09
5.1824001542885947e-09
-8.2479320226973261e-03
6.3756103247734391e-09
-4.1150000471091735e-06
7.7408299451922813e-10
7.7805907098886495e-10
-8.2479377327117059e-03
6.4150642797986154e-09
2.2060280064834115e-03
1.0286043410694251e-02
2.8739962103577033e-02
1.1323633805126391e-02
3.7108396746372194e-03
1.2071891358851373e-03
4.5146453335483216e-08
-9.4588630740744077e-03
-2.7173666249945574e-02
2.8076477102232558e-08
1.8933444599779546e-02
8.1015001755858948e-09
7.2261326331315007e-09
-8.2520571800107304e-03
6.2744761611887494e-09
4.1348603035008104e-06
5.7420852850433161e-10
5.3977765793259078e-10
-8.2520629706808075e-03
6.2266241312262743e-09
-2.2604428261462249e-03
-1.0817210179068275e-02
-3.1103971742007162e-02
-1.2797594899372402e-02
-4.4609724056852594e-03
-1.5901204427049755e-03
4.2281360686871791e-08
-6.6573040366336329e-03
-2.1558039497376655e-02
2.1641353350239976e-08
1.3296919155961677e-02
3.4561465055018835e-09
4.7705846262956483e-09
-8.2479323944776341e-03
6.0478649408655079e-09
-4.1154561324632664e-06
3.5583119122575250e-10
3.7662726637129933e-10
-8.2479380192323776e-03
6.1327531952294097e-09
2.2140380808062230e-03
1.0284504762763358e-02
2.8744009287855352e-02
1.1325679649610801e-02
3.7115447469566760e-03
1.2074210765960318e-03
4.5032257192743619e-08
-9.4590953885157290e-03
-2.7174130428627378e-02
2.7884307437228764e-08
1.8933908539243809e-02
7.9435895554381456e-09
7.0143397800588922e-09
-8.2520573710260486e-03
6.0085347558580344e-09
4.1346970544581263e-06
