0.0000000000000000e+00
-6.8000001370800258e-03
-7.3600067991274531e-03
-7.4722132444877028e-03
-7.4944307154460477e-03
-7.4988856392989352e-03
-7.4997771092022722e-03
-7.5006685799002973e-03
-7.5015600513932369e-03
-7.5024515236808359e-03
-7.5033429967624621e-03
-7.5025260592849422e-03
-7.5017091224753984e-03
-7.5025260575900480e-03
-7.5033429933721515e-03
-7.5025636527154844e-03
-7.5017843126665056e-03
-7.5025636505845145e-03
-7.5033429891100565e-03
-7.5025657163554646e-03
-7.5017884442059816e-03
-7.5025657142015556e-03
-7.5033429848006313e-03
-7.5025658277878098e-03
-7.5017886713786511e-03
-7.5025658256308754e-03
-7.5033429804877453e-03
-7.5025658319536580e-03
-7.5017886840243854e-03
-7.5025658297987212e-03
-7.5033429761763477e-03
-7.5025658319549850e-03
-7.5017886883370728e-03
-7.5025658297983855e-03
-7.5033429718637090e-03
-7.5025658319546303e-03
-7.5017886926488139e-03
-7.5025658297977818e-03
-7.5033429675507406e-03
-7.5025658319540032e-03
-7.5017886969599096e-03
-7.5025658297966126e-03
-7.5033429632379483e-03
-7.5025658319531853e-03
-7.5017887012719621e-03
-7.5025658297972831e-03
-7.5033429589258238e-03
-7.5025658319533397e-03
-7.5017887055848931e-03
-7.5025658297975537e-03
-7.5033429546150056e-03
-7.5025658319546572e-03
-7.5017887098978095e-03
-7.5025658297982276e-03
-7.5033429503025802e-03
-7.5025658319546988e-03
-7.5017887142106807e-03
-7.5025658297988157e-03
-7.5033429459913136e-03
-7.5025658319561915e-03
-7.5017887185250742e-03
-7.5025658298003102e-03
-7.5033429416791622e-03
-7.5025658319563685e-03
-7.5017887228373105e-03
-7.5025658298009988e-03
-7.5033429373671931e-03
-7.5025658319557969e-03
-7.5017887271486968e-03
-7.5025658297997889e-03
-7.5033429330538812e-03
-7.5025658319557050e-03
-7.5017887314606175e-03
-7.5025658297992520e-03
-7.5033429287414688e-03
-7.5025658319557240e-03
-7.5017887357739770e-03
-7.5025658297994116e-03
-7.5033429244285958e-03
-7.5025658319562271e-03
-7.5017887400862515e-03
-7.5025658297990560e-03
-7.5033429201151374e-03
-7.5025658319546121e-03
-7.5017887443978295e-03
-7.5025658297988192e-03
-7.5033429158034865e-03
-7.5025658319541931e-03
-7.5017887487094995e-03
-7.5025658297981461e-03
-7.5033429114901131e-03
-7.5025658319538809e-03
-7.5017887530208520e-03
-7.5025658297969292e-03
-7.5033429071771907e-03
-7.5025658319530595e-03
-7.5017887573328246e-03
-7.5025658297960939e-03
-7.5033429028634070e-03
-7.5025658319533353e-03
-7.5017887616469223e-03
-7.5025658297971642e-03
-7.5033428985506268e-03
-7.5025658319550492e-03
-7.5017887659617330e-03
-7.5025658297976621e-03
-7.5033428942374216e-03
-7.5025658319545748e-03
-7.5017887702747629e-03
-7.5025658297970159e-03
-7.5033428899243179e-03
-7.5025658319540726e-03
-7.5017887745877270e-03
-7.5025658297969656e-03
-7.5033428856104319e-03
-7.5025658319543397e-03
-7.5017887789010536e-03
-7.5025658297965606e-03
-7.5033428812962787e-03
-7.5025658319532052e-03
-7.5017887832139717e-03
-7.5025658297961260e-03
-7.5033428769819381e-03
-7.5025658319524020e-03
-7.5017887875258142e-03
-7.5025658297952977e-03
-7.5033428726687538e-03
-7.5025658319527750e-03
-7.5017887918400064e-03
-7.5025658297950895e-03
-7.5033428683547801e-03
-7.5025658319522702e-03
-7.5017887961534172e-03
-7.5025658297957357e-03
-7.5033428640419626e-03
-7.5025658319521488e-03
-7.5017888004673110e-03
-7.5025658297964834e-03
-7.5033428597289630e-03
-7.5025658319532590e-03
-7.5017888047817036e-03
-7.5025658297965085e-03
-7.5033428554155297e-03
-7.5025658319538453e-03
-7.5017888090957259e-03
-7.5025658297968312e-03
-7.5033428511024451e-03
-7.5025658319549339e-03
-7.5017888134101566e-03
-7.5025658297981947e-03
-7.5033428467893822e-03
-7.5025658319548974e-03
-7.5017888177243437e-03
-7.5025658297981981e-03
-7.5033428424753001e-03
-7.5025658319546598e-03
-7.5017888220377197e-03
-7.5025658297974826e-03
-7.5033428381618443e-03
-7.5025658319542599e-03
-7.5017888263498337e-03
