0.0000000000000000e+00
2.4000000661601735e-03
2.6800022334030572e-03
2.7360147968110374e-03
2.7472116627669648e-03
2.7494426744153360e-03
2.7498885487859384e-03
2.7503344229571473e-03
2.7507802969298279e-03
2.7512261707033901e-03
2.7516720442788889e-03
2.7512630268856720e-03
2.7508540093247316e-03
2.7512630269910690e-03
2.7516720444895658e-03
2.7512818235187336e-03
2.7508916023948633e-03
2.7512818236504568e-03
2.7516720447538726e-03
2.7512828553343648e-03
2.7508936657626038e-03
2.7512828554675049e-03
2.7516720450218115e-03
2.7512829110501588e-03
2.7508937769278700e-03
2.7512829111848388e-03
2.7516720452895617e-03
2.7512829131344924e-03
2.7508937808278441e-03
2.7512829132683978e-03
2.7516720455578311e-03
2.7512829131344091e-03
2.7508937805598979e-03
2.7512829132682725e-03
2.7516720458252882e-03
2.7512829131344368e-03
2.7508937802921728e-03
2.7512829132678848e-03
2.7516720460918896e-03
2.7512829131342486e-03
2.7508937800254296e-03
2.7512829132683419e-03
2.7516720463599134e-03
2.7512829131343367e-03
2.7508937797575761e-03
2.7512829132683271e-03
2.7516720466287422e-03
2.7512829131348449e-03
2.7508937794897986e-03
2.7512829132679715e-03
2.7516720468943683e-03
2.7512829131337304e-03
2.7508937792223740e-03
2.7512829132674507e-03
2.7516720471620340e-03
2.7512829131336822e-03
2.7508937789547674e-03
2.7512829132681411e-03
2.7516720474295439e-03
2.7512829131325833e-03
2.7508937786850118e-03
2.7512829132657047e-03
2.7516720476956913e-03
2.7512829131324202e-03
2.7508937784175630e-03
2.7512829132656817e-03
2.7516720479631410e-03
2.7512829131318512e-03
2.7508937781494810e-03
2.7512829132662424e-03
2.7516720482310651e-03
2.7512829131325317e-03
2.7508937778825474e-03
2.7512829132660954e-03
2.7516720484986037e-03
2.7512829131325954e-03
2.7508937776154138e-03
2.7512829132667286e-03
2.7516720487666146e-03
2.7512829131331263e-03
2.7508937773487270e-03
2.7512829132676562e-03
2.7516720490348813e-03
2.7512829131341688e-03
2.7508937770817895e-03
2.7512829132675448e-03
2.7516720493026689e-03
2.7512829131337512e-03
2.7508937768138423e-03
2.7512829132678379e-03
2.7516720495704555e-03
2.7512829131338861e-03
2.7508937765466854e-03
2.7512829132680500e-03
2.7516720498377712e-03
2.7512829131339659e-03
2.7508937762789373e-03
2.7512829132680470e-03
2.7516720501052738e-03
2.7512829131345908e-03
2.7508937760119950e-03
2.7512829132676935e-03
2.7516720503721593e-03
2.7512829131335088e-03
2.7508937757440002e-03
2.7512829132670803e-03
2.7516720506396671e-03
2.7512829131339659e-03
2.7508937754767262e-03
2.7512829132679290e-03
2.7516720509072070e-03
2.7512829131343254e-03
2.7508937752103312e-03
2.7512829132689000e-03
2.7516720511759161e-03
2.7512829131351403e-03
2.7508937749435632e-03
2.7512829132693060e-03
2.7516720514428922e-03
2.7512829131355258e-03
2.7508937746772042e-03
2.7512829132698810e-03
2.7516720517106975e-03
2.7512829131361933e-03
2.7508937744100126e-03
2.7512829132697106e-03
2.7516720519783103e-03
2.7512829131362184e-03
2.7508937741435738e-03
2.7512829132704947e-03
2.7516720522459863e-03
2.7512829131368160e-03
2.7508937738758323e-03
2.7512829132704500e-03
2.7516720525125036e-03
2.7512829131353233e-03
2.7508937736064978e-03
2.7512829132691225e-03
2.7516720527798241e-03
2.7512829131348757e-03
2.7508937733387944e-03
2.7512829132682959e-03
2.7516720530464003e-03
2.7512829131346186e-03
2.7508937730703611e-03
2.7512829132679108e-03
2.7516720533138392e-03
2.7512829131339615e-03
2.7508937728028230e-03
2.7512829132682964e-03
2.7516720535826432e-03
2.7512829131351012e-03
2.7508937725366301e-03
2.7512829132689573e-03
2.7516720538498206e-03
2.7512829131351134e-03
2.7508937722683594e-03
2.7512829132682218e-03
2.7516720541168899e-03
2.7512829131348168e-03
2.7508937720008724e-03
