0.0000000000000000e+00
2.4000000661602333e-03
2.6800022334027051e-03
2.7360147968105951e-03
2.7472116627667207e-03
2.7494426744147493e-03
2.7498885487850784e-03
2.7503344229568511e-03
2.7507802969301922e-03
2.7512261707042618e-03
2.7516720442799180e-03
2.7512630268858051e-03
2.7508540093248938e-03
2.7512630269909441e-03
2.7516720444894431e-03
2.7512818235184561e-03
2.7508916023946820e-03
2.7512818236503948e-03
2.7516720447541354e-03
2.7512828553344021e-03
2.7508936657616332e-03
2.7512828554673071e-03
2.7516720450218258e-03
2.7512829110497355e-03
2.7508937769265725e-03
2.7512829111840868e-03
2.7516720452897912e-03
2.7512829131347448e-03
2.7508937808269000e-03
2.7512829132679433e-03
2.7516720455580497e-03
2.7512829131341936e-03
2.7508937805584355e-03
2.7512829132674680e-03
2.7516720458252409e-03
2.7512829131333418e-03
2.7508937802900751e-03
2.7512829132679559e-03
2.7516720460936039e-03
2.7512829131340643e-03
2.7508937800233071e-03
2.7512829132675743e-03
2.7516720463606394e-03
2.7512829131342989e-03
2.7508937797558570e-03
2.7512829132679980e-03
2.7516720466290836e-03
2.7512829131344950e-03
2.7508937794882156e-03
2.7512829132678674e-03
2.7516720468954842e-03
2.7512829131339277e-03
2.7508937792207972e-03
2.7512829132683670e-03
2.7516720471647783e-03
2.7512829131346572e-03
2.7508937789525257e-03
2.7512829132685284e-03
2.7516720474328148e-03
2.7512829131335955e-03
2.7508937786849689e-03
2.7512829132677282e-03
2.7516720476998963e-03
2.7512829131339797e-03
2.7508937784164909e-03
2.7512829132674606e-03
2.7516720479679045e-03
2.7512829131341307e-03
2.7508937781489280e-03
2.7512829132669420e-03
2.7516720482340896e-03
2.7512829131333674e-03
2.7508937778811526e-03
2.7512829132665473e-03
2.7516720485011286e-03
2.7512829131326666e-03
2.7508937776130732e-03
2.7512829132668223e-03
2.7516720487687847e-03
2.7512829131324948e-03
2.7508937773458200e-03
2.7512829132666223e-03
2.7516720490356225e-03
2.7512829131332650e-03
2.7508937770793053e-03
2.7512829132671506e-03
2.7516720493034157e-03
2.7512829131333466e-03
2.7508937768119164e-03
2.7512829132671575e-03
2.7516720495713784e-03
2.7512829131327043e-03
2.7508937765433642e-03
2.7512829132663496e-03
2.7516720498386485e-03
2.7512829131331488e-03
2.7508937762765360e-03
2.7512829132669294e-03
2.7516720501059477e-03
2.7512829131334801e-03
2.7508937760095968e-03
2.7512829132670547e-03
2.7516720503726767e-03
2.7512829131326783e-03
2.7508937757417641e-03
2.7512829132661384e-03
2.7516720506399928e-03
2.7512829131323660e-03
2.7508937754740928e-03
2.7512829132672980e-03
2.7516720509082248e-03
2.7512829131340847e-03
2.7508937752074494e-03
2.7512829132678301e-03
2.7516720511763628e-03
2.7512829131335751e-03
2.7508937749402169e-03
2.7512829132676705e-03
2.7516720514433029e-03
2.7512829131331835e-03
2.7508937746724828e-03
2.7512829132675439e-03
2.7516720517118407e-03
2.7512829131339980e-03
2.7508937744046497e-03
2.7512829132677928e-03
2.7516720519794790e-03
2.7512829131343813e-03
2.7508937741388957e-03
2.7512829132684772e-03
2.7516720522464486e-03
2.7512829131351789e-03
2.7508937738715718e-03
2.7512829132684568e-03
2.7516720525138242e-03
2.7512829131351043e-03
2.7508937736047982e-03
2.7512829132681597e-03
2.7516720527812209e-03
2.7512829131340487e-03
2.7508937733364200e-03
2.7512829132675717e-03
2.7516720530471276e-03
2.7512829131332130e-03
2.7508937730680808e-03
2.7512829132671501e-03
2.7516720533142325e-03
2.7512829131323027e-03
2.7508937728001328e-03
2.7512829132659007e-03
2.7516720535809250e-03
2.7512829131320312e-03
2.7508937725322247e-03
2.7512829132654072e-03
2.7516720538479965e-03
2.7512829131318955e-03
2.7508937722636830e-03
2.7512829132650017e-03
2.7516720541144297e-03
2.7512829131310680e-03
2.7508937719960399e-03
