0.0000000000000000e+00
2.8000000982700010e-03
3.3600043727767528e-03
3.4721105019892042e-03
3.4944265621023995e-03
3.4988854792739397e-03
3.4997771027234356e-03
3.5004727213114521e-03
3.5011575706898820e-03
3.5018418286414106e-03
3.5025260543851346e-03
3.5025260543851346e-03
3.5025260543851346e-03
3.5025260543851346e-03
3.5025636476684724e-03
3.5025636476684724e-03
3.5025636476684724e-03
3.5025636476684724e-03
3.5025657113008169e-03
3.5025657113008169e-03
3.5025657113008169e-03
3.5025657113008169e-03
3.5025658227327791e-03
3.5025658227327791e-03
3.5025658227327791e-03
3.5025658227327791e-03
3.5025658268995714e-03
3.5025658268995714e-03
3.5025658268995714e-03
3.5025658268995714e-03
3.5025658268995714e-03
3.5025658268995714e-03
3.5025658268995714e-03
3.5025658268995714e-03
3.5025658268995714e-03
3.5025658268995714e-03
3.5025658268995714e-03
3.5025658268995714e-03
3.5025658268995714e-03
3.5025658268995714e-03
3.5025658268995714e-03
3.5025658268995714e-03
3.5025658268995714e-03
3.5025658268995714e-03
3.5025658268995714e-03
3.5025658268995714e-03
3.5025658268995714e-03
3.5025658268995714e-03
3.5025658268995714e-03
3.5025658268995714e-03
3.5025658268995714e-03
3.5025658268995714e-03
3.5025658268995714e-03
3.5025658268995714e-03
3.5025658268995714e-03
3.5025658268995714e-03
3.5025658268995714e-03
3.5025658268995714e-03
3.5025658268995714e-03
3.5025658268995714e-03
3.5025658268995714e-03
3.5025658268995714e-03
3.5025658268995714e-03
3.5025658268995714e-03
3.5025658268995714e-03
3.5025658268995714e-03
3.5025658268995714e-03
3.5025658268995714e-03
3.5025658268995714e-03
3.5025658268995714e-03
3.5025658268995714e-03
3.5025658268995714e-03
3.5025658268995714e-03
3.5025658268995714e-03
3.5025658268995714e-03
3.5025658268995714e-03
3.5025658268995714e-03
3.5025658268995714e-03
3.5025658268995714e-03
3.5025658268995714e-03
3.5025658268995714e-03
3.5025658268995714e-03
3.5025658268995714e-03
3.5025658268995714e-03
3.5025658268995714e-03
3.5025658268995714e-03
3.5025658268995714e-03
3.5025658268995714e-03
3.5025658268995714e-03
3.5025658268995714e-03
3.5025658268995714e-03
3.5025658268995714e-03
3.5025658268995714e-03
3.5025658268995714e-03
3.5025658268995714e-03
3.5025658268995714e-03
3.5025658268995714e-03
3.5025658268995714e-03
3.5025658268995714e-03
3.5025658268995714e-03
3.5025658268995714e-03
3.5025658268995714e-03
3.5025658268995714e-03
3.5025658268995714e-03
3.5025658268995714e-03
3.5025658268995714e-03
3.5025658268995714e-03
3.5025658268995714e-03
3.5025658268995714e-03
3.5025658268995714e-03
3.5025658268995714e-03
3.5025658268995714e-03
3.5025658268995714e-03
3.5025658268995714e-03
3.5025658268995714e-03
3.5025658268995714e-03
3.5025658268995714e-03
3.5025658268995714e-03
3.5025658268995714e-03
3.5025658268995714e-03
3.5025658268995714e-03
3.5025658268995714e-03
3.5025658268995714e-03
3.5025658268995714e-03
3.5025658268995714e-03
3.5025658268995714e-03
3.5025658268995714e-03
3.5025658268995714e-03
3.5025658268995714e-03
3.5025658268995714e-03
3.5025658268995714e-03
3.5025658268995714e-03
3.5025658268995714e-03
3.5025658268995714e-03
3.5025658268995714e-03
3.5025658268995714e-03
3.5025658268995714e-03
3.5025658268995714e-03
3.5025658268995714e-03
3.5025658268995714e-03
3.5025658268995714e-03
3.5025658268995714e-03
3.5025658268995714e-03
3.5025658268995714e-03
3.5025658268995714e-03
3.5025658268995714e-03
3.5025658268995714e-03
3.5025658268995714e-03
3.5025658268995714e-03
3.5025658268995714e-03
3.5025658268995714e-03
3.5025658268995714e-03
3.5025658268995714e-03
3.5025658268995714e-03
3.5025658268995714e-03
3.5025658268995714e-03
3.5025658268995714e-03
3.5025658268995714e-03
3.5025658268995714e-03
3.5025658268995714e-03
3.5025658268995714e-03
