0.0000000000000000e+00
1.2887960433013432e-06
-9.8484900509279098e-05
-1.1640606321211850e-02
-4.6756517385247552e-04
-1.8520209685116186e-05
-7.3855734782895830e-07
8.6411870785031829e-03
1.7756887984105976e-02
2.6898541657610367e-02
3.6041542655056269e-02
-2.6964722102815925e-07
-3.6042140727401466e-02
-1.7655658283758379e-07
3.4387624291400312e-02
-2.7768345161663385e-07
-3.4388233309014235e-02
-1.6070261074001536e-07
3.4297058607588186e-02
-2.7807803803873211e-07
-3.4297668283352796e-02
-1.5991176889777032e-07
3.4292392287081808e-02
-2.7821994421972857e-07
-3.4293001874379246e-02
-1.5970003995421823e-07
3.4292445824604681e-02
-2.7798473601877955e-07
-3.4293055217574614e-02
-1.5966628861120209e-07
3.4292682744146007e-02
-2.7810646306472663e-07
-3.4293292195587362e-02
-1.5973676815217408e-07
3.4292919491371546e-02
-2.7821067053751562e-07
-3.4293529158978237e-02
-1.5968909296621510e-07
3.4293156404871808e-02
-2.7813230688847458e-07
-3.4293765795499219e-02
-1.5967612678293440e-07
3.4293393211245832e-02
-2.7803363486849550e-07
-3.4294002600637516e-02
-1.5963543195005626e-07
3.4293630140876101e-02
-2.7805119868054125e-07
-3.4294239506516423e-02
-1.5970665550331532e-07
3.4293866730114447e-02
-2.7823534559514582e-07
-3.4294476402316101e-02
-1.5974919114099114e-07
3.4294103742079252e-02
-2.7817611716814246e-07
-3.4294713365018277e-02
-1.5976273897250005e-07
3.4294340542056323e-02
-2.7842803678553773e-07
-3.4294950369956084e-02
-1.6000020912583293e-07
3.4294577270085599e-02
-2.7840936937068301e-07
-3.4295187327697242e-02
-1.6008243601877526e-07
3.4294814149457752e-02
-2.7837658535400883e-07
-3.4295424150421187e-02
-1.6004967510117249e-07
3.4295050919488847e-02
-2.7838698654196897e-07
-3.4295660866428150e-02
-1.6002639706327423e-07
3.4295287697888574e-02
-2.7849030615109538e-07
-3.4295897824067625e-02
-1.5996688160487018e-07
3.4295524581700168e-02
-2.7847450744340737e-07
-3.4296134577723889e-02
-1.5992661672440008e-07
3.4295761444333772e-02
-2.7823086597993484e-07
-3.4296371168978289e-02
-1.5984567770852700e-07
3.4295998264850899e-02
-2.7822848548196977e-07
-3.4296607970680598e-02
-1.5979752310766927e-07
3.4296235218456546e-02
-2.7826376039702995e-07
-3.4296844857848501e-02
-1.5980926788279763e-07
3.4296472081760412e-02
-2.7818182296197242e-07
-3.4297081599485274e-02
-1.5974056575154646e-07
3.4296708874119751e-02
-2.7816599468591795e-07
-3.4297318426826151e-02
-1.5981887517852641e-07
3.4296945561848743e-02
-2.7836839166890982e-07
-3.4297555422660164e-02
-1.5994927810041425e-07
3.4297182458564883e-02
-2.7837513928538936e-07
-3.4297792288294188e-02
-1.5976739140306544e-07
3.4297419350144305e-02
-2.7817681321123609e-07
-3.4298029018612716e-02
-1.5968486673760802e-07
3.4297656342496943e-02
-2.7819863345939510e-07
-3.4298265838515828e-02
-1.5966272305205517e-07
3.4297893192379483e-02
-2.7815684818553134e-07
-3.4298502622615405e-02
-1.5962861616569348e-07
3.4298130212670891e-02
-2.7801997692789523e-07
-3.4298739453735148e-02
-1.5953324329510293e-07
3.4298367144081819e-02
-2.7792097505959642e-07
-3.4298976057516549e-02
-1.5936885064779726e-07
3.4298604019080164e-02
-2.7776873847922705e-07
-3.4299212868970030e-02
-1.5938518947714048e-07
3.4298840789321897e-02
-2.7784595115769625e-07
-3.4299449812283035e-02
-1.5955955630348660e-07
3.4299077576809806e-02
-2.7807297949709490e-07
-3.4299686830036584e-02
-1.5966986501407206e-07
3.4299314240865554e-02
-2.7821265538687684e-07
-3.4299923886919007e-02
-1.5974650468980612e-07
3.4299551060571878e-02
-2.7835798846896246e-07
-3.4300160806785655e-02
-1.5992034453194855e-07
3.4299787857222666e-02
-2.7833417963137327e-07
-3.4300397737740726e-02
-1.5996771210295138e-07
3.4300024713634157e-02
-2.7835243840836602e-07
-3.4300634720364875e-02
-1.5996705977390290e-07
3.4300261472227922e-02
-2.7841986927640827e-07
-3.4300871537203140e-02
