0.0000000000000000e+00
4.4000000491349977e+02
4.4000021765613729e+02
4.4000548137169255e+02
4.4000022308522773e+02
4.4000000834267280e+02
4.4000000034343208e+02
4.4002586503833811e+02
4.4005315132137963e+02
4.4008051572517121e+02
4.4010788443284258e+02
4.4000000040416904e+02
4.3989211641956769e+02
4.4000000026427108e+02
4.4010292183957210e+02
4.4000000041635860e+02
4.3989707903315912e+02
4.4000000024047341e+02
4.4010264908835586e+02
4.4000000041700844e+02
4.3989735178548403e+02
4.4000000023915675e+02
4.4010263402363086e+02
4.4000000041698212e+02
4.3989736685016896e+02
4.4000000023899543e+02
4.4010263311765033e+02
4.4000000041699650e+02
4.3989736775618383e+02
4.4000000023912077e+02
4.4010263276185248e+02
4.4000000041708154e+02
4.3989736811208661e+02
4.4000000023905085e+02
4.4010263240582674e+02
4.4000000041699758e+02
4.3989736846791442e+02
4.4000000023898127e+02
4.4010263204982209e+02
4.4000000041694375e+02
4.3989736882379196e+02
4.4000000023887071e+02
4.4010263169383040e+02
4.4000000041689566e+02
4.3989736917971038e+02
4.4000000023894188e+02
4.4010263133796718e+02
4.4000000041691243e+02
4.3989736953568473e+02
4.4000000023894597e+02
4.4010263098205081e+02
4.4000000041694358e+02
4.3989736989164822e+02
4.4000000023896138e+02
4.4010263062614473e+02
4.4000000041696404e+02
4.3989737024759626e+02
4.4000000023903800e+02
4.4010263027031232e+02
4.4000000041699889e+02
4.3989737060363319e+02
4.4000000023904943e+02
4.4010262991433024e+02
4.4000000041699673e+02
4.3989737095950289e+02
4.4000000023909058e+02
4.4010262955842552e+02
4.4000000041696370e+02
4.3989737131536015e+02
4.4000000023900196e+02
4.4010262920238904e+02
4.4000000041697263e+02
4.3989737167132080e+02
4.4000000023895177e+02
4.4010262884641025e+02
4.4000000041694346e+02
4.3989737202733551e+02
4.4000000023900191e+02
4.4010262849045148e+02
4.4000000041700292e+02
4.3989737238329838e+02
4.4000000023898542e+02
4.4010262813441409e+02
4.4000000041694040e+02
4.3989737273926607e+02
4.4000000023898798e+02
4.4010262777852967e+02
4.4000000041688543e+02
4.3989737309513202e+02
4.4000000023893909e+02
4.4010262742253110e+02
4.4000000041684331e+02
4.3989737345095091e+02
4.4000000023882296e+02
4.4010262706655180e+02
4.4000000041682586e+02
4.3989737380694385e+02
4.4000000023880239e+02
4.4010262671046996e+02
4.4000000041688003e+02
4.3989737416306474e+02
4.4000000023887077e+02
4.4010262635441256e+02
4.4000000041697450e+02
4.3989737451921644e+02
4.4000000023888003e+02
4.4010262599842486e+02
4.4000000041694261e+02
4.3989737487523661e+02
4.4000000023890169e+02
4.4010262564241901e+02
4.4000000041695023e+02
4.3989737523128900e+02
4.4000000023893472e+02
4.4010262528639993e+02
4.4000000041700355e+02
4.3989737558737409e+02
4.4000000023893244e+02
4.4010262493027278e+02
4.4000000041692192e+02
4.3989737594342370e+02
4.4000000023891346e+02
4.4010262457419924e+02
4.4000000041690424e+02
4.3989737629933410e+02
4.4000000023886213e+02
4.4010262421820204e+02
4.4000000041697206e+02
4.3989737665556595e+02
4.4000000023892352e+02
4.4010262386213418e+02
4.4000000041701264e+02
4.3989737701164830e+02
4.4000000023898843e+02
4.4010262350610503e+02
4.4000000041695080e+02
4.3989737736767484e+02
4.4000000023899190e+02
4.4010262315008777e+02
4.4000000041698581e+02
4.3989737772376134e+02
4.4000000023896712e+02
4.4010262279398290e+02
4.4000000041702117e+02
4.3989737807982362e+02
4.4000000023898167e+02
4.4010262243797695e+02
4.4000000041707358e+02
4.3989737843594230e+02
4.4000000023907398e+02
4.4010262208197793e+02
4.4000000041711735e+02
4.3989737879208758e+02
4.4000000023907035e+02
4.4010262172584191e+02
4.4000000041707921e+02
4.3989737914806659e+02
4.4000000023898917e+02
4.4010262136977167e+02
4.4000000041702117e+02
4.3989737950400087e+02
