0.0000000000000000e+00
-4.4000000362470496e+02
-4.4000031614102511e+02
-4.4001712197799412e+02
-4.4000069065038957e+02
-4.4000002686284830e+02
-4.4000000108194126e+02
-4.4001722385123639e+02
-4.4003539443338974e+02
-4.4005361718352765e+02
-4.4007184289020751e+02
-4.4000000067381239e+02
-4.3992815856029659e+02
-4.4000000044081844e+02
-4.4006853421527177e+02
-4.4000000069402944e+02
-4.3993146726645648e+02
-4.4000000040117573e+02
-4.4006835202976185e+02
-4.4000000069509122e+02
-4.3993164945373405e+02
-4.4000000039906786e+02
-4.4006834163135670e+02
-4.4000000069517927e+02
-4.3993165985198215e+02
-4.4000000039865347e+02
-4.4006834067183172e+02
-4.4000000069497986e+02
-4.3993166081135621e+02
-4.4000000039876863e+02
-4.4006834007911618e+02
-4.4000000069517711e+02
-4.3993166140422676e+02
-4.4000000039875891e+02
-4.4006833948634056e+02
-4.4000000069517279e+02
-4.3993166199698601e+02
-4.4000000039868320e+02
-4.4006833889349150e+02
-4.4000000069507416e+02
-4.3993166258950629e+02
-4.4000000039852029e+02
-4.4006833830065165e+02
-4.4000000069494610e+02
-4.3993166318226099e+02
-4.4000000039859282e+02
-4.4006833770787142e+02
-4.4000000069497241e+02
-4.3993166377515143e+02
-4.4000000039867837e+02
-4.4006833711540503e+02
-4.4000000069521798e+02
-4.3993166436800595e+02
-4.4000000039877239e+02
-4.4006833652254198e+02
-4.4000000069519069e+02
-4.3993166496087127e+02
-4.4000000039880524e+02
-4.4006833592988573e+02
-4.4000000069545797e+02
-4.3993166555398727e+02
-4.4000000039912936e+02
-4.4006833533722664e+02
-4.4000000069546917e+02
-4.3993166614677040e+02
-4.4000000039924305e+02
-4.4006833474448126e+02
-4.4000000069543199e+02
-4.3993166673946257e+02
-4.4000000039905876e+02
-4.4006833415158769e+02
-4.4000000069538447e+02
-4.3993166733213144e+02
-4.4000000039899453e+02
-4.4006833355881832e+02
-4.4000000069542153e+02
-4.3993166792504383e+02
-4.4000000039898009e+02
-4.4006833296595971e+02
-4.4000000069546877e+02
-4.3993166851776789e+02
-4.4000000039888960e+02
-4.4006833237302624e+02
-4.4000000069514954e+02
-4.3993166911033404e+02
-4.4000000039882565e+02
-4.4006833178030405e+02
-4.4000000069510236e+02
-4.3993166970302087e+02
-4.4000000039871236e+02
-4.4006833118736029e+02
-4.4000000069505683e+02
-4.3993167029567104e+02
-4.4000000039856616e+02
-4.4006833059451696e+02
-4.4000000069496934e+02
-4.3993167088842648e+02
-4.4000000039847566e+02
-4.4006833000161078e+02
-4.4000000069499117e+02
-4.3993167148138548e+02
-4.4000000039865279e+02
-4.4006832940887193e+02
-4.4000000069530438e+02
-4.3993167207453888e+02
-4.4000000039878381e+02
-4.4006832881597637e+02
-4.4000000069523844e+02
-4.3993167266740312e+02
-4.4000000039862528e+02
-4.4006832822310457e+02
-4.4000000069511026e+02
-4.3993167326018920e+02
-4.4000000039856781e+02
-4.4006832763007219e+02
-4.4000000069513430e+02
-4.3993167385306270e+02
-4.4000000039852159e+02
-4.4006832703710529e+02
-4.4000000069498140e+02
-4.3993167444583150e+02
-4.4000000039843025e+02
-4.4006832644402476e+02
-4.4000000069482837e+02
-4.3993167503855625e+02
-4.4000000039831713e+02
-4.4006832585111687e+02
-4.4000000069483099e+02
-4.3993167563143516e+02
-4.4000000039823334e+02
-4.4006832525815918e+02
-4.4000000069473788e+02
-4.3993167622436107e+02
-4.4000000039832400e+02
-4.4006832466538748e+02
-4.4000000069478477e+02
-4.3993167681741329e+02
-4.4000000039851813e+02
-4.4006832407257269e+02
-4.4000000069502158e+02
-4.3993167741048478e+02
-4.4000000039860163e+02
-4.4006832347977536e+02
-4.4000000069516364e+02
-4.3993167800357912e+02
-4.4000000039865984e+02
-4.4006832288690759e+02
-4.4000000069534718e+02
-4.3993167859662890e+02
-4.4000000039887959e+02
-4.4006832229403938e+02
-4.4000000069530955e+02
-4.3993167918961950e+02
-4.4000000039887016e+02
-4.4006832170104354e+02
-4.4000000069527977e+02
-4.3993167978257117e+02
-4.4000000039880194e+02
-4.4006832110817362e+02
-4.4000000069525282e+02
-4.3993168037530825e+02
