0.0000000000000000e+00
1.2887931608922480e-06
-9.8484874637314778e-05
-1.1640606282241353e-02
-4.6756514969253417e-04
-1.8520141974387019e-05
-7.3846128635701186e-07
8.6411871247204178e-03
1.7756887995485651e-02
2.6898541629987251e-02
3.6041542614458598e-02
-2.6963946277193641e-07
-3.6042140730579313e-02
-1.7653778247193525e-07
3.4387624309033332e-02
-2.7765851243846958e-07
-3.4388233286095186e-02
-1.6070215814050227e-07
3.4297058580729317e-02
-2.7808748928985507e-07
-3.4297668216709661e-02
-1.5991044882135175e-07
3.4292392260687865e-02
-2.7817470206125834e-07
-3.4293001752360060e-02
-1.5961556885889073e-07
3.4292445813079227e-02
-2.7798187072913667e-07
-3.4293055127229674e-02
-1.5962953636713501e-07
3.4292682728858832e-02
-2.7808461760698961e-07
-3.4293292085498167e-02
-1.5967914813911406e-07
3.4292919481521619e-02
-2.7813954677429221e-07
-3.4293528984439249e-02
-1.5971465340303210e-07
3.4293156256660330e-02
-2.7812853504531552e-07
-3.4293765632988485e-02
-1.5962334696228127e-07
3.4293393145953699e-02
-2.7806695267197152e-07
-3.4294002501413484e-02
-1.5966619335045669e-07
3.4293630050753553e-02
-2.7806857010190426e-07
-3.4294239426894912e-02
-1.5975800283424818e-07
3.4293866560596520e-02
-2.7831361758724540e-07
-3.4294476313701278e-02
-1.5987401664063907e-07
3.4294103463787237e-02
-2.7827760338739657e-07
-3.4294713185161883e-02
-1.5977126769153615e-07
3.4294340311772614e-02
-2.7849006878847135e-07
-3.4294950337756328e-02
-1.6015989690386803e-07
3.4294576937388466e-02
-2.7853556813029793e-07
-3.4295187207218844e-02
-1.6022173571610284e-07
3.4294813739379988e-02
-2.7856032120234196e-07
-3.4295424054272813e-02
-1.6006350283254666e-07
3.4295050683156247e-02
-2.7843734230416550e-07
-3.4295660754291475e-02
-1.6005968684004756e-07
3.4295287485934252e-02
-2.7846610292101177e-07
-3.4295897592362713e-02
-1.5998926278800408e-07
3.4295524401944569e-02
-2.7845760751013488e-07
-3.4296134361556881e-02
-1.5988221987169124e-07
3.4295761331065863e-02
-2.7818766579265156e-07
-3.4296370967289394e-02
-1.5982901566258284e-07
3.4295998186190849e-02
-2.7820574902220871e-07
-3.4296607806288973e-02
-1.5974889923788747e-07
3.4296235123268820e-02
-2.7816375104519106e-07
-3.4296844582101957e-02
-1.5967738835110311e-07
3.4296471987853780e-02
-2.7810584593458196e-07
-3.4297081365669675e-02
-1.5960566557606603e-07
3.4296708843749628e-02
-2.7805632881628084e-07
-3.4297318214899064e-02
-1.5974524895667393e-07
3.4296945519510909e-02
-2.7829107838691309e-07
-3.4297555221985673e-02
-1.5985838911723210e-07
3.4297182438424313e-02
-2.7821612182964095e-07
-3.4297792044468436e-02
-1.5967928318937947e-07
3.4297419279199846e-02
-2.7814300667474711e-07
-3.4298028781697694e-02
-1.5958040068823150e-07
3.4297656312415770e-02
-2.7806345037153518e-07
-3.4298265539194968e-02
-1.5951522851963731e-07
3.4297893143149238e-02
-2.7796181690531253e-07
-3.4298502193296179e-02
-1.5940502416955927e-07
3.4298130136103035e-02
-2.7782853306044238e-07
-3.4298738990350401e-02
-1.5937722582543785e-07
3.4298367026106613e-02
-2.7779649051372658e-07
-3.4298975680924972e-02
-1.5925040782902211e-07
3.4298603931383273e-02
-2.7768156743697059e-07
-3.4299212557002107e-02
-1.5928617971898745e-07
3.4298840646168657e-02
-2.7782237898855651e-07
-3.4299449664928879e-02
-1.5949241390754850e-07
3.4299077453214720e-02
-2.7799832629554117e-07
-3.4299686616704093e-02
-1.5959862442231478e-07
3.4299314174189577e-02
-2.7807173531124622e-07
-3.4299923623641565e-02
-1.5960963847104047e-07
3.4299551077997426e-02
-2.7818911362448281e-07
-3.4300160566605786e-02
-1.5969114601680264e-07
3.4299788020179883e-02
-2.7805040818555144e-07
-3.4300397325691727e-02
-1.5963223119142074e-07
3.4300024882533801e-02
-2.7804785128406829e-07
-3.4300634288615892e-02
-1.5965809682671293e-07
3.4300261724354700e-02
-2.7804320693771524e-07
-3.4300871077235270e-02
