2.9999999999999983e+02
4.4000000491349982e+02
4.4000021765613747e+02
4.4000548137169221e+02
4.4000022308522773e+02
4.4000000834267280e+02
4.4000000034343202e+02
4.4002586503833800e+02
4.4005315132137929e+02
4.4008051572517132e+02
4.4010788443284235e+02
4.4010104217540515e+02
4.4010104217540515e+02
4.4010104217540515e+02
4.4010292183957216e+02
4.4010254590673867e+02
4.4010254590673867e+02
4.4010254590673867e+02
4.4010264908835592e+02
4.4010262845203238e+02
4.4010262845203238e+02
4.4010262845203238e+02
4.4010263402363051e+02
4.4010263290931113e+02
4.4010263290931113e+02
4.4010263290931113e+02
4.4010263311765050e+02
4.4010263307598245e+02
4.4010263307598245e+02
4.4010263307598245e+02
4.4010263307598245e+02
4.4010263307598245e+02
4.4010263307598245e+02
4.4010263307598245e+02
4.4010263307598245e+02
4.4010263307598245e+02
4.4010263307598245e+02
4.4010263307598245e+02
4.4010263307598245e+02
4.4010263307598245e+02
4.4010263307598245e+02
4.4010263307598245e+02
4.4010263307598245e+02
4.4010263307598245e+02
4.4010263307598245e+02
4.4010263307598245e+02
4.4010263307598245e+02
4.4010263307598245e+02
4.4010263307598245e+02
4.4010263307598245e+02
4.4010263307598245e+02
4.4010263307598245e+02
4.4010263307598245e+02
4.4010263307598245e+02
4.4010263307598245e+02
4.4010263307598245e+02
4.4010263307598245e+02
4.4010263307598245e+02
4.4010263307598245e+02
4.4010263307598245e+02
4.4010263307598245e+02
4.4010263307598245e+02
4.4010263307598245e+02
4.4010263307598245e+02
4.4010263307598245e+02
4.4010263307598245e+02
4.4010263307598245e+02
4.4010263307598245e+02
4.4010263307598245e+02
4.4010263307598245e+02
4.4010263307598245e+02
4.4010263307598245e+02
4.4010263307598245e+02
4.4010263307598245e+02
4.4010263307598245e+02
4.4010263307598245e+02
4.4010263307598245e+02
4.4010263307598245e+02
4.4010263307598245e+02
4.4010263307598245e+02
4.4010263307598245e+02
4.4010263307598245e+02
4.4010263307598245e+02
4.4010263307598245e+02
4.4010263307598245e+02
4.4010263307598245e+02
4.4010263307598245e+02
4.4010263307598245e+02
4.4010263307598245e+02
4.4010263307598245e+02
4.4010263307598245e+02
4.4010263307598245e+02
4.4010263307598245e+02
4.4010263307598245e+02
4.4010263307598245e+02
4.4010263307598245e+02
4.4010263307598245e+02
4.4010263307598245e+02
4.4010263307598245e+02
4.4010263307598245e+02
4.4010263307598245e+02
4.4010263307598245e+02
4.4010263307598245e+02
4.4010263307598245e+02
4.4010263307598245e+02
4.4010263307598245e+02
4.4010263307598245e+02
4.4010263307598245e+02
4.4010263307598245e+02
4.4010263307598245e+02
4.4010263307598245e+02
4.4010263307598245e+02
4.4010263307598245e+02
4.4010263307598245e+02
4.4010263307598245e+02
4.4010263307598245e+02
4.4010263307598245e+02
4.4010263307598245e+02
4.4010263307598245e+02
4.4010263307598245e+02
4.4010263307598245e+02
4.4010263307598245e+02
4.4010263307598245e+02
4.4010263307598245e+02
4.4010263307598245e+02
4.4010263307598245e+02
4.4010263307598245e+02
4.4010263307598245e+02
4.4010263307598245e+02
4.4010263307598245e+02
4.4010263307598245e+02
4.4010263307598245e+02
4.4010263307598245e+02
4.4010263307598245e+02
4.4010263307598245e+02
4.4010263307598245e+02
4.4010263307598245e+02
4.4010263307598245e+02
4.4010263307598245e+02
4.4010263307598245e+02
4.4010263307598245e+02
4.4010263307598245e+02
4.4010263307598245e+02
4.4010263307598245e+02
4.4010263307598245e+02
4.4010263307598245e+02
4.4010263307598245e+02
4.4010263307598245e+02
4.4010263307598245e+02
4.4010263307598245e+02
4.4010263307598245e+02
4.4010263307598245e+02
4.4010263307598245e+02
4.4010263307598245e+02
4.4010263307598245e+02
4.4010263307598245e+02
4.4010263307598245e+02
4.4010263307598245e+02
4.4010263307598245e+02
4.4010263307598245e+02
4.4010263307598245e+02
