0.0000000000000000e+00
0.0000000000000000e+00
0.0000000000000000e+00
0.0000000000000000e+00
-6.9333333461677853e+00
-2.0053333343836972e+01
-2.2677333844730185e+01
-2.3202494016364419e+01
-2.3307180072984895e+01
-2.3328103238435567e+01
-2.3344424070992893e+01
-2.3344424070992893e+01
-2.3344424070992893e+01
-2.3344424070992893e+01
-2.3344424070992893e+01
-2.3344424070992893e+01
-2.3344424070992890e+01
-2.3344424070992932e+01
-2.3344424070992940e+01
-2.3344424070992925e+01
-2.3344424070992915e+01
-2.3344424070992915e+01
-2.3344424070992915e+01
-2.3344424070992915e+01
-2.3344424070992915e+01
-1.4015527074911574e+01
-1.2149747859680254e+01
-1.1776773204976045e+01
-1.1702004051838120e+01
-1.1687043326297442e+01
-1.1675368790288168e+01
-1.1675368790288168e+01
-1.1675368790288170e+01
-1.1675368790288170e+01
-1.1675368790288170e+01
-1.1675368790288170e+01
-1.1675368790288164e+01
-1.1675368790288154e+01
-1.1675368790288136e+01
-1.1675368790288125e+01
-1.1675368790288127e+01
-1.1675368790288127e+01
-1.1675368790288127e+01
-1.1675368790288127e+01
-1.1675368790288127e+01
-1.1675368790288127e+01
-1.1675368790288127e+01
-1.1675368790288125e+01
-1.1675368790288118e+01
-1.1675368790288141e+01
-1.1675368790288154e+01
-1.1675368790288154e+01
-1.1675368790288154e+01
-1.1675368790288154e+01
-1.1675368790288154e+01
-1.1675368790288154e+01
-1.1675368790288164e+01
-1.1675368790288161e+01
-1.1675368790288177e+01
-1.1675368790288196e+01
-1.1675368790288204e+01
-1.1675368790288204e+01
-1.1675368790288204e+01
-1.1675368790288204e+01
-1.1675368790288204e+01
-1.1675368790288204e+01
-1.1675368790288214e+01
-1.1675368790288205e+01
-1.1675368790288232e+01
-1.1675368790288225e+01
-1.1675368790288243e+01
-1.1675368790288243e+01
-1.1675368790288243e+01
-1.1675368790288243e+01
-1.1675368790288243e+01
-1.1675368790288239e+01
-1.1675368790288246e+01
-1.1675368790288253e+01
-1.1675368790288248e+01
-1.1675368790288243e+01
-1.1675368790288228e+01
-1.1675368790288228e+01
-1.1675368790288228e+01
-1.1675368790288228e+01
-1.1675368790288228e+01
-1.1675368790288228e+01
-1.1675368790288220e+01
-1.1675368790288221e+01
-1.1675368790288221e+01
-1.1675368790288232e+01
-1.1675368790288227e+01
-1.1675368790288227e+01
-1.1675368790288227e+01
-1.1675368790288227e+01
-1.1675368790288227e+01
-1.1675368790288227e+01
-1.1675368790288259e+01
-1.1675368790288262e+01
-1.1675368790288246e+01
-1.1675368790288271e+01
-1.1675368790288278e+01
-1.1675368790288278e+01
-1.1675368790288278e+01
-1.1675368790288278e+01
-1.1675368790288278e+01
-1.1675368790288278e+01
-1.1675368790288269e+01
-1.1675368790288273e+01
-1.1675368790288257e+01
-1.1675368790288271e+01
-1.1675368790288282e+01
-1.1675368790288285e+01
-1.1675368790288285e+01
-1.1675368790288285e+01
-1.1675368790288285e+01
-1.1675368790288287e+01
-1.1675368790288273e+01
-1.1675368790288278e+01
-1.1675368790288296e+01
-1.1675368790288296e+01
-1.1675368790288307e+01
-1.1675368790288307e+01
-1.1675368790288307e+01
-1.1675368790288307e+01
-1.1675368790288307e+01
-1.1675368790288307e+01
-1.1675368790288335e+01
-1.1675368790288335e+01
-1.1675368790288331e+01
-1.1675368790288339e+01
-1.1675368790288324e+01
-1.1675368790288324e+01
-1.1675368790288324e+01
-1.1675368790288324e+01
-1.1675368790288324e+01
-1.1675368790288324e+01
-1.1675368790288365e+01
-1.1675368790288379e+01
-1.1675368790288355e+01
-1.1675368790288376e+01
-1.1675368790288365e+01
-1.1675368790288365e+01
-1.1675368790288365e+01
-1.1675368790288365e+01
-1.1675368790288365e+01
-1.1675368790288365e+01
-1.1675368790288362e+01
-1.1675368790288351e+01
-1.1675368790288344e+01
-1.1675368790288358e+01
-1.1675368790288397e+01
-1.1675368790288390e+01
-1.1675368790288390e+01
-1.1675368790288390e+01
-1.1675368790288390e+01
-1.1675368790288390e+01
-1.1675368790288367e+01
-1.1675368790288355e+01
-1.1675368790288388e+01
-1.1675368790288363e+01
-1.1675368790288362e+01
