0.0000000000000000e+00
0.0000000000000000e+00
0.0000000000000000e+00
0.0000000000000000e+00
3.4666666730833735e+00
1.0026666671917031e+01
1.1338666922363451e+01
1.1601247008180518e+01
1.1653590036490776e+01
1.1664051619216107e+01
1.1672212035494754e+01
1.1672212035494720e+01
1.1672212035494734e+01
1.1672212035494749e+01
1.1672212035494763e+01
1.1672212035494780e+01
1.1672212035494779e+01
1.1672212035494805e+01
1.1672212035494841e+01
1.1672212035494866e+01
1.1672212035494860e+01
1.1672212035494857e+01
1.1672212035494860e+01
1.1672212035494864e+01
1.1672212035494866e+01
7.0077635374555829e+00
6.0748739298402166e+00
5.8883866024881710e+00
5.8510020259192146e+00
5.8435216631488851e+00
5.8376843951442545e+00
5.8376843951442519e+00
5.8376843951442483e+00
5.8376843951442403e+00
5.8376843951442350e+00
5.8376843951442332e+00
5.8376843951442261e+00
5.8376843951442243e+00
5.8376843951442208e+00
5.8376843951442172e+00
5.8376843951442137e+00
5.8376843951442172e+00
5.8376843951442092e+00
5.8376843951442012e+00
5.8376843951441977e+00
5.8376843951441995e+00
5.8376843951441852e+00
5.8376843951441799e+00
5.8376843951441817e+00
5.8376843951441781e+00
5.8376843951441764e+00
5.8376843951441879e+00
5.8376843951441844e+00
5.8376843951441826e+00
5.8376843951441790e+00
5.8376843951441755e+00
5.8376843951441710e+00
5.8376843951441639e+00
5.8376843951441648e+00
5.8376843951441648e+00
5.8376843951441675e+00
5.8376843951441630e+00
5.8376843951441622e+00
5.8376843951441675e+00
5.8376843951441657e+00
5.8376843951441639e+00
5.8376843951441648e+00
5.8376843951441648e+00
5.8376843951441577e+00
5.8376843951441533e+00
5.8376843951441604e+00
5.8376843951441559e+00
5.8376843951441550e+00
5.8376843951441533e+00
5.8376843951441533e+00
5.8376843951441515e+00
5.8376843951441648e+00
5.8376843951441737e+00
5.8376843951441710e+00
5.8376843951441701e+00
5.8376843951441701e+00
5.8376843951441728e+00
5.8376843951441852e+00
5.8376843951441870e+00
5.8376843951441906e+00
5.8376843951441897e+00
5.8376843951441924e+00
5.8376843951442092e+00
5.8376843951442119e+00
5.8376843951442225e+00
5.8376843951442279e+00
5.8376843951442323e+00
5.8376843951442314e+00
5.8376843951442403e+00
5.8376843951442314e+00
5.8376843951442456e+00
5.8376843951442368e+00
5.8376843951442403e+00
5.8376843951442439e+00
5.8376843951442439e+00
5.8376843951442394e+00
5.8376843951442359e+00
5.8376843951442305e+00
5.8376843951442225e+00
5.8376843951442163e+00
5.8376843951442154e+00
5.8376843951442154e+00
5.8376843951442261e+00
5.8376843951442181e+00
5.8376843951442217e+00
5.8376843951442217e+00
5.8376843951442190e+00
5.8376843951442190e+00
5.8376843951442243e+00
5.8376843951442208e+00
5.8376843951442154e+00
5.8376843951442057e+00
5.8376843951441959e+00
5.8376843951442039e+00
5.8376843951442172e+00
5.8376843951442154e+00
5.8376843951442243e+00
5.8376843951442190e+00
5.8376843951442172e+00
5.8376843951442172e+00
5.8376843951442252e+00
5.8376843951442270e+00
5.8376843951442217e+00
5.8376843951442181e+00
5.8376843951442119e+00
5.8376843951442119e+00
5.8376843951442066e+00
5.8376843951442003e+00
5.8376843951441986e+00
5.8376843951442030e+00
5.8376843951442074e+00
5.8376843951442181e+00
5.8376843951441977e+00
5.8376843951442003e+00
5.8376843951442012e+00
5.8376843951442039e+00
5.8376843951442012e+00
5.8376843951441941e+00
5.8376843951441870e+00
5.8376843951441790e+00
5.8376843951441781e+00
5.8376843951441684e+00
5.8376843951441524e+00
5.8376843951441533e+00
5.8376843951441595e+00
5.8376843951441799e+00
5.8376843951441915e+00
5.8376843951441870e+00
5.8376843951441941e+00
5.8376843951441915e+00
5.8376843951441861e+00
5.8376843951441879e+00
5.8376843951441959e+00
5.8376843951442057e+00
5.8376843951442074e+00
5.8376843951442083e+00
