0.0000000000000000e+00
0.0000000000000000e+00
0.0000000000000000e+00
0.0000000000000000e+00
3.4666666730843998e+00
1.0026666671919932e+01
1.1338666922366729e+01
1.1601247008183941e+01
1.1653590036494219e+01
1.1664051619219554e+01
1.1672212035498205e+01
1.1672212035498182e+01
1.1672212035498172e+01
1.1672212035498189e+01
1.1672212035498204e+01
1.1672212035498221e+01
1.1672212035498211e+01
1.1672212035498218e+01
1.1672212035498216e+01
1.1672212035498209e+01
1.1672212035498212e+01
1.1672212035498209e+01
1.1672212035498212e+01
1.1672212035498214e+01
1.1672212035498221e+01
7.0077635374561691e+00
6.0748739298402246e+00
5.8883866024880582e+00
5.8510020259190814e+00
5.8435216631487510e+00
5.8376843951441177e+00
5.8376843951441160e+00
5.8376843951441124e+00
5.8376843951441089e+00
5.8376843951441018e+00
5.8376843951441000e+00
5.8376843951440911e+00
5.8376843951440858e+00
5.8376843951440671e+00
5.8376843951440600e+00
5.8376843951440538e+00
5.8376843951440502e+00
5.8376843951440431e+00
5.8376843951440387e+00
5.8376843951440316e+00
5.8376843951440334e+00
5.8376843951440414e+00
5.8376843951440431e+00
5.8376843951440378e+00
5.8376843951440343e+00
5.8376843951440360e+00
5.8376843951440485e+00
5.8376843951440387e+00
5.8376843951440414e+00
5.8376843951440378e+00
5.8376843951440271e+00
5.8376843951440343e+00
5.8376843951440431e+00
5.8376843951440520e+00
5.8376843951440547e+00
5.8376843951440476e+00
5.8376843951440458e+00
5.8376843951440467e+00
5.8376843951440467e+00
5.8376843951440485e+00
5.8376843951440458e+00
5.8376843951440360e+00
5.8376843951440307e+00
5.8376843951440280e+00
5.8376843951440254e+00
5.8376843951440307e+00
5.8376843951440298e+00
5.8376843951440307e+00
5.8376843951440236e+00
5.8376843951440271e+00
5.8376843951440236e+00
5.8376843951440387e+00
5.8376843951440591e+00
5.8376843951440520e+00
5.8376843951440538e+00
5.8376843951440476e+00
5.8376843951440431e+00
5.8376843951440627e+00
5.8376843951440609e+00
5.8376843951440645e+00
5.8376843951440645e+00
5.8376843951440671e+00
5.8376843951440787e+00
5.8376843951440698e+00
5.8376843951440698e+00
5.8376843951440618e+00
5.8376843951440698e+00
5.8376843951440698e+00
5.8376843951440769e+00
5.8376843951440716e+00
5.8376843951440733e+00
5.8376843951440769e+00
5.8376843951440751e+00
5.8376843951440636e+00
5.8376843951440760e+00
5.8376843951440760e+00
5.8376843951440689e+00
5.8376843951440609e+00
5.8376843951440565e+00
5.8376843951440511e+00
5.8376843951440458e+00
5.8376843951440458e+00
5.8376843951440431e+00
5.8376843951440378e+00
5.8376843951440520e+00
5.8376843951440573e+00
5.8376843951440547e+00
5.8376843951440573e+00
5.8376843951440627e+00
5.8376843951440547e+00
5.8376843951440511e+00
5.8376843951440502e+00
5.8376843951440414e+00
5.8376843951440467e+00
5.8376843951440476e+00
5.8376843951440529e+00
5.8376843951440627e+00
5.8376843951440609e+00
5.8376843951440573e+00
5.8376843951440645e+00
5.8376843951440733e+00
5.8376843951440733e+00
5.8376843951440662e+00
5.8376843951440698e+00
5.8376843951440698e+00
5.8376843951440769e+00
5.8376843951440662e+00
5.8376843951440591e+00
5.8376843951440573e+00
5.8376843951440645e+00
5.8376843951440662e+00
5.8376843951440689e+00
5.8376843951440884e+00
5.8376843951440867e+00
5.8376843951440840e+00
5.8376843951440858e+00
5.8376843951440849e+00
5.8376843951440742e+00
5.8376843951440724e+00
5.8376843951440671e+00
5.8376843951440662e+00
5.8376843951440760e+00
5.8376843951440627e+00
5.8376843951440716e+00
5.8376843951440751e+00
5.8376843951440875e+00
5.8376843951440893e+00
5.8376843951440893e+00
5.8376843951440982e+00
5.8376843951440964e+00
5.8376843951440893e+00
5.8376843951440680e+00
5.8376843951440751e+00
5.8376843951440804e+00
5.8376843951440733e+00
5.8376843951440724e+00
