0.0000000000000000e+00
-8.0000000033825149e-04
-1.6000000002501838e-03
-2.4000000002503785e-03
-4.2400000026913140e-03
-7.0080000020463808e-03
-7.4016001141729362e-03
-7.4804248287333799e-03
-7.4960790554097125e-03
-7.4992155654192089e-03
-7.5023520852657679e-03
-6.7016636189464454e-03
-5.9016636105580708e-03
-5.1016636108987979e-03
-4.3016636108987047e-03
-3.5016636106491809e-03
-3.5016636106489293e-03
-3.5016636106488235e-03
-3.5016636106486162e-03
-3.5016636106489220e-03
-3.5016636106493439e-03
-2.7016636109860612e-03
-1.9016636108984185e-03
-1.1016636108980475e-03
-3.0166361089814113e-04
1.8976709362411711e-03
2.1775378039283013e-03
2.2334584265484730e-03
2.2446983740256497e-03
2.2469434595632455e-03
2.2491885400608789e-03
1.4486946728675051e-03
6.4869468026066660e-04
-1.5130531879362888e-04
-9.5130531879370254e-04
-1.7513053185438244e-03
-1.7513053185435402e-03
-1.7513053185425624e-03
-1.7513053185416491e-03
-1.7513053185411222e-03
-1.7513053185401733e-03
-2.5513053188801964e-03
-3.3513053187922588e-03
-4.1513053187913216e-03
-4.9513053187914139e-03
-5.7513053187913570e-03
-5.7513053187488797e-03
-5.7513053187067511e-03
-5.7513053186653111e-03
-5.7513053186241322e-03
-5.7513053185818397e-03
-4.9513053188777441e-03
-4.1513053187895201e-03
-3.3513053187901199e-03
-2.5513053187903381e-03
-1.7513053185412267e-03
-1.7513053185410341e-03
-1.7513053185414231e-03
-1.7513053185412299e-03
-1.7513053185409060e-03
-1.7513053185411497e-03
-9.5130531887837157e-04
-1.5130531879056495e-04
6.4869468120897389e-04
1.4486946812093814e-03
2.2486946812098219e-03
2.2486946763128597e-03
2.2486946714163091e-03
2.2486946665190052e-03
2.2486946616218214e-03
2.2486946567249104e-03
1.4486946811195184e-03
6.4869468120764108e-04
-1.5130531879151046e-04
-9.5130531879187002e-04
-1.7513053185421929e-03
-1.7513053185417365e-03
-1.7513053185413152e-03
-1.7513053185419130e-03
-1.7513053185421962e-03
-1.7513053185427094e-03
-2.5513053188805025e-03
-3.3513053187925459e-03
-4.1513053187929808e-03
-4.9513053187933594e-03
-5.7513053187925210e-03
-5.7513053187514766e-03
-5.7513053187097278e-03
-5.7513053186679080e-03
-5.7513053186262035e-03
-5.7513053185851721e-03
-4.9513053188798275e-03
-4.1513053187918064e-03
-3.3513053187917002e-03
-2.5513053187914570e-03
-1.7513053185421099e-03
-1.7513053185419321e-03
-1.7513053185425822e-03
-1.7513053185419425e-03
-1.7513053185413447e-03
-1.7513053185410615e-03
-9.5130531888112696e-04
-1.5130531879259813e-04
6.4869468120739746e-04
1.4486946812069454e-03
2.2486946812063794e-03
2.2486946763101423e-03
2.2486946714123960e-03
2.2486946665154850e-03
2.2486946616190962e-03
2.2486946567226974e-03
1.4486946811171316e-03
6.4869468120535006e-04
-1.5130531879472859e-04
-9.5130531879543791e-04
-1.7513053185451209e-03
-1.7513053185455451e-03
-1.7513053185456223e-03
-1.7513053185463365e-03
-1.7513053185464578e-03
-1.7513053185467325e-03
-2.5513053188835925e-03
-3.3513053187950964e-03
-4.1513053187957928e-03
-4.9513053187956423e-03
-5.7513053187966583e-03
-5.7513053187553866e-03
-5.7513053187136110e-03
-5.7513053186710157e-03
-5.7513053186296504e-03
-5.7513053185880032e-03
-4.9513053188831035e-03
-4.1513053187949255e-03
-3.3513053187947924e-03
-2.5513053187943696e-03
-1.7513053185452823e-03
-1.7513053185449574e-03
-1.7513053185454440e-03
-1.7513053185453571e-03
-1.7513053185459209e-03
-1.7513053185450485e-03
-9.5130531888151359e-04
-1.5130531879441962e-04
6.4869468120639165e-04
1.4486946812064241e-03
2.2486946812056898e-03
2.2486946763103578e-03
2.2486946714133358e-03
2.2486946665169491e-03
2.2486946616202185e-03
2.2486946567233075e-03
1.4486946811178125e-03
6.4869468120645648e-04
-1.5130531879324627e-04
-9.5130531879279452e-04
-1.7513053185428747e-03
-1.7513053185427424e-03
-1.7513053185432639e-03
-1.7513053185438470e-03
-1.7513053185442718e-03
-1.7513053185447289e-03
