0.0000000000000000e+00
2.0000000008920152e-04
4.0000000014636428e-04
6.0000000014644780e-04
1.3200000012898964e-03
2.5040000009927108e-03
2.7008000442967283e-03
2.7401670562619950e-03
2.7480377055892208e-03
2.7496077107145656e-03
2.7511777133754044e-03
2.5508318102114725e-03
2.3508318053531308e-03
2.1508318054703798e-03
1.9508318054702913e-03
1.7508318053237977e-03
1.7508318053245063e-03
1.7508318053252744e-03
1.7508318053260537e-03
1.7508318053265854e-03
1.7508318053268829e-03
1.5508318054151000e-03
1.3508318054718102e-03
1.1508318054723017e-03
9.5083180547254084e-04
5.1164531693054479e-05
-8.8768908366173121e-05
-1.1675214086619016e-04
-1.2235010132780703e-04
-1.2347176667141992e-04
-1.2459343327288105e-04
7.5652664289362179e-05
2.7565265946212438e-04
4.7565265941967053e-04
6.7565265941973019e-04
8.7565265927307568e-04
8.7565265927161103e-04
8.7565265927228800e-04
8.7565265927194789e-04
8.7565265927143387e-04
8.7565265927166676e-04
1.0756526593615080e-03
1.2756526594180880e-03
1.4756526594180718e-03
1.6756526594178933e-03
1.8756526594179413e-03
1.8756526593943672e-03
1.8756526593703285e-03
1.8756526593468876e-03
1.8756526593234294e-03
1.8756526592995613e-03
1.6756526593613233e-03
1.4756526594179957e-03
1.2756526594176517e-03
1.0756526594176243e-03
8.7565265927159520e-04
8.7565265927121475e-04
8.7565265927107034e-04
8.7565265927080904e-04
8.7565265927072068e-04
8.7565265926980930e-04
6.7565265935957638e-04
4.7565265941707955e-04
2.7565265941696286e-04
7.5652659417086067e-05
-1.2434734058280924e-04
-1.2434734084867534e-04
-1.2434734111363194e-04
-1.2434734137881274e-04
-1.2434734164485641e-04
-1.2434734190999372e-04
7.5652659358893087e-05
2.7565265941680576e-04
4.7565265941692256e-04
6.7565265941654080e-04
8.7565265926942875e-04
8.7565265926964461e-04
8.7565265927069238e-04
8.7565265926992173e-04
8.7565265926990428e-04
8.7565265926920258e-04
1.0756526593586348e-03
1.2756526594150965e-03
1.4756526594154708e-03
1.6756526594147944e-03
1.8756526594153559e-03
1.8756526593905352e-03
1.8756526593671605e-03
1.8756526593433486e-03
1.8756526593190724e-03
1.8756526592946276e-03
1.6756526593574331e-03
1.4756526594139783e-03
1.2756526594150574e-03
1.0756526594154412e-03
8.7565265926886290e-04
8.7565265926854556e-04
8.7565265926830898e-04
8.7565265926867544e-04
8.7565265926830595e-04
8.7565265926776200e-04
6.7565265935738120e-04
4.7565265941456144e-04
2.7565265941516812e-04
7.5652659415443907e-05
-1.2434734058435984e-04
-1.2434734084955455e-04
-1.2434734111575784e-04
-1.2434734138096266e-04
-1.2434734164615369e-04
-1.2434734191199453e-04
7.5652659359311806e-05
2.7565265941614103e-04
4.7565265941564201e-04
6.7565265941546787e-04
8.7565265926899116e-04
8.7565265926821249e-04
8.7565265926852832e-04
8.7565265926858296e-04
8.7565265926823287e-04
8.7565265926840439e-04
1.0756526593570285e-03
1.2756526594141489e-03
1.4756526594141119e-03
1.6756526594136855e-03
1.8756526594131517e-03
1.8756526593897778e-03
1.8756526593663688e-03
1.8756526593427241e-03
1.8756526593194946e-03
1.8756526592956894e-03
1.6756526593572451e-03
1.4756526594144088e-03
1.2756526594144078e-03
1.0756526594147332e-03
8.7565265926823818e-04
8.7565265926797776e-04
8.7565265926749648e-04
8.7565265926756544e-04
8.7565265926729970e-04
8.7565265926716450e-04
6.7565265935651969e-04
4.7565265941377859e-04
2.7565265941341399e-04
7.5652659413664460e-05
-1.2434734058669887e-04
-1.2434734085147578e-04
-1.2434734111657609e-04
-1.2434734138189987e-04
-1.2434734164763143e-04
-1.2434734191215448e-04
7.5652659356719465e-05
2.7565265941423251e-04
4.7565265941442098e-04
6.7565265941471738e-04
8.7565265926777902e-04
8.7565265926836471e-04
8.7565265926800627e-04
8.7565265926738882e-04
8.7565265926724755e-04
8.7565265926644665e-04
