0.0000000000000000e+00
2.0000000008936049e-04
4.0000000014677720e-04
6.0000000014697841e-04
1.3200000012905172e-03
2.5040000009938397e-03
2.7008000442978425e-03
2.7401670562634344e-03
2.7480377055904754e-03
2.7496077107161754e-03
2.7511777133766234e-03
2.5508318102122835e-03
2.3508318053538867e-03
2.1508318054707827e-03
1.9508318054703799e-03
1.7508318053243658e-03
1.7508318053239720e-03
1.7508318053246032e-03
1.7508318053246516e-03
1.7508318053249042e-03
1.7508318053244926e-03
1.5508318054143616e-03
1.3508318054704896e-03
1.1508318054704531e-03
9.5083180547096008e-04
5.1164531691081089e-05
-8.8768908368500428e-05
-1.1675214086852332e-04
-1.2235010133012541e-04
-1.2347176667350468e-04
-1.2459343327523868e-04
7.5652664286882907e-05
2.7565265945962095e-04
4.7565265941749545e-04
6.7565265941760939e-04
8.7565265927090478e-04
8.7565265926968115e-04
8.7565265927013651e-04
8.7565265927041819e-04
8.7565265927029763e-04
8.7565265927054938e-04
1.0756526593599415e-03
1.2756526594166783e-03
1.4756526594167350e-03
1.6756526594168299e-03
1.8756526594166738e-03
1.8756526593924770e-03
1.8756526593678544e-03
1.8756526593439566e-03
1.8756526593205114e-03
1.8756526592968292e-03
1.6756526593596393e-03
1.4756526594167205e-03
1.2756526594167724e-03
1.0756526594170887e-03
8.7565265927025502e-04
8.7565265927019745e-04
8.7565265927015972e-04
8.7565265926978491e-04
8.7565265926945021e-04
8.7565265926948079e-04
6.7565265935809601e-04
4.7565265941484588e-04
2.7565265941479575e-04
7.5652659415208947e-05
-1.2434734058527200e-04
-1.2434734085075015e-04
-1.2434734111616808e-04
-1.2434734138137642e-04
-1.2434734164653053e-04
-1.2434734191176766e-04
7.5652659358248515e-05
2.7565265941536680e-04
4.7565265941545797e-04
6.7565265941503614e-04
8.7565265926854783e-04
8.7565265926875697e-04
8.7565265926907129e-04
8.7565265926909600e-04
8.7565265926902054e-04
8.7565265926912127e-04
1.0756526593573882e-03
1.2756526594133555e-03
1.4756526594138747e-03
1.6756526594136809e-03
1.8756526594138423e-03
1.8756526593896807e-03
1.8756526593656953e-03
1.8756526593418973e-03
1.8756526593180216e-03
1.8756526592946618e-03
1.6756526593556956e-03
1.4756526594130665e-03
1.2756526594137575e-03
1.0756526594138977e-03
8.7565265926696847e-04
8.7565265926719356e-04
8.7565265926698994e-04
8.7565265926652525e-04
8.7565265926666078e-04
8.7565265926626656e-04
6.7565265935525648e-04
4.7565265941281387e-04
2.7565265941313654e-04
7.5652659413247422e-05
-1.2434734058670106e-04
-1.2434734085137406e-04
-1.2434734111709024e-04
-1.2434734138202857e-04
-1.2434734164741768e-04
-1.2434734191264332e-04
7.5652659356782078e-05
2.7565265941393457e-04
4.7565265941317843e-04
6.7565265941253163e-04
8.7565265926593762e-04
8.7565265926569920e-04
8.7565265926563371e-04
8.7565265926592471e-04
8.7565265926602218e-04
8.7565265926614405e-04
1.0756526593550572e-03
1.2756526594114616e-03
1.4756526594115332e-03
1.6756526594118070e-03
1.8756526594117888e-03
1.8756526593881034e-03
1.8756526593647874e-03
1.8756526593415256e-03
1.8756526593178280e-03
1.8756526592943366e-03
1.6756526593556772e-03
1.4756526594129590e-03
1.2756526594127832e-03
1.0756526594128354e-03
8.7565265926721134e-04
8.7565265926663552e-04
8.7565265926688391e-04
8.7565265926671531e-04
8.7565265926610252e-04
8.7565265926564260e-04
6.7565265935580075e-04
4.7565265941226017e-04
2.7565265941235191e-04
7.5652659412272710e-05
-1.2434734058772973e-04
-1.2434734085325105e-04
-1.2434734111875287e-04
-1.2434734138492886e-04
-1.2434734165082994e-04
-1.2434734191619091e-04
7.5652659355196080e-05
2.7565265941249448e-04
4.7565265941283019e-04
6.7565265941266954e-04
8.7565265926571188e-04
8.7565265926617961e-04
8.7565265926650910e-04
8.7565265926681322e-04
8.7565265926740671e-04
8.7565265926707711e-04
