0.0000000000000000e+00
0.0000000000000000e+00
0.0000000000000000e+00
0.0000000000000000e+00
1.0400000019251667e-03
3.0080000015755446e-03
3.4016000767095279e-03
3.4803741024546611e-03
3.4960770109477351e-03
3.4992154857653350e-03
3.5016636106489332e-03
3.5016636106489332e-03
3.5016636106489332e-03
3.5016636106489332e-03
3.5016636106489332e-03
3.5016636106489332e-03
3.5016636106489332e-03
3.5016636106489332e-03
3.5016636106489332e-03
3.5016636106489332e-03
3.5016636106489332e-03
3.5016636106489332e-03
3.5016636106489332e-03
3.5016636106489332e-03
3.5016636106489332e-03
4.9009981600611346e-03
5.1808650423458367e-03
5.2368112405514686e-03
5.2480266135221561e-03
5.2502707223532558e-03
5.2520219027546479e-03
5.2520219027546479e-03
5.2520219027546479e-03
5.2520219027546479e-03
5.2520219027546479e-03
5.2520219027546479e-03
5.2520219027546479e-03
5.2520219027546479e-03
5.2520219027546479e-03
5.2520219027546479e-03
5.2520219027546479e-03
5.2520219027546479e-03
5.2520219027546479e-03
5.2520219027546479e-03
5.2520219027546479e-03
5.2520219027546479e-03
5.2520219027546479e-03
5.2520219027546479e-03
5.2520219027546479e-03
5.2520219027546479e-03
5.2520219027546479e-03
5.2520219027546479e-03
5.2520219027546479e-03
5.2520219027546479e-03
5.2520219027546479e-03
5.2520219027546479e-03
5.2520219027546479e-03
5.2520219027546479e-03
5.2520219027546479e-03
5.2520219027546479e-03
5.2520219027546479e-03
5.2520219027546479e-03
5.2520219027546479e-03
5.2520219027546479e-03
5.2520219027546479e-03
5.2520219027546479e-03
5.2520219027546479e-03
5.2520219027546479e-03
5.2520219027546479e-03
5.2520219027546479e-03
5.2520219027546479e-03
5.2520219027546479e-03
5.2520219027546479e-03
5.2520219027546479e-03
5.2520219027546479e-03
5.2520219027546479e-03
5.2520219027546479e-03
5.2520219027546479e-03
5.2520219027546479e-03
5.2520219027546479e-03
5.2520219027546479e-03
5.2520219027546479e-03
5.2520219027546479e-03
5.2520219027546479e-03
5.2520219027546479e-03
5.2520219027546479e-03
5.2520219027546479e-03
5.2520219027546479e-03
5.2520219027546479e-03
5.2520219027546479e-03
5.2520219027546479e-03
5.2520219027546479e-03
5.2520219027546479e-03
5.2520219027546479e-03
5.2520219027546479e-03
5.2520219027546479e-03
5.2520219027546479e-03
5.2520219027546479e-03
5.2520219027546479e-03
5.2520219027546479e-03
5.2520219027546479e-03
5.2520219027546479e-03
5.2520219027546479e-03
5.2520219027546479e-03
5.2520219027546479e-03
5.2520219027546479e-03
5.2520219027546479e-03
5.2520219027546479e-03
5.2520219027546479e-03
5.2520219027546479e-03
5.2520219027546479e-03
5.2520219027546479e-03
5.2520219027546479e-03
5.2520219027546479e-03
5.2520219027546479e-03
5.2520219027546479e-03
5.2520219027546479e-03
5.2520219027546479e-03
5.2520219027546479e-03
5.2520219027546479e-03
5.2520219027546479e-03
5.2520219027546479e-03
5.2520219027546479e-03
5.2520219027546479e-03
5.2520219027546479e-03
5.2520219027546479e-03
5.2520219027546479e-03
5.2520219027546479e-03
5.2520219027546479e-03
5.2520219027546479e-03
5.2520219027546479e-03
5.2520219027546479e-03
5.2520219027546479e-03
5.2520219027546479e-03
5.2520219027546479e-03
5.2520219027546479e-03
5.2520219027546479e-03
5.2520219027546479e-03
5.2520219027546479e-03
5.2520219027546479e-03
5.2520219027546479e-03
5.2520219027546479e-03
5.2520219027546479e-03
5.2520219027546479e-03
5.2520219027546479e-03
5.2520219027546479e-03
5.2520219027546479e-03
5.2520219027546479e-03
5.2520219027546479e-03
5.2520219027546479e-03
5.2520219027546479e-03
5.2520219027546479e-03
5.2520219027546479e-03
5.2520219027546479e-03
5.2520219027546479e-03
5.2520219027546479e-03
5.2520219027546479e-03
5.2520219027546479e-03
5.2520219027546479e-03
5.2520219027546479e-03
5.2520219027546479e-03
