0.0000000000000000e+00
8.2336907499522110e-10
1.4766633031084886e-08
1.4772588064697049e-08
2.3934307964585533e-08
1.5433617221299694e-08
-6.0253552346875402e-07
-5.7510700863419020e-03
-2.3073596602067549e-04
-9.1662929881167273e-06
3.0586933862899703e-02
4.9504683621190444e-07
9.0933315612823628e-09
1.4727879345812418e-08
1.4714730117609616e-08
-2.7596656443931662e-11
5.7882930789075112e-11
1.9137123262551700e-10
2.6289364189369367e-10
3.2383563404046148e-10
3.0786231140873202e-10
1.0543751186757833e-09
1.4843049655726319e-08
1.4900099201899954e-08
1.4959480964717610e-08
7.8001054410791850e-08
-3.7369549988959571e-07
-2.9091773525988275e-03
-1.1611890392805644e-04
-4.6671535009183483e-06
-2.1582509467392073e-02
5.0502359249347712e-07
-1.9278013070533284e-08
1.4882526190721027e-08
1.4892995207828929e-08
8.8836176249813162e-11
-8.7892793431519481e-11
5.8180344058348569e-11
8.8783643843818994e-11
7.0172977258551180e-11
1.6616259198048259e-10
9.7138904047394053e-10
1.4820625423949447e-08
1.4855782194433539e-08
1.4821517656953616e-08
1.4810075221666670e-08
1.2495317848098024e-08
1.0110608552157301e-08
7.7757686568498507e-09
5.4971085252415580e-09
3.1620602166807284e-09
1.0656830701463893e-09
1.4971155629793688e-08
1.4901058897241997e-08
1.4908691970381858e-08
1.1514557943758816e-10
7.6222539454882330e-11
6.1425958019701446e-11
1.1336955783199978e-11
-2.5499547622190318e-11
-1.3508148521579962e-10
8.0636558379202437e-10
1.4741416064772976e-08
1.4678222815560441e-08
1.4708302104043977e-08
1.4719857832382397e-08
-2.4750644467634182e-07
-5.0960154256242410e-07
-7.7174403074897799e-07
-1.0339786351790897e-06
-1.2961122961429642e-06
6.3947781792143280e-10
1.4671556891703807e-08
1.4722770498828282e-08
1.4648425106355989e-08
-2.1051323260911051e-10
-1.4256512004763602e-10
2.1873474643500860e-11
-6.8818516905106762e-11
-1.0544767493653541e-10
-1.6569028951525081e-10
6.3366111885586258e-10
1.4446997534843543e-08
1.4497739704039704e-08
1.4356700826370741e-08
1.4464568766309398e-08
1.1953419606411908e-08
9.6180057842919798e-09
7.2838444933138405e-09
4.8753873011864516e-09
2.4390172114985248e-09
4.4817539106917327e-10
1.4291853278712243e-08
1.4454572873444995e-08
1.4494899807925505e-08
-3.2700859873724625e-10
-3.6830587592418483e-10
-4.0229937811500167e-10
-3.7478205108608422e-10
-3.5312838786358150e-10
-3.7426412789885583e-10
3.7684709536266388e-10
1.4343534034861518e-08
1.4380197055045331e-08
1.4352121446080845e-08
1.4372718901708214e-08
-2.4771578797261137e-07
-5.1002642003066779e-07
-7.7215206238105583e-07
-1.0342499599965407e-06
-1.2964595351572049e-06
5.7253910215214011e-10
1.4477586409114402e-08
1.4379974747207398e-08
1.4300194854839148e-08
-4.5295540327797743e-10
-5.7787507069335234e-10
-5.4887963601892925e-10
-5.6681736300292447e-10
-6.2529722441738541e-10
-6.3694672816817573e-10
1.4979270410152855e-10
1.4066848355028398e-08
1.4027465949573348e-08
1.3985928350890963e-08
1.3855941993862244e-08
1.1530042704538394e-08
9.2141303223308995e-09
6.9716983462240050e-09
4.6499423778369513e-09
2.2927106890103921e-09
1.1664936883093196e-10
1.4053203163619954e-08
1.4027097756347314e-08
1.4121190138879207e-08
-6.9044460120955950e-10
-7.1960779197001090e-10
-8.2411065720081326e-10
-8.4650059782443962e-10
-9.5047063913540403e-10
-9.0314655705195488e-10
8.7179935443510319e-11
1.3930553488183828e-08
1.3901798619163730e-08
1.3906280332814916e-08
1.3834303102256230e-08
-2.4819131081040088e-07
-5.1032071784174935e-07
-7.7250841555649508e-07
-1.0347182122960857e-06
-1.2967631826937296e-06
3.7983331582269854e-11
1.4057482381606565e-08
1.4110790820562224e-08
1.4166548687474021e-08
-6.8849862319425524e-10
-5.8954709586028591e-10
-6.4337324350805062e-10
-7.0086521542686083e-10
-6.9792351945746596e-10
-8.4125207723591470e-10
