0.0000000000000000e+00
8.3736809491947507e-10
1.4789851229885055e-08
1.4815037882839785e-08
2.3968964157099515e-08
1.5475430657339137e-08
-6.0249313650424277e-07
-5.7510700123028736e-03
-2.3073593089224326e-04
-9.1662227995652994e-06
3.0586933903127070e-02
4.9506821218903396e-07
9.1163235277101991e-09
1.4718343328673366e-08
1.4665307825291987e-08
-3.2759142101332702e-11
-4.9840022337849233e-12
1.1261221232823109e-10
1.2858473012498150e-10
1.5079968408531886e-10
1.0445358778460326e-10
1.0090569672490163e-09
1.4791458092762845e-08
1.4829243147941016e-08
1.4870707777421716e-08
7.7910377626580942e-08
-3.7378935282401863e-07
-2.9091774477640543e-03
-1.1611901318577717e-04
-4.6672413318899657e-06
-2.1582509585374901e-02
5.0490615843607514e-07
-1.9402251587386943e-08
1.4779180960140116e-08
1.4800244649919133e-08
-7.0235560779853269e-12
-1.6800325562008776e-10
-3.9645392228389210e-11
5.2305600165490016e-11
4.3909009042939912e-11
1.2477757537772552e-10
9.1995385169378538e-10
1.4784513168324862e-08
1.4820743773659812e-08
1.4812319649966096e-08
1.4785719358348398e-08
1.2410068250638727e-08
9.9813619162945711e-09
7.6238658785788805e-09
5.3297589122389714e-09
2.9833936618575231e-09
9.6399206581460239e-10
1.4879579320647942e-08
1.4818016264532971e-08
1.4860568245522758e-08
2.9581214371999154e-11
1.0233246305644207e-11
1.5618221349762230e-12
-4.5751443012765054e-11
-9.8682480666029246e-11
-1.3903274539456708e-10
6.8535115562889011e-10
1.4598468338974204e-08
1.4544292758659065e-08
1.4623823976800753e-08
1.4608566281810342e-08
-2.4759849323055687e-07
-5.0972037501323010e-07
-7.7187158600588966e-07
-1.0340383694150744e-06
-1.2961869278059824e-06
6.1878196285969826e-10
1.4583049843270961e-08
1.4649073124397291e-08
1.4557087109439109e-08
-2.5619298619638573e-10
-2.0169942662201418e-10
-8.3302919651452875e-11
-1.5169946591136451e-10
-1.9493595755869693e-10
-2.0486162597856312e-10
5.0759559953442432e-10
1.4253635465894789e-08
1.4304255747482509e-08
1.4223385128860942e-08
1.4294927505161590e-08
1.1829434642813908e-08
9.4789598163588057e-09
7.1410877126560436e-09
4.7589303330916391e-09
2.4104239213710160e-09
2.7626427972504710e-10
1.4205453935473682e-08
1.4340958890936365e-08
1.4375731617452892e-08
-5.0950211240091379e-10
-5.1344273619043731e-10
-5.6166347086570919e-10
-5.6093811342611901e-10
-5.1808558834482081e-10
-5.3388100579817847e-10
1.8436813341894277e-10
1.4154394423642839e-08
1.4190547016746952e-08
1.4153204426880701e-08
1.4156573051547732e-08
-2.4789298683547609e-07
-5.1015911053389599e-07
-7.7225621726107006e-07
-1.0343845035715666e-06
-1.2965267749948306e-06
3.5779756509812125e-10
1.4286441723632788e-08
1.4162057348754136e-08
1.4041851435652389e-08
-7.2811641840553352e-10
-8.1533146480118003e-10
-8.2176810894516864e-10
-8.0707627385132357e-10
-8.1961384136065862e-10
-8.3880500491538263e-10
-4.2231950177463736e-11
1.3840648683020881e-08
1.3807059667565484e-08
1.3796552574477659e-08
1.3716043665220365e-08
1.1391935461626438e-08
9.0855772499681034e-09
6.8362701398112740e-09
4.4881098546646912e-09
2.1729174319643599e-09
1.4778855068741673e-11
1.3951563685517321e-08
1.3901658367071983e-08
1.3979050489160301e-08
-7.5452472025149489e-10
-7.9916985409320368e-10
-8.4022769450270736e-10
-8.7515331385329513e-10
-9.8186211383583507e-10
-9.6623438068774893e-10
6.5261305695028894e-11
1.3880471887418713e-08
1.3883120316428875e-08
1.3828629047524043e-08
1.3801695727974025e-08
-2.4828832233939478e-07
-5.1045040012765887e-07
-7.7270324253055342e-07
-1.0349401120026674e-06
-1.2970733791385243e-06
-2.9780822516896734e-11
1.3967692271929991e-08
1.4038278220381857e-08
1.4053090706636006e-08
-7.9597274663121911e-10
-7.0924495859225936e-10
-7.1355337044052031e-10
-7.2942129757821333e-10
-6.6521628004173289e-10
-7.7097600006495542e-10
