2.9999999999999983e+02
2.9999999999999983e+02
2.9999999999999983e+02
2.9999999999999983e+02
3.4160000007700648e+02
4.0992000004376990e+02
4.0598400305262544e+02
4.0519896333109091e+02
4.0503933941336248e+02
4.0500784932113606e+02
4.0507438956830362e+02
4.0504990831946782e+02
4.0504990831946782e+02
4.0504990831946782e+02
4.0504990831946782e+02
4.0504990831946782e+02
4.0504990831946782e+02
4.0504990831946782e+02
4.0504990831946782e+02
4.0504990831946782e+02
4.0504990831946782e+02
4.0504990831946782e+02
4.0504990831946782e+02
4.0504990831946782e+02
4.0504990831946782e+02
4.6102329029595597e+02
4.5822462009322169e+02
4.5766379919860026e+02
4.5755295213537119e+02
4.5753056275890839e+02
4.5757816888665326e+02
4.5756065708263924e+02
4.5756065708263924e+02
4.5756065708263924e+02
4.5756065708263924e+02
4.5756065708263924e+02
4.5756065708263924e+02
4.5756065708263924e+02
4.5756065708263924e+02
4.5756065708263924e+02
4.5756065708263924e+02
4.5756065708263924e+02
4.5756065708263924e+02
4.5756065708263924e+02
4.5756065708263924e+02
4.5756065708263924e+02
4.5756065708263924e+02
4.5756065708263924e+02
4.5756065708263924e+02
4.5756065708263924e+02
4.5756065708263924e+02
4.5756065708263924e+02
4.5756065708263924e+02
4.5756065708263924e+02
4.5756065708263924e+02
4.5756065708263924e+02
4.5756065708263924e+02
4.5756065708263924e+02
4.5756065708263924e+02
4.5756065708263924e+02
4.5756065708263924e+02
4.5756065708263924e+02
4.5756065708263924e+02
4.5756065708263924e+02
4.5756065708263924e+02
4.5756065708263924e+02
4.5756065708263924e+02
4.5756065708263924e+02
4.5756065708263924e+02
4.5756065708263924e+02
4.5756065708263924e+02
4.5756065708263924e+02
4.5756065708263924e+02
4.5756065708263924e+02
4.5756065708263924e+02
4.5756065708263924e+02
4.5756065708263924e+02
4.5756065708263924e+02
4.5756065708263924e+02
4.5756065708263924e+02
4.5756065708263924e+02
4.5756065708263924e+02
4.5756065708263924e+02
4.5756065708263924e+02
4.5756065708263924e+02
4.5756065708263924e+02
4.5756065708263924e+02
4.5756065708263924e+02
4.5756065708263924e+02
4.5756065708263924e+02
4.5756065708263924e+02
4.5756065708263924e+02
4.5756065708263924e+02
4.5756065708263924e+02
4.5756065708263924e+02
4.5756065708263924e+02
4.5756065708263924e+02
4.5756065708263924e+02
4.5756065708263924e+02
4.5756065708263924e+02
4.5756065708263924e+02
4.5756065708263924e+02
4.5756065708263924e+02
4.5756065708263924e+02
4.5756065708263924e+02
4.5756065708263924e+02
4.5756065708263924e+02
4.5756065708263924e+02
4.5756065708263924e+02
4.5756065708263924e+02
4.5756065708263924e+02
4.5756065708263924e+02
4.5756065708263924e+02
4.5756065708263924e+02
4.5756065708263924e+02
4.5756065708263924e+02
4.5756065708263924e+02
4.5756065708263924e+02
4.5756065708263924e+02
4.5756065708263924e+02
4.5756065708263924e+02
4.5756065708263924e+02
4.5756065708263924e+02
4.5756065708263924e+02
4.5756065708263924e+02
4.5756065708263924e+02
4.5756065708263924e+02
4.5756065708263924e+02
4.5756065708263924e+02
4.5756065708263924e+02
4.5756065708263924e+02
4.5756065708263924e+02
4.5756065708263924e+02
4.5756065708263924e+02
4.5756065708263924e+02
4.5756065708263924e+02
4.5756065708263924e+02
4.5756065708263924e+02
4.5756065708263924e+02
4.5756065708263924e+02
4.5756065708263924e+02
4.5756065708263924e+02
4.5756065708263924e+02
4.5756065708263924e+02
4.5756065708263924e+02
4.5756065708263924e+02
4.5756065708263924e+02
4.5756065708263924e+02
4.5756065708263924e+02
4.5756065708263924e+02
4.5756065708263924e+02
4.5756065708263924e+02
4.5756065708263924e+02
4.5756065708263924e+02
4.5756065708263924e+02
4.5756065708263924e+02
4.5756065708263924e+02
4.5756065708263924e+02
4.5756065708263924e+02
4.5756065708263924e+02
4.5756065708263924e+02
