0.0000000000000000e+00
8.8000000037622826e+01
1.7600000003491249e+02
2.6400000003494097e+02
3.5200000009625796e+02
4.4000000005952597e+02
4.4000000381972092e+02
4.4000270435563766e+02
4.4000010952283975e+02
4.4000000417878925e+02
4.4009102567479306e+02
3.5200000116025171e+02
2.6399999999455861e+02
1.7600000003485661e+02
8.8000000034825632e+01
-2.2278897934119578e-11
-1.1787275713036909e-12
6.0842170851785325e-11
5.3203582196846343e-11
1.2284144731399112e-10
1.5645852504240951e-10
8.7999999962428205e+01
1.7599999996517002e+02
2.6399999996517971e+02
3.5199999996514907e+02
4.3999999968358861e+02
4.3999999830370137e+02
4.3999863939113612e+02
4.3999994605761390e+02
4.3999999776946203e+02
4.4006511570122041e+02
3.5199999880273219e+02
2.6399999987814351e+02
1.7599999996508330e+02
8.7999999965070401e+01
2.4085153454419865e-12
1.6868286165167937e-11
3.4444945865277906e-11
8.8039803652010988e-11
9.3794400096400327e-11
1.3076086445253537e-10
8.8000000037501707e+01
1.7600000003476481e+02
2.6400000003467721e+02
3.5200000003467079e+02
4.4000000003465573e+02
4.4000000002882427e+02
4.4000000002299140e+02
4.4000000001726278e+02
4.4000000001158497e+02
4.4000000000576995e+02
3.5200000003728485e+02
2.6400000003452885e+02
1.7600000003455929e+02
8.8000000034598401e+01
1.0062878691115697e-10
1.6654119884730391e-10
1.9518514398215646e-10
2.3885076065767102e-10
3.0111336288366234e-10
3.4225652107443655e-10
8.7999999962763155e+01
1.7599999996546458e+02
2.6399999996544216e+02
3.5199999996546347e+02
4.3999999996552538e+02
4.3999999955798324e+02
4.3999999915041911e+02
4.3999999874280695e+02
4.3999999833523958e+02
4.3999999792763595e+02
3.5199999996267059e+02
2.6399999996534802e+02
1.7599999996540774e+02
8.7999999965412442e+01
1.0904632186551877e-10
9.6697833379283697e-11
7.7094146419386675e-11
-6.4682149891106083e-12
1.7935044659934687e-11
-2.5652875243990666e-11
8.8000000037301078e+01
1.7600000003452337e+02
2.6400000003459326e+02
3.5200000003459309e+02
4.4000000003454267e+02
4.4000000002877971e+02
4.4000000002301999e+02
4.4000000001725573e+02
4.4000000001147407e+02
4.4000000000575710e+02
3.5200000003713905e+02
2.6400000003439328e+02
1.7600000003445450e+02
8.8000000034449855e+01
1.2780352390430193e-10
2.1039121019801649e-10
2.9990506595853694e-10
4.0754161669249356e-10
5.2948000831304265e-10
5.7695070519282035e-10
8.7999999962770346e+01
1.7599999996552847e+02
2.6399999996549377e+02
3.5199999996545569e+02
4.3999999996540760e+02
4.3999999955783534e+02
4.3999999915025228e+02
4.3999999874265563e+02
4.3999999833512948e+02
4.3999999792760775e+02
3.5199999996250813e+02
2.6399999996525412e+02
1.7599999996529684e+02
8.7999999965272096e+01
1.0143200265708238e-10
1.2684771025276878e-10
1.7668333986085720e-10
1.8514207186687397e-10
2.0825700969803635e-10
3.0048090780605449e-10
8.8000000037356671e+01
1.7600000003457947e+02
2.6400000003463435e+02
3.5200000003462185e+02
4.4000000003467983e+02
4.4000000002896280e+02
4.4000000002321968e+02
4.4000000001741597e+02
4.4000000001170537e+02
4.4000000000594537e+02
3.5200000003732367e+02
2.6400000003458626e+02
1.7600000003455165e+02
8.8000000034552158e+01
-3.0749147747104019e-11
5.6882978839967780e-11
7.6130724435116290e-11
1.4969693873982392e-10
1.9732010881071164e-10
2.8392218044459943e-10
8.7999999962820866e+01
1.7599999996549093e+02
2.6399999996556852e+02
3.5199999996557978e+02
4.3999999996554374e+02
4.3999999955808892e+02
4.3999999915049989e+02
4.3999999874298442e+02
4.3999999833546849e+02
4.3999999792786264e+02
3.5199999996283094e+02
2.6399999996557779e+02
1.7599999996557509e+02
8.7999999965610186e+01
4.0815387808857265e-10
2.9062930908442551e-10
1.2697656005422535e-10
9.4713519281011307e-12
-1.1078431051497455e-10
-2.1521879002712131e-10
