0.0000000000000000e+00
-8.8000000036792486e+01
-1.7600000002013431e+02
-2.6400000002014724e+02
-3.5200000007230636e+02
-4.4000000004407093e+02
-4.4000000442223518e+02
-4.4000845542568680e+02
-4.4000034025878813e+02
-4.4000001334504702e+02
-4.4006043874091000e+02
-3.5200000066519431e+02
-2.6399999998545388e+02
-1.7600000002013346e+02
-8.8000000020135644e+01
-4.8113214252621544e-11
2.4535296459125667e-11
9.9198354913982875e-11
1.4516359913343947e-10
1.3528137265159489e-10
7.5754197996464452e-11
8.7999999963459942e+01
1.7599999997998725e+02
2.6399999998004444e+02
3.5199999998006427e+02
4.3999999976154425e+02
4.3999999792995868e+02
4.3999573021373567e+02
4.3999982993865547e+02
4.3999999310226451e+02
4.4004353319169411e+02
3.5199999930769695e+02
2.6399999985880328e+02
1.7599999997991418e+02
8.7999999979917007e+01
6.6592307476951934e-12
-4.3917631505897050e-11
1.3682745295819290e-10
2.6762283070215882e-10
3.1131260982052510e-10
4.4739067477217771e-10
-8.8000000036556045e+01
-1.7600000001996221e+02
-2.6400000001983898e+02
-3.5200000001985364e+02
-4.4000000001985768e+02
-4.4000000001637181e+02
-4.4000000001294558e+02
-4.4000000000956300e+02
-4.4000000000617183e+02
-4.4000000000269699e+02
-3.5200000003627019e+02
-2.6400000001960353e+02
-1.7600000001969966e+02
-8.8000000019713752e+01
2.8991996405063201e-10
2.8533207902310393e-10
2.3835927464759662e-10
2.2165733357546957e-10
2.2561676528511084e-10
1.5747843812199707e-10
8.7999999963509026e+01
1.7599999998013453e+02
2.6399999998005330e+02
3.5199999998012959e+02
4.3999999998018956e+02
4.3999999931043078e+02
4.3999999864075818e+02
4.3999999797099878e+02
4.3999999730123079e+02
4.3999999663148640e+02
3.5199999996329973e+02
2.6399999997997526e+02
1.7599999998009361e+02
8.7999999980015147e+01
6.7237256559072840e-11
1.5169094355930978e-10
2.7594145796026977e-10
1.7066562372273327e-10
1.1467559982083626e-10
5.0346428613335417e-11
-8.8000000036730427e+01
-1.7600000002017299e+02
-2.6400000002019249e+02
-3.5200000002030288e+02
-4.4000000002016299e+02
-4.4000000001688852e+02
-4.4000000001347132e+02
-4.4000000001004310e+02
-4.4000000000665722e+02
-4.4000000000333250e+02
-3.5200000003677690e+02
-2.6400000002014463e+02
-1.7600000002005660e+02
-8.8000000020014539e+01
-5.8991418568588598e-12
2.5409310805350924e-12
-8.8336741020732133e-11
-2.5424433305294710e-11
5.9891134632960500e-11
8.5208714424784596e-11
8.7999999963050996e+01
1.7599999997977733e+02
2.6399999997977909e+02
3.5199999997970838e+02
4.3999999997967222e+02
4.3999999931003134e+02
4.3999999864015950e+02
4.3999999797045132e+02
4.3999999730081191e+02
4.3999999663111481e+02
3.5199999996297322e+02
2.6399999997963607e+02
1.7599999997956786e+02
8.7999999979443103e+01
-3.9666907250743355e-10
-5.0074292169631608e-10
-4.9843839833736738e-10
-5.6710900669790229e-10
-5.9406914306231206e-10
-6.4293035847037329e-10
-8.8000000037302939e+01
-1.7600000002062589e+02
-2.6400000002071704e+02
-3.5200000002073068e+02
-4.4000000002089382e+02
-4.4000000001750180e+02
-4.4000000001407011e+02
-4.4000000001051200e+02
-4.4000000000713652e+02
-4.4000000000371250e+02
-3.5200000003725791e+02
-2.6400000002058403e+02
-1.7600000002058727e+02
-8.8000000020502085e+01
-4.8181744047781661e-10
-4.6280468736816296e-10
-5.7015524430354178e-10
-5.8862737714561485e-10
-7.0864758352441352e-10
-6.0090299208486597e-10
8.7999999962897036e+01
1.7599999997939634e+02
2.6399999997946088e+02
3.5199999997944724e+02
4.3999999997936163e+02
4.3999999930984927e+02
4.3999999864011431e+02
4.3999999797037867e+02
4.3999999730063928e+02
4.3999999663094434e+02
3.5199999996283486e+02
2.6399999997959031e+02
1.7599999997964971e+02
8.7999999979719945e+01
-2.0905604186769709e-10
-1.5092469917072143e-10
-2.1982314787076467e-10
-3.0837998743243953e-10
-3.3856840467280801e-10
-4.5246393711115079e-10
