0.0000000000000000e+00
-4.0000000002112087e-04
-8.0000000001558002e-04
-1.2001600640379319e-03
-1.6000000001408577e-03
-1.9999998721695537e-03
-2.4001598081218583e-03
-2.9600266767864061e-03
-4.2725990727084037e-03
-5.7344839964649889e-03
-7.2268953189616823e-03
-7.4453789966565549e-03
-7.4891080644610315e-03
-7.4978197864787859e-03
-7.4995638826542525e-03
-7.5013079818714466e-03
-7.5030520841308287e-03
-7.5022649300523778e-03
-7.5014777765932666e-03
-7.5022649290882185e-03
-7.5030520822024866e-03
-7.5023385555612679e-03
-7.5016250294290231e-03
-7.5023385538067772e-03
-7.5030520786941073e-03
-7.5023425993267414e-03
-7.5016331204626040e-03
-7.5023425975300415e-03
-7.5030520751008887e-03
-7.5023428198813420e-03
-7.5016335651648938e-03
-7.5023428180826662e-03
-7.5030520715024113e-03
-7.5023428303675217e-03
-7.5016335897355926e-03
-7.5023428285687869e-03
-7.5030520679044404e-03
-7.5023428303682511e-03
-7.5016335933344993e-03
-7.5023428285684625e-03
-7.5030520643060506e-03
-7.5023428303669423e-03
-7.5016335969317859e-03
-7.5023428285675604e-03
-7.5030520607061012e-03
-7.5023428303672406e-03
-7.5016336005309736e-03
-7.5023428285679967e-03
-7.5030520571075492e-03
-7.5023428303665970e-03
-7.5016336041281917e-03
-7.5023428285671693e-03
-7.5030520535094456e-03
-7.5023428303667835e-03
-7.5016336077271028e-03
-7.5023428285678449e-03
-7.5030520499114522e-03
-7.5023428303670550e-03
-7.5016336113254336e-03
-7.5023428285674720e-03
-7.5030520463121256e-03
-7.5023428303662631e-03
-7.5016336149233611e-03
-7.5023428285665014e-03
-7.5030520427129058e-03
-7.5023428303661582e-03
-7.5016336185224197e-03
-7.5023428285664702e-03
-7.5030520391139739e-03
-7.5023428303663195e-03
-7.5016336221202223e-03
-7.5023428285676307e-03
-7.5030520355168877e-03
-7.5023428303662987e-03
-7.5016336257181611e-03
-7.5023428285656921e-03
-7.5030520319158238e-03
-7.5023428303646490e-03
-7.5016336293160920e-03
-7.5023428285662264e-03
-7.5030520283193031e-03
-7.5023428303653134e-03
-7.5016336329153718e-03
-7.5023428285668024e-03
-7.5030520247213869e-03
-7.5023428303665745e-03
-7.5016336365152179e-03
-7.5023428285683766e-03
-7.5030520211237352e-03
-7.5023428303671539e-03
-7.5016336401130118e-03
-7.5023428285668960e-03
-7.5030520175233826e-03
-7.5023428303656334e-03
-7.5016336437112368e-03
-7.5023428285665873e-03
-7.5030520139245356e-03
-7.5023428303662562e-03
-7.5016336473104055e-03
-7.5023428285667859e-03
-7.5030520103255777e-03
-7.5023428303672328e-03
-7.5016336509105891e-03
-7.5023428285670192e-03
-7.5030520067268028e-03
-7.5023428303668867e-03
-7.5016336545090795e-03
-7.5023428285665873e-03
-7.5030520031273921e-03
-7.5023428303664349e-03
-7.5016336581093706e-03
-7.5023428285673583e-03
-7.5030519995289043e-03
-7.5023428303670559e-03
-7.5016336617088116e-03
-7.5023428285689569e-03
-7.5030519959313029e-03
-7.5023428303683283e-03
-7.5016336653080965e-03
-7.5023428285689369e-03
-7.5030519923321879e-03
-7.5023428303684506e-03
-7.5016336689082211e-03
-7.5023428285696673e-03
-7.5030519887340202e-03
-7.5023428303690552e-03
-7.5016336725070272e-03
-7.5023428285691399e-03
-7.5030519851354040e-03
-7.5023428303690222e-03
-7.5016336761050545e-03
-7.5023428285694123e-03
-7.5030519815367713e-03
-7.5023428303700214e-03
-7.5016336797056110e-03
-7.5023428285698208e-03
-7.5030519779375349e-03
-7.5023428303703241e-03
-7.5016336833061371e-03
-7.5023428285707549e-03
-7.5030519743385345e-03
-7.5023428303707326e-03
-7.5016336869050300e-03
-7.5023428285707662e-03
-7.5030519707388601e-03
-7.5023428303690725e-03
-7.5016336905027112e-03
-7.5023428285690358e-03
-7.5030519671389906e-03
-7.5023428303685191e-03
-7.5016336941018703e-03
-7.5023428285689872e-03
-7.5030519635389302e-03
-7.5023428303690144e-03
-7.5016336977019680e-03
-7.5023428285697748e-03
-7.5030519599401284e-03
-7.5023428303688964e-03
-7.5016337013004107e-03
-7.5023428285694469e-03
-7.5030519563410482e-03
