0.0000000000000000e+00
1.0000000000576372e-04
2.0000000000826177e-04
2.9999000101181930e-04
4.0000000008097507e-04
4.9999999815124048e-04
5.9998999722175460e-04
7.8000167026528447e-04
1.3360407193574134e-03
1.9672318873579044e-03
2.6134472708303309e-03
2.7226894973487402e-03
2.7445400569540484e-03
2.7489093328969872e-03
2.7497819190654338e-03
2.7506545044739378e-03
2.7515270891201073e-03
2.7511324628108373e-03
2.7507378363460051e-03
2.7511324628690706e-03
2.7515270892361473e-03
2.7511692754193292e-03
2.7508114614743688e-03
2.7511692755276484e-03
2.7515270894522704e-03
2.7511712972939826e-03
2.7508155050089832e-03
2.7511712974037034e-03
2.7515270896727277e-03
2.7511714075705842e-03
2.7508157253420648e-03
2.7511714076810774e-03
2.7515270898943118e-03
2.7511714128138302e-03
2.7508157356066799e-03
2.7511714129236546e-03
2.7515270901153689e-03
2.7511714128128487e-03
2.7508157353838439e-03
2.7511714129241065e-03
2.7515270903371984e-03
2.7511714128143198e-03
2.7508157351643090e-03
2.7511714129244882e-03
2.7515270905586501e-03
2.7511714128137829e-03
2.7508157349410566e-03
2.7511714129242913e-03
2.7515270907812750e-03
2.7511714128139364e-03
2.7508157347202241e-03
2.7511714129251743e-03
2.7515270910035516e-03
2.7511714128141520e-03
2.7508157344982159e-03
2.7511714129245285e-03
2.7515270912240350e-03
2.7511714128130573e-03
2.7508157342755624e-03
2.7511714129242510e-03
2.7515270914458419e-03
2.7511714128125369e-03
2.7508157340527849e-03
2.7511714129235701e-03
2.7515270916667698e-03
2.7511714128126024e-03
2.7508157338317928e-03
2.7511714129232452e-03
2.7515270918878881e-03
2.7511714128114371e-03
2.7508157336093553e-03
2.7511714129230813e-03
2.7515270921104960e-03
2.7511714128115820e-03
2.7508157333865626e-03
2.7511714129231941e-03
2.7515270923331278e-03
2.7511714128125170e-03
2.7508157331652488e-03
2.7511714129232570e-03
2.7515270925544885e-03
2.7511714128116787e-03
2.7508157329424942e-03
2.7511714129208721e-03
2.7515270927739519e-03
2.7511714128097371e-03
2.7508157327186902e-03
2.7511714129199146e-03
2.7515270929956582e-03
2.7511714128092743e-03
2.7508157324963754e-03
2.7511714129202520e-03
2.7515270932176698e-03
2.7511714128095519e-03
2.7508157322743559e-03
2.7511714129203886e-03
2.7515270934393649e-03
2.7511714128091993e-03
2.7508157320527095e-03
2.7511714129194995e-03
2.7515270936605378e-03
2.7511714128085705e-03
2.7508157318304025e-03
2.7511714129194618e-03
2.7515270938816322e-03
2.7511714128089356e-03
2.7508157316099170e-03
2.7511714129202255e-03
2.7515270941029834e-03
2.7511714128089378e-03
2.7508157313869352e-03
2.7511714129185632e-03
2.7515270943244191e-03
2.7511714128081637e-03
2.7508157311655086e-03
2.7511714129181707e-03
2.7515270945449870e-03
2.7511714128071801e-03
2.7508157309433460e-03
2.7511714129177219e-03
2.7515270947658359e-03
2.7511714128066584e-03
2.7508157307204375e-03
2.7511714129170770e-03
2.7515270949880826e-03
2.7511714128062820e-03
2.7508157304983430e-03
2.7511714129174578e-03
2.7515270952094429e-03
2.7511714128064749e-03
2.7508157302763791e-03
2.7511714129170046e-03
2.7515270954308804e-03
2.7511714128063288e-03
2.7508157300553246e-03
2.7511714129171035e-03
2.7515270956511616e-03
2.7511714128058834e-03
2.7508157298337700e-03
2.7511714129161550e-03
2.7515270958715513e-03
2.7511714128047459e-03
2.7508157296118607e-03
2.7511714129159308e-03
2.7515270960930217e-03
2.7511714128048005e-03
2.7508157293903474e-03
2.7511714129152755e-03
2.7515270963135788e-03
2.7511714128046708e-03
2.7508157291689468e-03
2.7511714129163914e-03
2.7515270965363507e-03
2.7511714128049644e-03
2.7508157289474833e-03
2.7511714129153124e-03
2.7515270967575999e-03
2.7511714128042632e-03
2.7508157287248524e-03
2.7511714129145868e-03
2.7515270969775477e-03
