0.0000000000000000e+00
1.0000000000497821e-04
2.0000000000899816e-04
2.9999000101259922e-04
4.0000000008217208e-04
4.9999999815235623e-04
5.9998999722321133e-04
7.8000167026637463e-04
1.3360407193587808e-03
1.9672318873595945e-03
2.6134472708316007e-03
2.7226894973503514e-03
2.7445400569553421e-03
2.7489093328981998e-03
2.7497819190670176e-03
2.7506545044756470e-03
2.7515270891217926e-03
2.7511324628121396e-03
2.7507378363468564e-03
2.7511324628704537e-03
2.7515270892388135e-03
2.7511692754202859e-03
2.7508114614742635e-03
2.7511692755287026e-03
2.7515270894547380e-03
2.7511712972951383e-03
2.7508155050089064e-03
2.7511712974062530e-03
2.7515270896763897e-03
2.7511714075722244e-03
2.7508157253416025e-03
2.7511714076844532e-03
2.7515270899006335e-03
2.7511714128165381e-03
2.7508157356056721e-03
2.7511714129267520e-03
2.7515270901217500e-03
2.7511714128163871e-03
2.7508157353849020e-03
2.7511714129277382e-03
2.7515270903442084e-03
2.7511714128171652e-03
2.7508157351632053e-03
2.7511714129278206e-03
2.7515270905660691e-03
2.7511714128167037e-03
2.7508157349410284e-03
2.7511714129273643e-03
2.7515270907871921e-03
2.7511714128167575e-03
2.7508157347194894e-03
2.7511714129269359e-03
2.7515270910094683e-03
2.7511714128164045e-03
2.7508157344971682e-03
2.7511714129272303e-03
2.7515270912303086e-03
2.7511714128171730e-03
2.7508157342769103e-03
2.7511714129280821e-03
2.7515270914516333e-03
2.7511714128169744e-03
2.7508157340559829e-03
2.7511714129278045e-03
2.7515270916738483e-03
2.7511714128167493e-03
2.7508157338338377e-03
2.7511714129274953e-03
2.7515270918951774e-03
2.7511714128160194e-03
2.7508157336112171e-03
2.7511714129269038e-03
2.7515270921167853e-03
2.7511714128161417e-03
2.7508157333893837e-03
2.7511714129274997e-03
2.7515270923387015e-03
2.7511714128169050e-03
2.7508157331679840e-03
2.7511714129277508e-03
2.7515270925606329e-03
2.7511714128162601e-03
2.7508157329454680e-03
2.7511714129270295e-03
2.7515270927818548e-03
2.7511714128161517e-03
2.7508157327234568e-03
2.7511714129267897e-03
2.7515270930024852e-03
2.7511714128152826e-03
2.7508157325015466e-03
2.7511714129264449e-03
2.7515270932253681e-03
2.7511714128155033e-03
2.7508157322794612e-03
2.7511714129253512e-03
2.7515270934454837e-03
2.7511714128148558e-03
2.7508157320576794e-03
2.7511714129256023e-03
2.7515270936674112e-03
2.7511714128145822e-03
2.7508157318361474e-03
2.7511714129255043e-03
2.7515270938885204e-03
2.7511714128142964e-03
2.7508157316137099e-03
2.7511714129248533e-03
2.7515270941091373e-03
2.7511714128140895e-03
2.7508157313913366e-03
2.7511714129242171e-03
2.7515270943305917e-03
2.7511714128132035e-03
2.7508157311696311e-03
2.7511714129243034e-03
2.7515270945530413e-03
2.7511714128137773e-03
2.7508157309481598e-03
2.7511714129241169e-03
2.7515270947740022e-03
2.7511714128136879e-03
2.7508157307263308e-03
2.7511714129246998e-03
2.7515270949959110e-03
2.7511714128141593e-03
2.7508157305053803e-03
2.7511714129241712e-03
2.7515270952172041e-03
2.7511714128140683e-03
2.7508157302840396e-03
2.7511714129240948e-03
2.7515270954380907e-03
2.7511714128133280e-03
2.7508157300622799e-03
2.7511714129237839e-03
2.7515270956580181e-03
2.7511714128125148e-03
2.7508157298402891e-03
2.7511714129231871e-03
2.7515270958795315e-03
2.7511714128120855e-03
2.7508157296185489e-03
2.7511714129225921e-03
2.7515270961007508e-03
2.7511714128124459e-03
2.7508157293972420e-03
2.7511714129230865e-03
2.7515270963223044e-03
2.7511714128118899e-03
2.7508157291748696e-03
2.7511714129223107e-03
2.7515270965430020e-03
2.7511714128112506e-03
2.7508157289533332e-03
2.7511714129214199e-03
2.7515270967638423e-03
2.7511714128111470e-03
2.7508157287326148e-03
2.7511714129219026e-03
2.7515270969850794e-03
