0.0000000000000000e+00
0.0000000000000000e+00
0.0000000000000000e+00
0.0000000000000000e+00
0.0000000000000000e+00
0.0000000000000000e+00
0.0000000000000000e+00
1.6001370626697207e-04
1.0723101031018230e-03
2.1344730703709534e-03
3.2268949373927894e-03
3.4453789936619581e-03
3.4890924429737112e-03
3.4978191589827390e-03
3.4995638579189822e-03
3.5009249306465029e-03
3.5022649261133533e-03
3.5022649261133533e-03
3.5022649261133533e-03
3.5022649261133533e-03
3.5023385513619390e-03
3.5023385513619390e-03
3.5023385513619390e-03
3.5023385513619390e-03
3.5023425951134900e-03
3.5023425951134900e-03
3.5023425951134900e-03
3.5023425951134900e-03
3.5023428156671517e-03
3.5023428156671517e-03
3.5023428156671517e-03
3.5023428156671517e-03
3.5023428261534936e-03
3.5023428261534936e-03
3.5023428261534936e-03
3.5023428261534936e-03
3.5023428261534936e-03
3.5023428261534936e-03
3.5023428261534936e-03
3.5023428261534936e-03
3.5023428261534936e-03
3.5023428261534936e-03
3.5023428261534936e-03
3.5023428261534936e-03
3.5023428261534936e-03
3.5023428261534936e-03
3.5023428261534936e-03
3.5023428261534936e-03
3.5023428261534936e-03
3.5023428261534936e-03
3.5023428261534936e-03
3.5023428261534936e-03
3.5023428261534936e-03
3.5023428261534936e-03
3.5023428261534936e-03
3.5023428261534936e-03
3.5023428261534936e-03
3.5023428261534936e-03
3.5023428261534936e-03
3.5023428261534936e-03
3.5023428261534936e-03
3.5023428261534936e-03
3.5023428261534936e-03
3.5023428261534936e-03
3.5023428261534936e-03
3.5023428261534936e-03
3.5023428261534936e-03
3.5023428261534936e-03
3.5023428261534936e-03
3.5023428261534936e-03
3.5023428261534936e-03
3.5023428261534936e-03
3.5023428261534936e-03
3.5023428261534936e-03
3.5023428261534936e-03
3.5023428261534936e-03
3.5023428261534936e-03
3.5023428261534936e-03
3.5023428261534936e-03
3.5023428261534936e-03
3.5023428261534936e-03
3.5023428261534936e-03
3.5023428261534936e-03
3.5023428261534936e-03
3.5023428261534936e-03
3.5023428261534936e-03
3.5023428261534936e-03
3.5023428261534936e-03
3.5023428261534936e-03
3.5023428261534936e-03
3.5023428261534936e-03
3.5023428261534936e-03
3.5023428261534936e-03
3.5023428261534936e-03
3.5023428261534936e-03
3.5023428261534936e-03
3.5023428261534936e-03
3.5023428261534936e-03
3.5023428261534936e-03
3.5023428261534936e-03
3.5023428261534936e-03
3.5023428261534936e-03
3.5023428261534936e-03
3.5023428261534936e-03
3.5023428261534936e-03
3.5023428261534936e-03
3.5023428261534936e-03
3.5023428261534936e-03
3.5023428261534936e-03
3.5023428261534936e-03
3.5023428261534936e-03
3.5023428261534936e-03
3.5023428261534936e-03
3.5023428261534936e-03
3.5023428261534936e-03
3.5023428261534936e-03
3.5023428261534936e-03
3.5023428261534936e-03
3.5023428261534936e-03
3.5023428261534936e-03
3.5023428261534936e-03
3.5023428261534936e-03
3.5023428261534936e-03
3.5023428261534936e-03
3.5023428261534936e-03
3.5023428261534936e-03
3.5023428261534936e-03
3.5023428261534936e-03
3.5023428261534936e-03
3.5023428261534936e-03
3.5023428261534936e-03
3.5023428261534936e-03
3.5023428261534936e-03
3.5023428261534936e-03
3.5023428261534936e-03
3.5023428261534936e-03
3.5023428261534936e-03
3.5023428261534936e-03
3.5023428261534936e-03
3.5023428261534936e-03
3.5023428261534936e-03
3.5023428261534936e-03
3.5023428261534936e-03
3.5023428261534936e-03
3.5023428261534936e-03
3.5023428261534936e-03
3.5023428261534936e-03
3.5023428261534936e-03
3.5023428261534936e-03
3.5023428261534936e-03
3.5023428261534936e-03
3.5023428261534936e-03
3.5023428261534936e-03
3.5023428261534936e-03
3.5023428261534936e-03
3.5023428261534936e-03
3.5023428261534936e-03
3.5023428261534936e-03
3.5023428261534936e-03
3.5023428261534936e-03
3.5023428261534936e-03
