2.9999999999999983e+02
2.9999999999999983e+02
2.9999999999999983e+02
2.9999999999999983e+02
2.9999999999999983e+02
2.9999999999999983e+02
2.9999999999999983e+02
3.0800068531334830e+02
3.5201536809242117e+02
3.9600055248752932e+02
4.4000001616592976e+02
4.4000000030916999e+02
4.4000083221206580e+02
4.4000003351939966e+02
4.4000000130612159e+02
4.4005060795313517e+02
4.4010399699920231e+02
4.4009059704453409e+02
4.4009059704453409e+02
4.4009059704453409e+02
4.4009427830696319e+02
4.4009354205447738e+02
4.4009354205447738e+02
4.4009354205447738e+02
4.4009374424205464e+02
4.4009370380453930e+02
4.4009370380453930e+02
4.4009370380453930e+02
4.4009371483222230e+02
4.4009371262668571e+02
4.4009371262668571e+02
4.4009371262668571e+02
4.4009371315100310e+02
4.4009371304613961e+02
4.4009371304613961e+02
4.4009371304613961e+02
4.4009371304613961e+02
4.4009371304613961e+02
4.4009371304613961e+02
4.4009371304613961e+02
4.4009371304613961e+02
4.4009371304613961e+02
4.4009371304613961e+02
4.4009371304613961e+02
4.4009371304613961e+02
4.4009371304613961e+02
4.4009371304613961e+02
4.4009371304613961e+02
4.4009371304613961e+02
4.4009371304613961e+02
4.4009371304613961e+02
4.4009371304613961e+02
4.4009371304613961e+02
4.4009371304613961e+02
4.4009371304613961e+02
4.4009371304613961e+02
4.4009371304613961e+02
4.4009371304613961e+02
4.4009371304613961e+02
4.4009371304613961e+02
4.4009371304613961e+02
4.4009371304613961e+02
4.4009371304613961e+02
4.4009371304613961e+02
4.4009371304613961e+02
4.4009371304613961e+02
4.4009371304613961e+02
4.4009371304613961e+02
4.4009371304613961e+02
4.4009371304613961e+02
4.4009371304613961e+02
4.4009371304613961e+02
4.4009371304613961e+02
4.4009371304613961e+02
4.4009371304613961e+02
4.4009371304613961e+02
4.4009371304613961e+02
4.4009371304613961e+02
4.4009371304613961e+02
4.4009371304613961e+02
4.4009371304613961e+02
4.4009371304613961e+02
4.4009371304613961e+02
4.4009371304613961e+02
4.4009371304613961e+02
4.4009371304613961e+02
4.4009371304613961e+02
4.4009371304613961e+02
4.4009371304613961e+02
4.4009371304613961e+02
4.4009371304613961e+02
4.4009371304613961e+02
4.4009371304613961e+02
4.4009371304613961e+02
4.4009371304613961e+02
4.4009371304613961e+02
4.4009371304613961e+02
4.4009371304613961e+02
4.4009371304613961e+02
4.4009371304613961e+02
4.4009371304613961e+02
4.4009371304613961e+02
4.4009371304613961e+02
4.4009371304613961e+02
4.4009371304613961e+02
4.4009371304613961e+02
4.4009371304613961e+02
4.4009371304613961e+02
4.4009371304613961e+02
4.4009371304613961e+02
4.4009371304613961e+02
4.4009371304613961e+02
4.4009371304613961e+02
4.4009371304613961e+02
4.4009371304613961e+02
4.4009371304613961e+02
4.4009371304613961e+02
4.4009371304613961e+02
4.4009371304613961e+02
4.4009371304613961e+02
4.4009371304613961e+02
4.4009371304613961e+02
4.4009371304613961e+02
4.4009371304613961e+02
4.4009371304613961e+02
4.4009371304613961e+02
4.4009371304613961e+02
4.4009371304613961e+02
4.4009371304613961e+02
4.4009371304613961e+02
4.4009371304613961e+02
4.4009371304613961e+02
4.4009371304613961e+02
4.4009371304613961e+02
4.4009371304613961e+02
4.4009371304613961e+02
4.4009371304613961e+02
4.4009371304613961e+02
4.4009371304613961e+02
4.4009371304613961e+02
4.4009371304613961e+02
4.4009371304613961e+02
4.4009371304613961e+02
4.4009371304613961e+02
4.4009371304613961e+02
4.4009371304613961e+02
4.4009371304613961e+02
4.4009371304613961e+02
4.4009371304613961e+02
4.4009371304613961e+02
4.4009371304613961e+02
4.4009371304613961e+02
4.4009371304613961e+02
4.4009371304613961e+02
4.4009371304613961e+02
4.4009371304613961e+02
4.4009371304613961e+02
4.4009371304613961e+02
4.4009371304613961e+02
4.4009371304613961e+02
4.4009371304613961e+02
