0.0000000000000000e+00
-4.4000000002315339e+01
-8.8000000001306120e+01
-1.3202200836391737e+02
-1.7600000001139034e+02
-2.1999998328901694e+02
-2.6402197491651168e+02
-3.0800216820090293e+02
-3.5204820522103932e+02
-3.9600185125317296e+02
-4.4000006777924114e+02
-4.4000000034965296e+02
-4.4000260451515010e+02
-4.4000010452972862e+02
-4.4000000413562992e+02
-4.4003366331633288e+02
-4.4006917776464792e+02
-4.4000000054152827e+02
-4.3993082341384729e+02
-4.4000000040912852e+02
-4.4006269847798893e+02
-4.4000000057727789e+02
-4.3993730275501906e+02
-4.4000000033613708e+02
-4.4006234214568985e+02
-4.4000000057918402e+02
-4.3993765909027314e+02
-4.4000000033231720e+02
-4.4006232224323554e+02
-4.4000000057932817e+02
-4.3993767899294318e+02
-4.4000000033206936e+02
-4.4006232082580641e+02
-4.4000000057929321e+02
-4.3993768041027954e+02
-4.4000000033219612e+02
-4.4006232033149251e+02
-4.4000000057946374e+02
-4.3993768090487828e+02
-4.4000000033211904e+02
-4.4006231983697626e+02
-4.4000000057921329e+02
-4.3993768139914914e+02
-4.4000000033198188e+02
-4.4006231934227270e+02
-4.4000000057927605e+02
-4.3993768189382149e+02
-4.4000000033204014e+02
-4.4006231884771518e+02
-4.4000000057919016e+02
-4.3993768238812288e+02
-4.4000000033191674e+02
-4.4006231835318141e+02
-4.4000000057916100e+02
-4.3993768288268393e+02
-4.4000000033198620e+02
-4.4006231785882107e+02
-4.4000000057923501e+02
-4.3993768337718063e+02
-4.4000000033192759e+02
-4.4006231736422205e+02
-4.4000000057915975e+02
-4.3993768387159588e+02
-4.4000000033182749e+02
-4.4006231686962258e+02
-4.4000000057914480e+02
-4.3993768436616313e+02
-4.4000000033183261e+02
-4.4006231637507665e+02
-4.4000000057922074e+02
-4.3993768486065051e+02
-4.4000000033202315e+02
-4.4006231588072194e+02
-4.4000000057924404e+02
-4.3993768535516097e+02
-4.4000000033177150e+02
-4.4006231538585041e+02
-4.4000000057896392e+02
-4.3993768584958309e+02
-4.4000000033180720e+02
-4.4006231489158324e+02
-4.4000000057911438e+02
-4.3993768634425658e+02
-4.4000000033200871e+02
-4.4006231439725548e+02
-4.4000000057934687e+02
-4.3993768683906200e+02
-4.4000000033227866e+02
-4.4006231390291765e+02
-4.4000000057950757e+02
-4.3993768733352084e+02
-4.4000000033211688e+02
-4.4006231340812190e+02
-4.4000000057929918e+02
-4.3993768782803375e+02
-4.4000000033208732e+02
-4.4006231291361297e+02
-4.4000000057942475e+02
-4.3993768832264760e+02
-4.4000000033216736e+02
-4.4006231241907324e+02
-4.4000000057957982e+02
-4.3993768881739493e+02
-4.4000000033220283e+02
-4.4006231192458063e+02
-4.4000000057954287e+02
-4.3993768931188504e+02
-4.4000000033215417e+02
-4.4006231143001912e+02
-4.4000000057951053e+02
-4.3993768980675731e+02
-4.4000000033236324e+02
-4.4006231093552725e+02
-4.4000000057964309e+02
-4.3993769030134081e+02
-4.4000000033255299e+02
-4.4006231044113065e+02
-4.4000000057978758e+02
-4.3993769079592715e+02
-4.4000000033254196e+02
-4.4006230994657665e+02
-4.4000000057983442e+02
-4.3993769129072757e+02
-4.4000000033267008e+02
-4.4006230945207579e+02
-4.4000000057989752e+02
-4.3993769178525241e+02
-4.4000000033256856e+02
-4.4006230895754840e+02
-4.4000000057983948e+02
-4.3993769227963685e+02
-4.4000000033257299e+02
-4.4006230846302486e+02
-4.4000000057998261e+02
-4.3993769277438270e+02
-4.4000000033263007e+02
-4.4006230796856278e+02
-4.4000000058009670e+02
-4.3993769326916936e+02
-4.4000000033283612e+02
-4.4006230747403947e+02
-4.4000000058018270e+02
-4.3993769376371455e+02
-4.4000000033280878e+02
-4.4006230697935047e+02
-4.4000000057990593e+02
-4.3993769425804385e+02
-4.4000000033255361e+02
-4.4006230648469210e+02
-4.4000000057981265e+02
-4.3993769475264082e+02
-4.4000000033252496e+02
-4.4006230598995552e+02
-4.4000000057989337e+02
-4.3993769524732090e+02
-4.4000000033270396e+02
-4.4006230549545245e+02
-4.4000000057990513e+02
-4.3993769574180931e+02
-4.4000000033264911e+02
-4.4006230500093068e+02
