0.0000000000000000e+00
-1.8587725300331075e-11
8.6574434861052237e-10
-8.8026394550750637e-03
8.2453956485920211e-09
5.2993090043763218e-06
-8.7920461549642007e-03
-1.4828875188211915e-03
-3.2837128581398319e-02
-1.2987656039885240e-03
-5.1613296062071698e-05
-4.0462036393971270e-08
-1.7723030675388294e-03
-7.1010316116917757e-05
-2.8294945012382751e-06
1.6944636819174325e-02
3.4819234566299921e-02
-2.1647341912624051e-07
-3.4819722117662120e-02
-1.6378645957448258e-07
3.1579829000709672e-02
-2.3072202848669474e-07
-3.1580335331006772e-02
-1.3441778984979029e-07
3.1402096407387746e-02
-2.3147470411567432e-07
-3.1402603784837162e-02
-1.3291349805004377e-07
3.1392589074129035e-02
-2.3150519294646881e-07
-3.1393096487199457e-02
-1.3267770343603684e-07
3.1392325366267362e-02
-2.3138403836559311e-07
-3.1392832550544134e-02
-1.3286238663051249e-07
3.1392522526949330e-02
-2.3150811290962357e-07
-3.1393029879088132e-02
-1.3277065243586028e-07
3.1392719939659808e-02
-2.3132083220398428e-07
-3.1393227098069236e-02
-1.3269152854605317e-07
3.1392917384656431e-02
-2.3135837443191317e-07
-3.1393424579035059e-02
-1.3272451102821397e-07
3.1393114765500912e-02
-2.3132042735043079e-07
-3.1393621782676497e-02
-1.3266681194170583e-07
3.1393312216420936e-02
-2.3127581411314436e-07
-3.1393819186487676e-02
-1.3264865278720356e-07
3.1393509416140469e-02
-2.3128404488404222e-07
-3.1394016427256935e-02
-1.3257887766528153e-07
3.1393706736644003e-02
-2.3127768807729082e-07
-3.1394213662265934e-02
-1.3255762942689311e-07
3.1393904199061032e-02
-2.3124889411636334e-07
-3.1394411038671528e-02
-1.3255265029932970e-07
3.1394101522413918e-02
-2.3133854386429086e-07
-3.1394608433843896e-02
-1.3264729234241927e-07
3.1394298895332309e-02
-2.3133338041166042e-07
-3.1394805852351861e-02
-1.3252165445401251e-07
3.1394496404330521e-02
-2.3113268760561499e-07
-3.1395003138808247e-02
-1.3247370237159309e-07
3.1394693732095504e-02
-2.3127888940273591e-07
-3.1395200648223362e-02
-1.3270911149517560e-07
3.1394890886600607e-02
-2.3139309188751355e-07
-3.1395398196356852e-02
-1.3286294408368111e-07
3.1395088052837153e-02
-2.3160831954436972e-07
-3.1395595609680506e-02
-1.3286649231925427e-07
3.1395285607110447e-02
-2.3151730768400835e-07
-3.1395793019863186e-02
-1.3294380553236323e-07
3.1395482819051898e-02
-2.3162239140889366e-07
-3.1395990385179519e-02
-1.3295982473261541e-07
3.1395680176462534e-02
-2.3170451539151931e-07
-3.1396187818052118e-02
-1.3298283409284490e-07
3.1395877447211520e-02
-2.3171813089466847e-07
-3.1396385196833583e-02
-1.3301904293987446e-07
3.1396074700944528e-02
-2.3171281368369978e-07
-3.1396582768426329e-02
-1.3316554995176449e-07
3.1396272050128966e-02
-2.3182938573622926e-07
-3.1396780086672939e-02
-1.3319735719325318e-07
3.1396469444012094e-02
-2.3179679829866242e-07
-3.1396977415272052e-02
-1.3318409806361275e-07
3.1396666733026178e-02
-2.3182436916711678e-07
-3.1397174923882616e-02
-1.3321494725094845e-07
3.1396864114689817e-02
-2.3181463045366430e-07
-3.1397372192262268e-02
-1.3316685935506291e-07
3.1397061470028541e-02
-2.3174538105151916e-07
-3.1397569401334417e-02
-1.3314659236419031e-07
3.1397258760343556e-02
-2.3183062260299120e-07
-3.1397766797777657e-02
-1.3318697290409077e-07
3.1397455855344626e-02
-2.3201976414110055e-07
-3.1397964273237072e-02
-1.3335605658852499e-07
3.1397653151318407e-02
-2.3209920658415468e-07
-3.1398161642379761e-02
-1.3338893831205701e-07
3.1397850541980139e-02
-2.3194891668356384e-07
-3.1398358854261219e-02
-1.3324941663361133e-07
3.1398047897608618e-02
-2.3193355762665808e-07
-3.1398556260591237e-02
-1.3326529607995595e-07
3.1398245278668788e-02
-2.3202312607286140e-07
-3.1398753621334444e-02
-1.3345083449011248e-07
3.1398442536029803e-02
-2.3202542224029373e-07
-3.1398950886761715e-02
-1.3337363794620843e-07
3.1398639816476309e-02
