0.0000000000000000e+00
4.4000000002331312e+01
8.8000000002138293e+01
1.3201320572442393e+02
1.7600000001958779e+02
2.1999998858827405e+02
2.6401318287029801e+02
3.0800068531334830e+02
3.5201536809242111e+02
3.9600055248752932e+02
4.4000001616592971e+02
4.4000000030916976e+02
4.4000083221206580e+02
4.4000003351939944e+02
4.4000000130612159e+02
4.4005060795313494e+02
4.4010399699920242e+02
4.4000000032506836e+02
4.3989600369175480e+02
4.4000000024535785e+02
4.4009427830696302e+02
4.4000000034658723e+02
4.3990572241975372e+02
4.4000000020173559e+02
4.4009374424205521e+02
4.4000000034773052e+02
4.3990625648657783e+02
4.4000000019936965e+02
4.4009371483222242e+02
4.4000000034783682e+02
4.3990628589657103e+02
4.4000000019934487e+02
4.4009371315100287e+02
4.4000000034789321e+02
4.3990628757786459e+02
4.4000000019927802e+02
4.4009371285383412e+02
4.4000000034790583e+02
4.3990628787508098e+02
4.4000000019933185e+02
4.4009371255673705e+02
4.4000000034789718e+02
4.3990628817223717e+02
4.4000000019927290e+02
4.4009371225945978e+02
4.4000000034789497e+02
4.3990628846937540e+02
4.4000000019930212e+02
4.4009371196233451e+02
4.4000000034785739e+02
4.3990628876647537e+02
4.4000000019925977e+02
4.4009371166523687e+02
4.4000000034787143e+02
4.3990628906363861e+02
4.4000000019930474e+02
4.4009371136805123e+02
4.4000000034786353e+02
4.3990628936077798e+02
4.4000000019926279e+02
4.4009371107078624e+02
4.4000000034776934e+02
4.3990628965787192e+02
4.4000000019916433e+02
4.4009371077358958e+02
4.4000000034778469e+02
4.3990628995512600e+02
4.4000000019917229e+02
4.4009371047637330e+02
4.4000000034773677e+02
4.3990629025217891e+02
4.4000000019924937e+02
4.4009371017938491e+02
4.4000000034774678e+02
4.3990629054924960e+02
4.4000000019911323e+02
4.4009370988206848e+02
4.4000000034769988e+02
4.3990629084639954e+02
4.4000000019920077e+02
4.4009370958510544e+02
4.4000000034769829e+02
4.3990629114353777e+02
4.4000000019909999e+02
4.4009370928784756e+02
4.4000000034771273e+02
4.3990629144071352e+02
4.4000000019919122e+02
4.4009370899072599e+02
4.4000000034769732e+02
4.3990629173775926e+02
4.4000000019905065e+02
4.4009370869347288e+02
4.4000000034759222e+02
4.3990629203487413e+02
4.4000000019900091e+02
4.4009370839623961e+02
4.4000000034763883e+02
4.3990629233213122e+02
4.4000000019902325e+02
4.4009370809904084e+02
4.4000000034770068e+02
4.3990629262941945e+02
4.4000000019904218e+02
4.4009370780181183e+02
4.4000000034766435e+02
4.3990629292659355e+02
4.4000000019899699e+02
4.4009370750451120e+02
4.4000000034763332e+02
4.3990629322386360e+02
4.4000000019901529e+02
4.4009370720737655e+02
4.4000000034765571e+02
4.3990629352114922e+02
4.4000000019916251e+02
4.4009370691029397e+02
4.4000000034777577e+02
4.3990629381838585e+02
4.4000000019915456e+02
4.4009370661303603e+02
4.4000000034777622e+02
4.3990629411562315e+02
4.4000000019920333e+02
4.4009370631592560e+02
4.4000000034781084e+02
4.3990629441282113e+02
4.4000000019916314e+02
4.4009370601874025e+02
4.4000000034783750e+02
4.3990629470998203e+02
4.4000000019919094e+02
4.4009370572154251e+02
4.4000000034790486e+02
4.3990629500734133e+02
4.4000000019921521e+02
4.4009370542418452e+02
4.4000000034785916e+02
4.3990629530468618e+02
4.4000000019923624e+02
4.4009370512692192e+02
4.4000000034784784e+02
4.3990629560187449e+02
4.4000000019921583e+02
4.4009370482965096e+02
4.4000000034773592e+02
4.3990629589901067e+02
4.4000000019907492e+02
4.4009370453232515e+02
4.4000000034768675e+02
4.3990629619623485e+02
4.4000000019911772e+02
4.4009370423506971e+02
4.4000000034772165e+02
4.3990629649356197e+02
4.4000000019910192e+02
4.4009370393783627e+02
4.4000000034770090e+02
4.3990629679071270e+02
4.4000000019908498e+02
4.4009370364055587e+02
