0.0000000000000000e+00
5.0535810150800434e-11
7.9867001703737321e-10
-8.8026395317879636e-03
8.1494034044474758e-09
5.2992053962227998e-06
-8.7920462722918952e-03
-1.4828875904697647e-03
-3.2837128655228053e-02
-1.2987656835585486e-03
-5.1613327115742908e-05
-4.0503771599685708e-08
-1.7723031009907013e-03
-7.1010342382704842e-05
-2.8295222186804217e-06
1.6944636784985249e-02
3.4819234542769417e-02
-2.1644623506729445e-07
-3.4819722067357638e-02
-1.6375511173317989e-07
3.1579828946653656e-02
-2.3065871237611586e-07
-3.1580335199362153e-02
-1.3438489605939127e-07
3.1402096323767642e-02
-2.3143239026180210e-07
-3.1402603605718185e-02
-1.3298159216823818e-07
3.1392588899794051e-02
-2.3147819476284716e-07
-3.1393096256771842e-02
-1.3277113951610850e-07
3.1392325026732962e-02
-2.3141579386653956e-07
-3.1392832278769593e-02
-1.3297399686980450e-07
3.1392522156163581e-02
-2.3160780554533492e-07
-3.1393029715622696e-02
-1.3280426989489629e-07
3.1392719581421036e-02
-2.3131142966741381e-07
-3.1393226725564605e-02
-1.3272649224427822e-07
3.1392916989155424e-02
-2.3140358824141195e-07
-3.1393424313335146e-02
-1.3275154478560226e-07
3.1393114473053166e-02
-2.3134525182287305e-07
-3.1393621512138307e-02
-1.3264721648251197e-07
3.1393311894709119e-02
-2.3130359391622209e-07
-3.1393818903630959e-02
-1.3271451672861906e-07
3.1393509045019002e-02
-2.3145901377692972e-07
-3.1394016378015241e-02
-1.3275103522490068e-07
3.1393706391653065e-02
-2.3150314692951456e-07
-3.1394213786099745e-02
-1.3276867403551159e-07
3.1393903735407291e-02
-2.3147111144056449e-07
-3.1394411035253304e-02
-1.3276813106555287e-07
3.1394101070852963e-02
-2.3162944992763965e-07
-3.1394608509078312e-02
-1.3290069556709302e-07
3.1394298430883059e-02
-2.3166074349992448e-07
-3.1394805970187442e-02
-1.3279474961661117e-07
3.1394496031448581e-02
-2.3139556553520174e-07
-3.1395003229219363e-02
-1.3273940521475662e-07
3.1394693312267206e-02
-2.3155303076306656e-07
-3.1395200789495037e-02
-1.3310850298018046e-07
3.1394890297360187e-02
-2.3187536183323363e-07
-3.1395398500200358e-02
-1.3331186930854792e-07
3.1395087563933374e-02
-2.3201224428099419e-07
-3.1395595913313534e-02
-1.3326589546315980e-07
3.1395285094948155e-02
-2.3189670947768569e-07
-3.1395793299074222e-02
-1.3322954532633429e-07
3.1395482434439549e-02
-2.3194963771441087e-07
-3.1395990647730902e-02
-1.3332846382358416e-07
3.1395679758977668e-02
-2.3205371801241994e-07
-3.1396188132884473e-02
-1.3333882487820212e-07
3.1395877014949780e-02
-2.3203874880575864e-07
-3.1396385385698757e-02
-1.3329505740582796e-07
3.1396074283303606e-02
-2.3204055422255389e-07
-3.1396583018603798e-02
-1.3353043740582622e-07
3.1396271648613028e-02
-2.3214537998792252e-07
-3.1396780296165404e-02
-1.3358295664034541e-07
3.1396468882530143e-02
-2.3222721110899252e-07
-3.1396977667128595e-02
-1.3359105795507752e-07
3.1396666186090008e-02
-2.3229188308477460e-07
-3.1397175285039221e-02
-1.3371850072350880e-07
3.1396863585056028e-02
-2.3235900658020700e-07
-3.1397372669701315e-02
-1.3364377033770472e-07
3.1397060913976579e-02
-2.3225928888771631e-07
-3.1397569907553768e-02
-1.3361759278755289e-07
3.1397258274706796e-02
-2.3232480638568665e-07
-3.1397767284573212e-02
-1.3364277574311710e-07
3.1397455387639460e-02
-2.3245563410207109e-07
-3.1397964692607500e-02
-1.3384370814532197e-07
3.1397652612783808e-02
-2.3257022647160621e-07
-3.1398162038226450e-02
-1.3379636373457816e-07
3.1397850059714155e-02
-2.3239049649901647e-07
-3.1398359212163843e-02
-1.3370819105612403e-07
3.1398047367926188e-02
-2.3231799176070102e-07
-3.1398556551015033e-02
-1.3354949551611191e-07
3.1398244949677079e-02
-2.3232009611244649e-07
-3.1398753896395827e-02
-1.3375325653383891e-07
3.1398442231763073e-02
-2.3238282851843214e-07
-3.1398951306489439e-02
-1.3375454811862866e-07
3.1398639434228708e-02
