0.0000000000000000e+00
0.0000000000000000e+00
0.0000000000000000e+00
0.0000000000000000e+00
0.0000000000000000e+00
0.0000000000000000e+00
0.0000000000000000e+00
-1.0667580417798146e+00
-7.1487340206788215e+00
-1.4229820469139497e+01
-2.1512632915952086e+01
-2.2969193291081588e+01
-2.3260616286492979e+01
-2.3318794393215139e+01
-2.3330425719459747e+01
-2.3339499537642464e+01
-2.3348432840756491e+01
-2.3348432840756491e+01
-2.3348432840756491e+01
-2.3348432840756487e+01
-2.3348923675755795e+01
-2.3348923675755795e+01
-2.3348923675755795e+01
-2.3348923675755792e+01
-2.3348950634096301e+01
-2.3348950634096301e+01
-2.3348950634096301e+01
-2.3348950634096301e+01
-2.3348952104454945e+01
-2.3348952104454945e+01
-2.3348952104454945e+01
-2.3348952104454952e+01
-2.3348952174360285e+01
-2.3348952174360285e+01
-2.3348952174360285e+01
-2.3348952174360278e+01
-2.3348952174360278e+01
-2.3348952174360278e+01
-2.3348952174360278e+01
-2.3348952174360281e+01
-2.3348952174360281e+01
-2.3348952174360281e+01
-2.3348952174360281e+01
-2.3348952174360267e+01
-2.3348952174360267e+01
-2.3348952174360267e+01
-2.3348952174360267e+01
-2.3348952174360267e+01
-2.3348952174360260e+01
-2.3348952174360260e+01
-2.3348952174360260e+01
-2.3348952174360267e+01
-2.3348952174360267e+01
-2.3348952174360267e+01
-2.3348952174360267e+01
-2.3348952174360271e+01
-2.3348952174360264e+01
-2.3348952174360264e+01
-2.3348952174360264e+01
-2.3348952174360250e+01
-2.3348952174360264e+01
-2.3348952174360264e+01
-2.3348952174360264e+01
-2.3348952174360264e+01
-2.3348952174360264e+01
-2.3348952174360264e+01
-2.3348952174360264e+01
-2.3348952174360264e+01
-2.3348952174360264e+01
-2.3348952174360264e+01
-2.3348952174360264e+01
-2.3348952174360264e+01
-2.3348952174360264e+01
-2.3348952174360264e+01
-2.3348952174360264e+01
-2.3348952174360264e+01
-2.3348952174360264e+01
-2.3348952174360264e+01
-2.3348952174360264e+01
-2.3348952174360264e+01
-2.3348952174360264e+01
-2.3348952174360264e+01
-2.3348952174360264e+01
-2.3348952174360264e+01
-2.3348952174360264e+01
-2.3348952174360264e+01
-2.3348952174360264e+01
-2.3348952174360264e+01
-2.3348952174360264e+01
-2.3348952174360264e+01
-2.3348952174360264e+01
-2.3348952174360264e+01
-2.3348952174360264e+01
-2.3348952174360264e+01
-2.3348952174360264e+01
-2.3348952174360264e+01
-2.3348952174360264e+01
-2.3348952174360264e+01
-2.3348952174360264e+01
-2.3348952174360264e+01
-2.3348952174360264e+01
-2.3348952174360264e+01
-2.3348952174360264e+01
-2.3348952174360264e+01
-2.3348952174360264e+01
-2.3348952174360264e+01
-2.3348952174360264e+01
-2.3348952174360264e+01
-2.3348952174360264e+01
-2.3348952174360264e+01
-2.3348952174360264e+01
-2.3348952174360271e+01
-2.3348952174360264e+01
-2.3348952174360264e+01
-2.3348952174360264e+01
-2.3348952174360264e+01
-2.3348952174360278e+01
-2.3348952174360278e+01
-2.3348952174360278e+01
-2.3348952174360264e+01
-2.3348952174360257e+01
-2.3348952174360257e+01
-2.3348952174360257e+01
-2.3348952174360257e+01
-2.3348952174360257e+01
-2.3348952174360257e+01
-2.3348952174360257e+01
-2.3348952174360250e+01
-2.3348952174360250e+01
-2.3348952174360250e+01
-2.3348952174360250e+01
-2.3348952174360250e+01
-2.3348952174360242e+01
-2.3348952174360242e+01
-2.3348952174360242e+01
-2.3348952174360242e+01
-2.3348952174360242e+01
-2.3348952174360242e+01
-2.3348952174360242e+01
-2.3348952174360235e+01
-2.3348952174360232e+01
-2.3348952174360232e+01
-2.3348952174360232e+01
-2.3348952174360232e+01
-2.3348952174360232e+01
-2.3348952174360232e+01
-2.3348952174360232e+01
-2.3348952174360232e+01
-2.3348952174360232e+01
-2.3348952174360232e+01
-2.3348952174360232e+01
-2.3348952174360232e+01
-2.3348952174360232e+01
-2.3348952174360232e+01
-2.3348952174360232e+01
-2.3348952174360232e+01
-2.3348952174360232e+01
-2.3348952174360232e+01
-2.3348952174360232e+01
-2.3348952174360232e+01
-2.3348952174360232e+01
