0.0000000000000000e+00
0.0000000000000000e+00
0.0000000000000000e+00
0.0000000000000000e+00
0.0000000000000000e+00
0.0000000000000000e+00
0.0000000000000000e+00
5.3337902088971945e-01
3.5743670103382561e+00
7.1149102345675157e+00
1.0756316457973504e+01
1.1484596645538169e+01
1.1630308143243852e+01
1.1659397196604932e+01
1.1665212859727228e+01
1.1669749768818569e+01
1.1674216420375590e+01
1.1674216420375608e+01
1.1674216420375604e+01
1.1674216420375600e+01
1.1674461837875272e+01
1.1674461837875272e+01
1.1674461837875263e+01
1.1674461837875267e+01
1.1674475317045529e+01
1.1674475317045541e+01
1.1674475317045538e+01
1.1674475317045555e+01
1.1674476052224868e+01
1.1674476052224875e+01
1.1674476052224882e+01
1.1674476052224886e+01
1.1674476087177544e+01
1.1674476087177542e+01
1.1674476087177540e+01
1.1674476087177540e+01
1.1674476087177547e+01
1.1674476087177538e+01
1.1674476087177542e+01
1.1674476087177529e+01
1.1674476087177512e+01
1.1674476087177512e+01
1.1674476087177510e+01
1.1674476087177514e+01
1.1674476087177501e+01
1.1674476087177515e+01
1.1674476087177519e+01
1.1674476087177503e+01
1.1674476087177482e+01
1.1674476087177489e+01
1.1674476087177505e+01
1.1674476087177492e+01
1.1674476087177492e+01
1.1674476087177499e+01
1.1674476087177494e+01
1.1674476087177485e+01
1.1674476087177494e+01
1.1674476087177483e+01
1.1674476087177473e+01
1.1674476087177469e+01
1.1674476087177453e+01
1.1674476087177451e+01
1.1674476087177462e+01
1.1674476087177466e+01
1.1674476087177466e+01
1.1674476087177476e+01
1.1674476087177478e+01
1.1674476087177485e+01
1.1674476087177485e+01
1.1674476087177464e+01
1.1674476087177450e+01
1.1674476087177458e+01
1.1674476087177453e+01
1.1674476087177446e+01
1.1674476087177442e+01
1.1674476087177437e+01
1.1674476087177426e+01
1.1674476087177439e+01
1.1674476087177460e+01
1.1674476087177453e+01
1.1674476087177435e+01
1.1674476087177435e+01
1.1674476087177446e+01
1.1674476087177435e+01
1.1674476087177460e+01
1.1674476087177460e+01
1.1674476087177442e+01
1.1674476087177435e+01
1.1674476087177435e+01
1.1674476087177442e+01
1.1674476087177435e+01
1.1674476087177414e+01
1.1674476087177410e+01
1.1674476087177423e+01
1.1674476087177423e+01
1.1674476087177398e+01
1.1674476087177387e+01
1.1674476087177391e+01
1.1674476087177387e+01
1.1674476087177398e+01
1.1674476087177391e+01
1.1674476087177409e+01
1.1674476087177394e+01
1.1674476087177387e+01
1.1674476087177398e+01
1.1674476087177398e+01
1.1674476087177400e+01
1.1674476087177402e+01
1.1674476087177393e+01
1.1674476087177414e+01
1.1674476087177407e+01
1.1674476087177409e+01
1.1674476087177405e+01
1.1674476087177400e+01
1.1674476087177386e+01
1.1674476087177380e+01
1.1674476087177387e+01
1.1674476087177396e+01
1.1674476087177389e+01
1.1674476087177393e+01
1.1674476087177375e+01
1.1674476087177387e+01
1.1674476087177371e+01
1.1674476087177348e+01
1.1674476087177336e+01
1.1674476087177315e+01
1.1674476087177325e+01
1.1674476087177320e+01
1.1674476087177316e+01
1.1674476087177293e+01
1.1674476087177284e+01
1.1674476087177272e+01
1.1674476087177272e+01
1.1674476087177272e+01
1.1674476087177263e+01
1.1674476087177252e+01
1.1674476087177258e+01
1.1674476087177235e+01
1.1674476087177254e+01
1.1674476087177261e+01
1.1674476087177272e+01
1.1674476087177258e+01
1.1674476087177279e+01
1.1674476087177279e+01
1.1674476087177275e+01
1.1674476087177270e+01
1.1674476087177261e+01
1.1674476087177258e+01
1.1674476087177233e+01
1.1674476087177236e+01
1.1674476087177249e+01
1.1674476087177243e+01
1.1674476087177245e+01
1.1674476087177252e+01
1.1674476087177261e+01
1.1674476087177247e+01
1.1674476087177222e+01
1.1674476087177204e+01
1.1674476087177203e+01
1.1674476087177183e+01
1.1674476087177180e+01
