0.0000000000000000e+00
0.0000000000000000e+00
0.0000000000000000e+00
0.0000000000000000e+00
0.0000000000000000e+00
0.0000000000000000e+00
0.0000000000000000e+00
5.3337902089009182e-01
3.5743670103405405e+00
7.1149102345719299e+00
1.0756316457978476e+01
1.1484596645543313e+01
1.1630308143249003e+01
1.1659397196610076e+01
1.1665212859732380e+01
1.1669749768823726e+01
1.1674216420380747e+01
1.1674216420380768e+01
1.1674216420380763e+01
1.1674216420380784e+01
1.1674461837880441e+01
1.1674461837880434e+01
1.1674461837880431e+01
1.1674461837880436e+01
1.1674475317050689e+01
1.1674475317050703e+01
1.1674475317050703e+01
1.1674475317050717e+01
1.1674476052230030e+01
1.1674476052230020e+01
1.1674476052230030e+01
1.1674476052230048e+01
1.1674476087182708e+01
1.1674476087182700e+01
1.1674476087182699e+01
1.1674476087182700e+01
1.1674476087182708e+01
1.1674476087182700e+01
1.1674476087182700e+01
1.1674476087182683e+01
1.1674476087182665e+01
1.1674476087182665e+01
1.1674476087182674e+01
1.1674476087182677e+01
1.1674476087182661e+01
1.1674476087182663e+01
1.1674476087182670e+01
1.1674476087182656e+01
1.1674476087182638e+01
1.1674476087182638e+01
1.1674476087182645e+01
1.1674476087182629e+01
1.1674476087182629e+01
1.1674476087182637e+01
1.1674476087182633e+01
1.1674476087182626e+01
1.1674476087182635e+01
1.1674476087182626e+01
1.1674476087182597e+01
1.1674476087182594e+01
1.1674476087182578e+01
1.1674476087182578e+01
1.1674476087182594e+01
1.1674476087182596e+01
1.1674476087182603e+01
1.1674476087182613e+01
1.1674476087182612e+01
1.1674476087182626e+01
1.1674476087182626e+01
1.1674476087182619e+01
1.1674476087182610e+01
1.1674476087182615e+01
1.1674476087182615e+01
1.1674476087182612e+01
1.1674476087182606e+01
1.1674476087182608e+01
1.1674476087182597e+01
1.1674476087182619e+01
1.1674476087182651e+01
1.1674476087182644e+01
1.1674476087182629e+01
1.1674476087182629e+01
1.1674476087182622e+01
1.1674476087182605e+01
1.1674476087182633e+01
1.1674476087182628e+01
1.1674476087182622e+01
1.1674476087182608e+01
1.1674476087182612e+01
1.1674476087182621e+01
1.1674476087182606e+01
1.1674476087182583e+01
1.1674476087182581e+01
1.1674476087182594e+01
1.1674476087182608e+01
1.1674476087182576e+01
1.1674476087182571e+01
1.1674476087182573e+01
1.1674476087182571e+01
1.1674476087182581e+01
1.1674476087182576e+01
1.1674476087182583e+01
1.1674476087182578e+01
1.1674476087182569e+01
1.1674476087182576e+01
1.1674476087182573e+01
1.1674476087182580e+01
1.1674476087182578e+01
1.1674476087182576e+01
1.1674476087182594e+01
1.1674476087182605e+01
1.1674476087182610e+01
1.1674476087182612e+01
1.1674476087182601e+01
1.1674476087182580e+01
1.1674476087182581e+01
1.1674476087182585e+01
1.1674476087182606e+01
1.1674476087182605e+01
1.1674476087182608e+01
1.1674476087182590e+01
1.1674476087182615e+01
1.1674476087182606e+01
1.1674476087182580e+01
1.1674476087182571e+01
1.1674476087182557e+01
1.1674476087182574e+01
1.1674476087182565e+01
1.1674476087182562e+01
1.1674476087182537e+01
1.1674476087182523e+01
1.1674476087182509e+01
1.1674476087182503e+01
1.1674476087182507e+01
1.1674476087182505e+01
1.1674476087182502e+01
1.1674476087182507e+01
1.1674476087182491e+01
1.1674476087182502e+01
1.1674476087182516e+01
1.1674476087182516e+01
1.1674476087182491e+01
1.1674476087182498e+01
1.1674476087182494e+01
1.1674476087182494e+01
1.1674476087182487e+01
1.1674476087182475e+01
1.1674476087182468e+01
1.1674476087182450e+01
1.1674476087182452e+01
1.1674476087182461e+01
1.1674476087182459e+01
1.1674476087182459e+01
1.1674476087182466e+01
1.1674476087182462e+01
1.1674476087182454e+01
1.1674476087182422e+01
1.1674476087182400e+01
1.1674476087182409e+01
1.1674476087182388e+01
1.1674476087182384e+01
