0.0000000000000000e+00
-4.0000000002112087e-04
-8.0000000001558002e-04
-1.2001600640379319e-03
-1.6000000001408577e-03
-1.9999998721695537e-03
-2.4001598081218583e-03
-2.9600266767864061e-03
-4.2725990727084037e-03
-5.7344839964649334e-03
-7.2268953189618349e-03
-7.4453789966572696e-03
-7.4891080644622285e-03
-7.4978197864795952e-03
-7.4995638826552110e-03
-7.5013079818726999e-03
-7.5030520841321375e-03
-7.5022649300525096e-03
-7.5014777765933498e-03
-7.5022649290894614e-03
-7.5030520822053828e-03
-7.5023385555621500e-03
-7.5016250294283656e-03
-7.5023385538082249e-03
-7.5030520786961664e-03
-7.5023425993276894e-03
-7.5016331204626543e-03
-7.5023425975310181e-03
-7.5030520751024933e-03
-7.5023428198817410e-03
-7.5016335651636092e-03
-7.5023428180832508e-03
-7.5030520715051842e-03
-7.5023428303690222e-03
-7.5016335897358302e-03
-7.5023428285708746e-03
-7.5030520679089819e-03
-7.5023428303710874e-03
-7.5016335933352557e-03
-7.5023428285710993e-03
-7.5030520643101549e-03
-7.5023428303710874e-03
-7.5016335969344799e-03
-7.5023428285713976e-03
-7.5030520607113288e-03
-7.5023428303705383e-03
-7.5016336005328602e-03
-7.5023428285715173e-03
-7.5030520571131827e-03
-7.5023428303716564e-03
-7.5016336041316082e-03
-7.5023428285722242e-03
-7.5030520535154833e-03
-7.5023428303719122e-03
-7.5016336077307864e-03
-7.5023428285726440e-03
-7.5030520499171915e-03
-7.5023428303725081e-03
-7.5016336113304877e-03
-7.5023428285738184e-03
-7.5030520463195798e-03
-7.5023428303731257e-03
-7.5016336149298108e-03
-7.5023428285736138e-03
-7.5030520427211075e-03
-7.5023428303732983e-03
-7.5016336185281061e-03
-7.5023428285737517e-03
-7.5030520391221843e-03
-7.5023428303726616e-03
-7.5016336221269166e-03
-7.5023428285734828e-03
-7.5030520355225628e-03
-7.5023428303725341e-03
-7.5016336257256871e-03
-7.5023428285734281e-03
-7.5030520319241956e-03
-7.5023428303732098e-03
-7.5016336293241550e-03
-7.5023428285727100e-03
-7.5030520283237796e-03
-7.5023428303714595e-03
-7.5016336329218874e-03
-7.5023428285719779e-03
-7.5030520247254644e-03
-7.5023428303710067e-03
-7.5016336365198739e-03
-7.5023428285720282e-03
-7.5030520211268291e-03
-7.5023428303711897e-03
-7.5016336401190001e-03
-7.5023428285716526e-03
-7.5030520175278712e-03
-7.5023428303710137e-03
-7.5016336437173092e-03
-7.5023428285725243e-03
-7.5030520139301917e-03
-7.5023428303721386e-03
-7.5016336473168778e-03
-7.5023428285728843e-03
-7.5030520103317472e-03
-7.5023428303720432e-03
-7.5016336509156250e-03
-7.5023428285736432e-03
-7.5030520067342257e-03
-7.5023428303730676e-03
-7.5016336545149255e-03
-7.5023428285732417e-03
-7.5030520031347542e-03
-7.5023428303734527e-03
-7.5016336581141896e-03
-7.5023428285740587e-03
-7.5030519995363644e-03
-7.5023428303729600e-03
-7.5016336617130643e-03
-7.5023428285737508e-03
-7.5030519959373310e-03
-7.5023428303724786e-03
-7.5016336653118132e-03
-7.5023428285730179e-03
-7.5030519923371883e-03
-7.5023428303720233e-03
-7.5016336689105578e-03
-7.5023428285733891e-03
-7.5030519887382208e-03
-7.5023428303724257e-03
-7.5016336725099962e-03
-7.5023428285729797e-03
-7.5030519851394268e-03
-7.5023428303727701e-03
-7.5016336761086697e-03
-7.5023428285733683e-03
-7.5030519815414403e-03
-7.5023428303726183e-03
-7.5016336797073899e-03
-7.5023428285741116e-03
-7.5030519779429716e-03
-7.5023428303739878e-03
-7.5016336833077452e-03
-7.5023428285736962e-03
-7.5030519743433631e-03
-7.5023428303731508e-03
-7.5016336869053006e-03
-7.5023428285726761e-03
-7.5030519707425750e-03
-7.5023428303718515e-03
-7.5016336905044771e-03
-7.5023428285727663e-03
-7.5030519671431192e-03
-7.5023428303722869e-03
-7.5016336941042712e-03
-7.5023428285725243e-03
-7.5030519635442845e-03
-7.5023428303720536e-03
-7.5016336977038545e-03
-7.5023428285724524e-03
-7.5030519599446517e-03
-7.5023428303718385e-03
-7.5016337013019789e-03
-7.5023428285717472e-03
-7.5030519563443459e-03
