0.0000000000000000e+00
1.0000000000576372e-04
2.0000000000826177e-04
2.9999000101181930e-04
4.0000000008097507e-04
4.9999999815124048e-04
5.9998999722175460e-04
7.8000167026528447e-04
1.3360407193574134e-03
1.9672318873579044e-03
2.6134472708302589e-03
2.7226894973486045e-03
2.7445400569533242e-03
2.7489093328953249e-03
2.7497819190651579e-03
2.7506545044729330e-03
2.7515270891193509e-03
2.7511324628094417e-03
2.7507378363442131e-03
2.7511324628683095e-03
2.7515270892368173e-03
2.7511692754181296e-03
2.7508114614724333e-03
2.7511692755270438e-03
2.7515270894535207e-03
2.7511712972941513e-03
2.7508155050079341e-03
2.7511712974049550e-03
2.7515270896757622e-03
2.7511714075717187e-03
2.7508157253406176e-03
2.7511714076813992e-03
2.7515270898966619e-03
2.7511714128136619e-03
2.7508157356036949e-03
2.7511714129236603e-03
2.7515270901174332e-03
2.7511714128131545e-03
2.7508157353812422e-03
2.7511714129236217e-03
2.7515270903391217e-03
2.7511714128119489e-03
2.7508157351594786e-03
2.7511714129235115e-03
2.7515270905608901e-03
2.7511714128127382e-03
2.7508157349380963e-03
2.7511714129238828e-03
2.7515270907834495e-03
2.7511714128130161e-03
2.7508157347164910e-03
2.7511714129241117e-03
2.7515270910045140e-03
2.7511714128130769e-03
2.7508157344953870e-03
2.7511714129240623e-03
2.7515270912263899e-03
2.7511714128123674e-03
2.7508157342722222e-03
2.7511714129229686e-03
2.7515270914464304e-03
2.7511714128116115e-03
2.7508157340510606e-03
2.7511714129226268e-03
2.7515270916681910e-03
2.7511714128117507e-03
2.7508157338284119e-03
2.7511714129222365e-03
2.7515270918891553e-03
2.7511714128112914e-03
2.7508157336071613e-03
2.7511714129232652e-03
2.7515270921127733e-03
2.7511714128127191e-03
2.7508157333861658e-03
2.7511714129228111e-03
2.7515270923334613e-03
2.7511714128118396e-03
2.7508157331648641e-03
2.7511714129238897e-03
2.7515270925568738e-03
2.7511714128133904e-03
2.7508157329441583e-03
2.7511714129246374e-03
2.7515270927780228e-03
2.7511714128135955e-03
2.7508157327226683e-03
2.7511714129243386e-03
2.7515270930000817e-03
2.7511714128140652e-03
2.7508157325012994e-03
2.7511714129251903e-03
2.7515270932210768e-03
2.7511714128136385e-03
2.7508157322793476e-03
2.7511714129245446e-03
2.7515270934427077e-03
2.7511714128129160e-03
2.7508157320566876e-03
2.7511714129238056e-03
2.7515270936639188e-03
2.7511714128127650e-03
2.7508157318350832e-03
2.7511714129236061e-03
2.7515270938856169e-03
2.7511714128124766e-03
2.7508157316133773e-03
2.7511714129238351e-03
2.7515270941072313e-03
2.7511714128121518e-03
2.7508157313905720e-03
2.7511714129229044e-03
2.7515270943289250e-03
2.7511714128123557e-03
2.7508157311685855e-03
2.7511714129221008e-03
2.7515270945502181e-03
2.7511714128122052e-03
2.7508157309471108e-03
2.7511714129226758e-03
2.7515270947722440e-03
2.7511714128122715e-03
2.7508157307255948e-03
2.7511714129227647e-03
2.7515270949936355e-03
2.7511714128118821e-03
2.7508157305047849e-03
2.7511714129224789e-03
2.7515270952143188e-03
2.7511714128121726e-03
2.7508157302833284e-03
2.7511714129223757e-03
2.7515270954344634e-03
2.7511714128114761e-03
2.7508157300608045e-03
2.7511714129216961e-03
2.7515270956557816e-03
2.7511714128103147e-03
2.7508157298385093e-03
2.7511714129206943e-03
2.7515270958760390e-03
2.7511714128101699e-03
2.7508157296176616e-03
2.7511714129208149e-03
2.7515270960969175e-03
2.7511714128092340e-03
2.7508157293962146e-03
2.7511714129201713e-03
2.7515270963173193e-03
2.7511714128085358e-03
2.7508157291739159e-03
2.7511714129203804e-03
2.7515270965392741e-03
2.7511714128098073e-03
2.7508157289538792e-03
2.7511714129208205e-03
2.7515270967616847e-03
2.7511714128097067e-03
2.7508157287317288e-03
2.7511714129199610e-03
2.7515270969819786e-03
