0.0000000000000000e+00
1.0000000000497821e-04
2.0000000000899816e-04
2.9999000101259922e-04
4.0000000008217208e-04
4.9999999815235623e-04
5.9998999722321133e-04
7.8000167026637463e-04
1.3360407193587808e-03
1.9672318873595945e-03
2.6134472708314038e-03
2.7226894973502416e-03
2.7445400569546174e-03
2.7489093328963102e-03
2.7497819190663536e-03
2.7506545044744006e-03
2.7515270891214317e-03
2.7511324628106035e-03
2.7507378363444551e-03
2.7511324628697242e-03
2.7515270892396922e-03
2.7511692754200847e-03
2.7508114614722091e-03
2.7511692755271240e-03
2.7515270894547753e-03
2.7511712972946105e-03
2.7508155050071778e-03
2.7511712974050092e-03
2.7515270896764140e-03
2.7511714075716732e-03
2.7508157253398088e-03
2.7511714076817774e-03
2.7515270898970895e-03
2.7511714128132031e-03
2.7508157356023548e-03
2.7511714129235653e-03
2.7515270901172957e-03
2.7511714128115369e-03
2.7508157353795912e-03
2.7511714129227561e-03
2.7515270903396647e-03
2.7511714128121896e-03
2.7508157351584838e-03
2.7511714129235857e-03
2.7515270905611924e-03
2.7511714128122112e-03
2.7508157349366955e-03
2.7511714129229460e-03
2.7515270907822018e-03
2.7511714128121722e-03
2.7508157347156618e-03
2.7511714129225162e-03
2.7515270910029089e-03
2.7511714128117333e-03
2.7508157344942009e-03
2.7511714129227934e-03
2.7515270912241954e-03
2.7511714128105637e-03
2.7508157342705074e-03
2.7511714129207941e-03
2.7515270914442074e-03
2.7511714128091863e-03
2.7508157340480873e-03
2.7511714129201783e-03
2.7515270916653716e-03
2.7511714128094218e-03
2.7508157338261017e-03
2.7511714129197008e-03
2.7515270918871803e-03
2.7511714128092089e-03
2.7508157336045948e-03
2.7511714129203626e-03
2.7515270921102944e-03
2.7511714128107632e-03
2.7508157333843162e-03
2.7511714129218891e-03
2.7515270923318532e-03
2.7511714128109922e-03
2.7508157331629789e-03
2.7511714129218956e-03
2.7515270925545241e-03
2.7511714128115000e-03
2.7508157329416984e-03
2.7511714129221962e-03
2.7515270927762846e-03
2.7511714128121839e-03
2.7508157327207163e-03
2.7511714129225201e-03
2.7515270929986588e-03
2.7511714128118799e-03
2.7508157324977085e-03
2.7511714129221385e-03
2.7515270932193473e-03
2.7511714128114501e-03
2.7508157322765898e-03
2.7511714129219104e-03
2.7515270934402700e-03
2.7511714128104674e-03
2.7508157320546801e-03
2.7511714129213882e-03
2.7515270936619473e-03
2.7511714128111409e-03
2.7508157318332760e-03
2.7511714129225613e-03
2.7515270938849134e-03
2.7511714128117728e-03
2.7508157316114704e-03
2.7511714129224893e-03
2.7515270941058934e-03
2.7511714128108196e-03
2.7508157313898308e-03
2.7511714129214450e-03
2.7515270943272952e-03
2.7511714128108781e-03
2.7508157311678825e-03
2.7511714129209754e-03
2.7515270945477795e-03
2.7511714128108135e-03
2.7508157309465804e-03
2.7511714129215834e-03
2.7515270947697573e-03
2.7511714128110589e-03
2.7508157307255844e-03
2.7511714129223245e-03
2.7515270949916640e-03
2.7511714128107515e-03
2.7508157305040594e-03
2.7511714129224265e-03
2.7515270952140642e-03
2.7511714128117398e-03
2.7508157302824593e-03
2.7511714129213553e-03
2.7515270954347562e-03
2.7511714128105949e-03
2.7508157300597919e-03
2.7511714129215235e-03
2.7515270956563116e-03
2.7511714128098845e-03
2.7508157298377373e-03
2.7511714129215790e-03
2.7515270958777694e-03
2.7511714128104769e-03
2.7508157296172037e-03
2.7511714129210018e-03
2.7515270960982363e-03
2.7511714128098672e-03
2.7508157293957363e-03
2.7511714129199788e-03
2.7515270963195675e-03
2.7511714128094660e-03
2.7508157291728117e-03
2.7511714129199978e-03
2.7515270965407165e-03
2.7511714128097432e-03
2.7508157289521441e-03
2.7511714129205872e-03
2.7515270967622589e-03
2.7511714128096781e-03
2.7508157287311243e-03
2.7511714129199675e-03
2.7515270969827961e-03
