0.0000000000000000e+00
0.0000000000000000e+00
0.0000000000000000e+00
0.0000000000000000e+00
0.0000000000000000e+00
0.0000000000000000e+00
0.0000000000000000e+00
1.6001370626697218e-04
1.0723101031018221e-03
2.1344730703709239e-03
3.2268949373928076e-03
3.4453789936622348e-03
3.4890924429739440e-03
3.4978191589822697e-03
3.4995638579189596e-03
3.5009249306463650e-03
3.5022649261134721e-03
3.5022649261134721e-03
3.5022649261134721e-03
3.5022649261134721e-03
3.5023385513633684e-03
3.5023385513633684e-03
3.5023385513633684e-03
3.5023385513633684e-03
3.5023425951144467e-03
3.5023425951144467e-03
3.5023425951144467e-03
3.5023425951144467e-03
3.5023428156682459e-03
3.5023428156682459e-03
3.5023428156682459e-03
3.5023428156682459e-03
3.5023428261540474e-03
3.5023428261540474e-03
3.5023428261540474e-03
3.5023428261540474e-03
3.5023428261540474e-03
3.5023428261540474e-03
3.5023428261540474e-03
3.5023428261540474e-03
3.5023428261540474e-03
3.5023428261540474e-03
3.5023428261540474e-03
3.5023428261540474e-03
3.5023428261540474e-03
3.5023428261540474e-03
3.5023428261540474e-03
3.5023428261540474e-03
3.5023428261540474e-03
3.5023428261540474e-03
3.5023428261540474e-03
3.5023428261540474e-03
3.5023428261540474e-03
3.5023428261540474e-03
3.5023428261540474e-03
3.5023428261540474e-03
3.5023428261540474e-03
3.5023428261540474e-03
3.5023428261540474e-03
3.5023428261540474e-03
3.5023428261540474e-03
3.5023428261540474e-03
3.5023428261540474e-03
3.5023428261540474e-03
3.5023428261540474e-03
3.5023428261540474e-03
3.5023428261540474e-03
3.5023428261540474e-03
3.5023428261540474e-03
3.5023428261540474e-03
3.5023428261540474e-03
3.5023428261540474e-03
3.5023428261540474e-03
3.5023428261540474e-03
3.5023428261540474e-03
3.5023428261540474e-03
3.5023428261540474e-03
3.5023428261540474e-03
3.5023428261540474e-03
3.5023428261540474e-03
3.5023428261540474e-03
3.5023428261540474e-03
3.5023428261540474e-03
3.5023428261540474e-03
3.5023428261540474e-03
3.5023428261540474e-03
3.5023428261540474e-03
3.5023428261540474e-03
3.5023428261540474e-03
3.5023428261540474e-03
3.5023428261540474e-03
3.5023428261540474e-03
3.5023428261540474e-03
3.5023428261540474e-03
3.5023428261540474e-03
3.5023428261540474e-03
3.5023428261540474e-03
3.5023428261540474e-03
3.5023428261540474e-03
3.5023428261540474e-03
3.5023428261540474e-03
3.5023428261540474e-03
3.5023428261540474e-03
3.5023428261540474e-03
3.5023428261540474e-03
3.5023428261540474e-03
3.5023428261540474e-03
3.5023428261540474e-03
3.5023428261540474e-03
3.5023428261540474e-03
3.5023428261540474e-03
3.5023428261540474e-03
3.5023428261540474e-03
3.5023428261540474e-03
3.5023428261540474e-03
3.5023428261540474e-03
3.5023428261540474e-03
3.5023428261540474e-03
3.5023428261540474e-03
3.5023428261540474e-03
3.5023428261540474e-03
3.5023428261540474e-03
3.5023428261540474e-03
3.5023428261540474e-03
3.5023428261540474e-03
3.5023428261540474e-03
3.5023428261540474e-03
3.5023428261540474e-03
3.5023428261540474e-03
3.5023428261540474e-03
3.5023428261540474e-03
3.5023428261540474e-03
3.5023428261540474e-03
3.5023428261540474e-03
3.5023428261540474e-03
3.5023428261540474e-03
3.5023428261540474e-03
3.5023428261540474e-03
3.5023428261540474e-03
3.5023428261540474e-03
3.5023428261540474e-03
3.5023428261540474e-03
3.5023428261540474e-03
3.5023428261540474e-03
3.5023428261540474e-03
3.5023428261540474e-03
3.5023428261540474e-03
3.5023428261540474e-03
3.5023428261540474e-03
3.5023428261540474e-03
3.5023428261540474e-03
3.5023428261540474e-03
3.5023428261540474e-03
3.5023428261540474e-03
3.5023428261540474e-03
3.5023428261540474e-03
3.5023428261540474e-03
3.5023428261540474e-03
3.5023428261540474e-03
3.5023428261540474e-03
3.5023428261540474e-03
