0.0000000000000000e+00
5.0535810150800434e-11
7.9867001703737321e-10
-8.8026395317879636e-03
8.1494034044474758e-09
5.2992053962227998e-06
-8.7920462722918952e-03
-1.4828875904690677e-03
-3.2837128655211247e-02
-1.2987656802942327e-03
-5.1613349687356581e-05
-4.0567344007907224e-08
-1.7723032798653230e-03
-7.1010654005738250e-05
-2.8297257751841541e-06
1.6944636430533351e-02
3.4819234246197553e-02
-2.1681644559854032e-07
-3.4819722583017777e-02
-1.6411961708869820e-07
3.1579828699742768e-02
-2.3113445623553985e-07
-3.1580335793566360e-02
-1.3487892610351491e-07
3.1402096133024693e-02
-2.3178103087164434e-07
-3.1402604132120919e-02
-1.3321941722436736e-07
3.1392588923468065e-02
-2.3173439622132313e-07
-3.1393096818393973e-02
-1.3322260669920423e-07
3.1392324724758183e-02
-2.3194464890311849e-07
-3.1392833071296471e-02
-1.3342851919704977e-07
3.1392521796333735e-02
-2.3217352183932350e-07
-3.1393030624557658e-02
-1.3352004351811660e-07
3.1392719160888413e-02
-2.3230067672604670e-07
-3.1393228005166744e-02
-1.3352186873460684e-07
3.1392916530714673e-02
-2.3219114593104682e-07
-3.1393425284494916e-02
-1.3344377824030841e-07
3.1393114012349968e-02
-2.3211887512769041e-07
-3.1393622534915316e-02
-1.3340721390074048e-07
3.1393311236185786e-02
-2.3214268634865686e-07
-3.1393819870235810e-02
-1.3346692041444934e-07
3.1393508544383365e-02
-2.3233286922908911e-07
-3.1394017534283121e-02
-1.3372671278647216e-07
3.1393705611614385e-02
-2.3246248523992343e-07
-3.1394214864977767e-02
-1.3375788135247470e-07
3.1393902974184956e-02
-2.3242806453602901e-07
-3.1394412258425639e-02
-1.3379423767572098e-07
3.1394100283741108e-02
-2.3243960977893636e-07
-3.1394609617101138e-02
-1.3365557671699217e-07
3.1394297962576687e-02
-2.3219433746558309e-07
-3.1394806817104881e-02
-1.3365141339430233e-07
3.1394495172029788e-02
-2.3235341940290938e-07
-3.1395004150290985e-02
-1.3348882239526149e-07
3.1394692886141128e-02
-2.3208448585083511e-07
-3.1395201325375863e-02
-1.3336518381533034e-07
3.1394890116186784e-02
-2.3203173670698043e-07
-3.1395398621085015e-02
-1.3341582044124182e-07
3.1395087515516271e-02
-2.3202549882067261e-07
-3.1395596052963159e-02
-1.3334666580617818e-07
3.1395284733022548e-02
-2.3206584290672957e-07
-3.1395793382690503e-02
-1.3341868154912841e-07
3.1395482069832566e-02
-2.3222899312768657e-07
-3.1395990853931341e-02
-1.3352717110084037e-07
3.1395679376457972e-02
-2.3215132356929085e-07
-3.1396188192833248e-02
-1.3352528686383978e-07
3.1395876756667759e-02
-2.3225241010304385e-07
-3.1396385559907244e-02
-1.3349532061342871e-07
3.1396074114582090e-02
-2.3230481821845760e-07
-3.1396583065662273e-02
-1.3361682230139959e-07
3.1396271523567193e-02
-2.3221470054121169e-07
-3.1396780422273042e-02
-1.3368335120269159e-07
3.1396468817729950e-02
-2.3219471441687231e-07
-3.1396977731780649e-02
-1.3353490970861937e-07
3.1396666302989498e-02
-2.3217806387524321e-07
-3.1397175089527642e-02
-1.3358562361781617e-07
3.1396863586883719e-02
-2.3222926839190388e-07
-3.1397372358080822e-02
-1.3356043126895902e-07
3.1397060892915288e-02
-2.3213318389080561e-07
-3.1397569623760203e-02
-1.3360078017924623e-07
3.1397257997043036e-02
-2.3227052347891975e-07
-3.1397767125170860e-02
-1.3370988382510983e-07
3.1397455296094903e-02
-2.3253153611192192e-07
-3.1397964641797081e-02
-1.3383358496662016e-07
3.1397652516813951e-02
-2.3243971762458472e-07
-3.1398161783517071e-02
-1.3374260491971113e-07
3.1397849843591681e-02
-2.3249019263667840e-07
-3.1398359041978768e-02
-1.3383563355079090e-07
3.1398047112728054e-02
-2.3254431395221259e-07
-3.1398556515398961e-02
-1.3371092188538171e-07
3.1398244551163565e-02
-2.3231792990395331e-07
-3.1398753649420005e-02
-1.3364488972383322e-07
3.1398442031232252e-02
-2.3229241851973561e-07
-3.1398950995202971e-02
-1.3368724190548439e-07
3.1398639302201013e-02
