0.0000000000000000e+00
-4.4000000002315339e+01
-8.8000000001306120e+01
-1.3202200836391737e+02
-1.7600000001139034e+02
-2.1999998328901694e+02
-2.6402197491651168e+02
-3.0800216820090293e+02
-3.5204820522103944e+02
-3.9600185125316807e+02
-4.4000006777926751e+02
-4.4000000034973164e+02
-4.4000260451534962e+02
-4.4000010453003205e+02
-4.4000000413584024e+02
-4.4003366331666098e+02
-4.4006917776489888e+02
-4.4000000054169618e+02
-4.3993082341409354e+02
-4.4000000040940643e+02
-4.4006269847823125e+02
-4.4000000057740414e+02
-4.3993730275506152e+02
-4.4000000033637264e+02
-4.4006234214589301e+02
-4.4000000057933596e+02
-4.3993765909039018e+02
-4.4000000033243447e+02
-4.4006232224329710e+02
-4.4000000057936006e+02
-4.3993767899291970e+02
-4.4000000033224632e+02
-4.4006232082626110e+02
-4.4000000057962063e+02
-4.3993768041053977e+02
-4.4000000033256231e+02
-4.4006232033215332e+02
-4.4000000057999830e+02
-4.3993768090530261e+02
-4.4000000033268429e+02
-4.4006231983760557e+02
-4.4000000058004747e+02
-4.3993768139990937e+02
-4.4000000033269811e+02
-4.4006231934305606e+02
-4.4000000057994043e+02
-4.3993768189436810e+02
-4.4000000033268986e+02
-4.4006231884855072e+02
-4.4000000058004900e+02
-4.3993768238885451e+02
-4.4000000033276837e+02
-4.4006231835422346e+02
-4.4000000058010551e+02
-4.3993768288345973e+02
-4.4000000033286676e+02
-4.4006231785977337e+02
-4.4000000058028536e+02
-4.3993768337826657e+02
-4.4000000033313563e+02
-4.4006231736549842e+02
-4.4000000058044458e+02
-4.3993768387290766e+02
-4.4000000033314916e+02
-4.4006231687101916e+02
-4.4000000058046055e+02
-4.3993768436741078e+02
-4.4000000033320168e+02
-4.4006231637647602e+02
-4.4000000058039177e+02
-4.3993768486196620e+02
-4.4000000033312136e+02
-4.4006231588170141e+02
-4.4000000058027518e+02
-4.3993768535643568e+02
-4.4000000033310209e+02
-4.4006231538728684e+02
-4.4000000058043372e+02
-4.3993768585095995e+02
-4.4000000033297079e+02
-4.4006231489241952e+02
-4.4000000058013711e+02
-4.3993768634531847e+02
-4.4000000033285005e+02
-4.4006231439797421e+02
-4.4000000058005628e+02
-4.3993768683975202e+02
-4.4000000033288126e+02
-4.4006231390342731e+02
-4.4000000058010176e+02
-4.3993768733439788e+02
-4.4000000033283487e+02
-4.4006231340894885e+02
-4.4000000058010767e+02
-4.3993768782886036e+02
-4.4000000033295856e+02
-4.4006231291456447e+02
-4.4000000058033481e+02
-4.3993768832356920e+02
-4.4000000033307526e+02
-4.4006231242008710e+02
-4.4000000058028911e+02
-4.3993768881810269e+02
-4.4000000033314416e+02
-4.4006231192565804e+02
-4.4000000058043020e+02
-4.3993768931271643e+02
-4.4000000033308982e+02
-4.4006231143105452e+02
-4.4000000058052626e+02
-4.3993768980737258e+02
-4.4000000033324454e+02
-4.4006231093652423e+02
-4.4000000058041422e+02
-4.3993769030191532e+02
-4.4000000033323141e+02
-4.4006231044199751e+02
-4.4000000058034630e+02
-4.3993769079642624e+02
-4.4000000033307930e+02
-4.4006230994724410e+02
-4.4000000058029167e+02
-4.3993769129095784e+02
-4.4000000033312983e+02
-4.4006230945269641e+02
-4.4000000058035118e+02
-4.3993769178554777e+02
-4.4000000033305679e+02
-4.4006230895813309e+02
-4.4000000058032072e+02
-4.3993769228002191e+02
-4.4000000033312506e+02
-4.4006230846377935e+02
-4.4000000058037119e+02
-4.3993769277463457e+02
-4.4000000033322829e+02
-4.4006230796928378e+02
-4.4000000058062221e+02
-4.3993769326941913e+02
-4.4000000033322226e+02
-4.4006230747468112e+02
-4.4000000058046385e+02
-4.3993769376370437e+02
-4.4000000033306083e+02
-4.4006230697992345e+02
-4.4000000058033726e+02
-4.3993769425822393e+02
-4.4000000033311613e+02
-4.4006230648534131e+02
-4.4000000058040575e+02
-4.3993769475293089e+02
-4.4000000033303058e+02
-4.4006230599075337e+02
-4.4000000058026319e+02
-4.3993769524745528e+02
-4.4000000033297772e+02
-4.4006230549606340e+02
-4.4000000058022971e+02
-4.3993769574190674e+02
-4.4000000033291985e+02
-4.4006230500139611e+02
