0.0000000000000000e+00
-1.8587725300331075e-11
8.6574434861052237e-10
-8.8026394550750637e-03
8.2453956485920211e-09
5.2993090043763218e-06
-8.7920461549642007e-03
-1.4828875188204946e-03
-3.2837128581351696e-02
-1.2987656007013623e-03
-5.1613323821267383e-05
-4.0528668795976182e-08
-1.7723032706456058e-03
-7.1010662824432330e-05
-2.8297047161232860e-06
1.6944636503917410e-02
3.4819234375139993e-02
-2.1676999114900572e-07
-3.4819722603463207e-02
-1.6404529246178988e-07
3.1579828904525153e-02
-2.3099718575066016e-07
-3.1580335817483193e-02
-1.3486568778911939e-07
3.1402096257620665e-02
-2.3171772006125644e-07
-3.1402604163723674e-02
-1.3317536718240424e-07
3.1392589017175988e-02
-2.3169977806838566e-07
-3.1393096863013906e-02
-1.3316742244083251e-07
3.1392324792590652e-02
-2.3196240018680924e-07
-3.1392833154673158e-02
-1.3341350635189977e-07
3.1392521801143165e-02
-2.3226607756893764e-07
-3.1393030743819522e-02
-1.3356179100519993e-07
3.1392719230902873e-02
-2.3225992455467665e-07
-3.1393228082861692e-02
-1.3348991584491131e-07
3.1392916583487529e-02
-2.3218928232211766e-07
-3.1393425367960616e-02
-1.3349690221250215e-07
3.1393113935018147e-02
-2.3217907088962941e-07
-3.1393622593431217e-02
-1.3351421332455642e-07
3.1393311124624852e-02
-2.3219184908567013e-07
-3.1393819926146573e-02
-1.3354015192397960e-07
3.1393508393822406e-02
-2.3244718352291896e-07
-3.1394017609930089e-02
-1.3388010898572464e-07
3.1393705449020454e-02
-2.3267716610133058e-07
-3.1394215129975971e-02
-1.3396771150589682e-07
3.1393902734801471e-02
-2.3265330324951364e-07
-3.1394412511366390e-02
-1.3403981063567417e-07
3.1394100082266618e-02
-2.3264877560110319e-07
-3.1394609875630759e-02
-1.3393561109828701e-07
3.1394297717912578e-02
-2.3241521895225358e-07
-3.1394807035446226e-02
-1.3379670295951918e-07
3.1394494984161560e-02
-2.3250479692299518e-07
-3.1395004390135234e-02
-1.3373031823032383e-07
3.1394692590497313e-02
-2.3233764248290928e-07
-3.1395201580057451e-02
-1.3361995703806450e-07
3.1394889919796394e-02
-2.3220313531669526e-07
-3.1395398848659606e-02
-1.3363311065565879e-07
3.1395087355158294e-02
-2.3227456368273808e-07
-3.1395596366086014e-02
-1.3364499234357575e-07
3.1395284559828603e-02
-2.3230321405426479e-07
-3.1395793653621676e-02
-1.3370873944700031e-07
3.1395481794581230e-02
-2.3251328970777094e-07
-3.1395991122253109e-02
-1.3382568725002067e-07
3.1395679103198723e-02
-2.3243577841455684e-07
-3.1396188466873670e-02
-1.3374858455348700e-07
3.1395876541700327e-02
-2.3245328815964264e-07
-3.1396385874621367e-02
-1.3373638023974281e-07
3.1396073849146777e-02
-2.3255350264653405e-07
-3.1396583294102151e-02
-1.3391131341235611e-07
3.1396271212181449e-02
-2.3249865342172196e-07
-3.1396780631537301e-02
-1.3394472188262725e-07
3.1396468442910171e-02
-2.3247890749920046e-07
-3.1396977949762747e-02
-1.3383056112455577e-07
3.1396665900485614e-02
-2.3246415728603069e-07
-3.1397175273664382e-02
-1.3381713754190363e-07
3.1396863240057922e-02
-2.3251115300439330e-07
-3.1397372612240827e-02
-1.3375985583060094e-07
3.1397060689883571e-02
-2.3237981425312215e-07
-3.1397569883592782e-02
-1.3387653222452546e-07
3.1397257838379822e-02
-2.3252905620122485e-07
-3.1397767390457298e-02
-1.3388246940483261e-07
3.1397455182486191e-02
-2.3269795110018964e-07
-3.1397964858063530e-02
-1.3388039790261090e-07
3.1397652532468373e-02
-2.3255449707986770e-07
-3.1398161967602888e-02
-1.3385885509576095e-07
3.1397849840099440e-02
-2.3259583534690889e-07
-3.1398359264573253e-02
-1.3399583200040046e-07
3.1398047104659203e-02
-2.3267067578315885e-07
-3.1398556800189152e-02
-1.3393402447729110e-07
3.1398244469104386e-02
-2.3250855704592792e-07
-3.1398753968724942e-02
-1.3382975252832169e-07
3.1398441917953393e-02
-2.3246488075171606e-07
-3.1398951212745344e-02
-1.3386011768718003e-07
3.1398639188766467e-02
