0.0000000000000000e+00
4.4000000002331312e+01
8.8000000002138293e+01
1.3201320572442393e+02
1.7600000001958779e+02
2.1999998858827405e+02
2.6401318287029801e+02
3.0800068531334830e+02
3.5201536809242111e+02
3.9600055248752750e+02
4.4000001616593079e+02
4.4000000030918352e+02
4.4000083221207422e+02
4.4000003351937403e+02
4.4000000130612506e+02
4.4005060795312869e+02
4.4010399699920970e+02
4.4000000032490311e+02
4.3989600369150043e+02
4.4000000024532409e+02
4.4009427830703351e+02
4.4000000034633865e+02
4.3990572241925622e+02
4.4000000020150037e+02
4.4009374424208823e+02
4.4000000034758665e+02
4.3990625648624217e+02
4.4000000019923709e+02
4.4009371483226772e+02
4.4000000034764304e+02
4.3990628589607923e+02
4.4000000019905139e+02
4.4009371315101953e+02
4.4000000034766686e+02
4.3990628757742655e+02
4.4000000019914143e+02
4.4009371285395173e+02
4.4000000034777884e+02
4.3990628787461844e+02
4.4000000019914336e+02
4.4009371255680151e+02
4.4000000034776730e+02
4.3990628817186530e+02
4.4000000019919213e+02
4.4009371225961326e+02
4.4000000034775036e+02
4.3990628846904212e+02
4.4000000019921924e+02
4.4009371196252431e+02
4.4000000034789980e+02
4.3990628876629057e+02
4.4000000019930792e+02
4.4009371166540353e+02
4.4000000034793857e+02
4.3990628906356119e+02
4.4000000019936323e+02
4.4009371136824228e+02
4.4000000034789525e+02
4.3990628936069459e+02
4.4000000019933213e+02
4.4009371107102862e+02
4.4000000034787496e+02
4.3990628965791007e+02
4.4000000019928655e+02
4.4009371077387368e+02
4.4000000034791964e+02
4.3990628995502630e+02
4.4000000019928484e+02
4.4009371047665900e+02
4.4000000034784773e+02
4.3990629025221989e+02
4.4000000019932611e+02
4.4009371017954163e+02
4.4000000034797040e+02
4.3990629054950961e+02
4.4000000019937795e+02
4.4009370988236458e+02
4.4000000034800456e+02
4.3990629084668927e+02
4.4000000019936112e+02
4.4009370958515802e+02
4.4000000034792595e+02
4.3990629114386587e+02
4.4000000019935766e+02
4.4009370928799217e+02
4.4000000034793902e+02
4.3990629144101689e+02
4.4000000019935675e+02
4.4009370899086275e+02
4.4000000034795164e+02
4.3990629173818809e+02
4.4000000019933901e+02
4.4009370869359532e+02
4.4000000034792322e+02
4.3990629203534218e+02
4.4000000019939506e+02
4.4009370839649665e+02
4.4000000034796341e+02
4.3990629233258147e+02
4.4000000019939876e+02
4.4009370809932676e+02
4.4000000034799535e+02
4.3990629262977285e+02
4.4000000019950738e+02
4.4009370780230705e+02
4.4000000034807749e+02
4.3990629292699919e+02
4.4000000019947407e+02
4.4009370750503626e+02
4.4000000034809733e+02
4.3990629322419250e+02
4.4000000019948050e+02
4.4009370720789190e+02
4.4000000034805748e+02
4.3990629352138842e+02
4.4000000019941712e+02
4.4009370691062793e+02
4.4000000034800962e+02
4.3990629381858514e+02
4.4000000019939660e+02
4.4009370661334600e+02
4.4000000034797063e+02
4.3990629411577635e+02
4.4000000019942877e+02
4.4009370631610972e+02
4.4000000034798097e+02
4.3990629441306237e+02
4.4000000019939648e+02
4.4009370601892437e+02
4.4000000034806419e+02
4.3990629471026830e+02
4.4000000019938619e+02
4.4009370572169712e+02
4.4000000034797148e+02
4.3990629500737668e+02
4.4000000019943241e+02
4.4009370542452314e+02
4.4000000034800735e+02
4.3990629530466924e+02
4.4000000019936505e+02
4.4009370512720585e+02
4.4000000034796693e+02
4.3990629560182879e+02
4.4000000019926011e+02
4.4009370482976499e+02
4.4000000034779407e+02
4.3990629589907059e+02
4.4000000019920026e+02
4.4009370453245009e+02
4.4000000034779816e+02
4.3990629619627305e+02
4.4000000019920816e+02
4.4009370423526354e+02
4.4000000034785006e+02
4.3990629649364598e+02
4.4000000019924005e+02
4.4009370393803800e+02
4.4000000034785143e+02
4.3990629679080280e+02
4.4000000019914614e+02
4.4009370364064137e+02
