2.9999999999999983e+02
2.9999999999999983e+02
2.9999999999999983e+02
2.9999999999999983e+02
2.9999999999999983e+02
2.9999999999999983e+02
2.9999999999999983e+02
3.0640054825067881e+02
3.4129226706140287e+02
3.7465582178381851e+02
4.0773106679200293e+02
4.0554621037256095e+02
4.0510990778233514e+02
4.0502184192955110e+02
4.0500436272693560e+02
4.0504135864666489e+02
4.0508134773807484e+02
4.0506794778340395e+02
4.0506794778340395e+02
4.0506794778340395e+02
4.0507089279339971e+02
4.0507015654090083e+02
4.0507015654090083e+02
4.0507015654090083e+02
4.0507031829094399e+02
4.0507027785343320e+02
4.0507027785343320e+02
4.0507027785343320e+02
4.0507028667558507e+02
4.0507028447004723e+02
4.0507028447004723e+02
4.0507028447004723e+02
4.0507028488947924e+02
4.0507028478462115e+02
4.0507028478462115e+02
4.0507028478462115e+02
4.0507028478462115e+02
4.0507028478462115e+02
4.0507028478462115e+02
4.0507028478462115e+02
4.0507028478462115e+02
4.0507028478462115e+02
4.0507028478462115e+02
4.0507028478462115e+02
4.0507028478462115e+02
4.0507028478462115e+02
4.0507028478462115e+02
4.0507028478462115e+02
4.0507028478462115e+02
4.0507028478462115e+02
4.0507028478462115e+02
4.0507028478462115e+02
4.0507028478462115e+02
4.0507028478462115e+02
4.0507028478462115e+02
4.0507028478462115e+02
4.0507028478462115e+02
4.0507028478462115e+02
4.0507028478462115e+02
4.0507028478462115e+02
4.0507028478462115e+02
4.0507028478462115e+02
4.0507028478462115e+02
4.0507028478462115e+02
4.0507028478462115e+02
4.0507028478462115e+02
4.0507028478462115e+02
4.0507028478462115e+02
4.0507028478462115e+02
4.0507028478462115e+02
4.0507028478462115e+02
4.0507028478462115e+02
4.0507028478462115e+02
4.0507028478462115e+02
4.0507028478462115e+02
4.0507028478462115e+02
4.0507028478462115e+02
4.0507028478462115e+02
4.0507028478462115e+02
4.0507028478462115e+02
4.0507028478462115e+02
4.0507028478462115e+02
4.0507028478462115e+02
4.0507028478462115e+02
4.0507028478462115e+02
4.0507028478462115e+02
4.0507028478462115e+02
4.0507028478462115e+02
4.0507028478462115e+02
4.0507028478462115e+02
4.0507028478462115e+02
4.0507028478462115e+02
4.0507028478462115e+02
4.0507028478462115e+02
4.0507028478462115e+02
4.0507028478462115e+02
4.0507028478462115e+02
4.0507028478462115e+02
4.0507028478462115e+02
4.0507028478462115e+02
4.0507028478462115e+02
4.0507028478462115e+02
4.0507028478462115e+02
4.0507028478462115e+02
4.0507028478462115e+02
4.0507028478462115e+02
4.0507028478462115e+02
4.0507028478462115e+02
4.0507028478462115e+02
4.0507028478462115e+02
4.0507028478462115e+02
4.0507028478462115e+02
4.0507028478462115e+02
4.0507028478462115e+02
4.0507028478462115e+02
4.0507028478462115e+02
4.0507028478462115e+02
4.0507028478462115e+02
4.0507028478462115e+02
4.0507028478462115e+02
4.0507028478462115e+02
4.0507028478462115e+02
4.0507028478462115e+02
4.0507028478462115e+02
4.0507028478462115e+02
4.0507028478462115e+02
4.0507028478462115e+02
4.0507028478462115e+02
4.0507028478462115e+02
4.0507028478462115e+02
4.0507028478462115e+02
4.0507028478462115e+02
4.0507028478462115e+02
4.0507028478462115e+02
4.0507028478462115e+02
4.0507028478462115e+02
4.0507028478462115e+02
4.0507028478462115e+02
4.0507028478462115e+02
4.0507028478462115e+02
4.0507028478462115e+02
4.0507028478462115e+02
4.0507028478462115e+02
4.0507028478462115e+02
4.0507028478462115e+02
4.0507028478462115e+02
4.0507028478462115e+02
4.0507028478462115e+02
4.0507028478462115e+02
4.0507028478462115e+02
4.0507028478462115e+02
4.0507028478462115e+02
4.0507028478462115e+02
4.0507028478462115e+02
4.0507028478462115e+02
4.0507028478462115e+02
4.0507028478462115e+02
4.0507028478462115e+02
4.0507028478462115e+02
4.0507028478462115e+02
4.0507028478462115e+02
