0.0000000000000000e+00
0.0000000000000000e+00
0.0000000000000000e+00
0.0000000000000000e+00
0.0000000000000000e+00
0.0000000000000000e+00
0.0000000000000000e+00
-1.3009561326761747e+00
-8.4870151981020321e+00
-1.5816757072179602e+01
-2.3150002241665653e+01
-2.3150002241665653e+01
-2.3150002241665653e+01
-2.3150002241665653e+01
-2.3150002241665653e+01
-2.3150002241665653e+01
-2.3150002241665653e+01
-2.3150002241665653e+01
-2.3150002241665653e+01
-2.3150002241665653e+01
-2.3150002241665653e+01
-2.3150002241665653e+01
-2.3150002241665653e+01
-2.3150002241665653e+01
-2.3150002241665653e+01
-2.3150002241665653e+01
-2.3150002241665653e+01
-2.3150002241665653e+01
-2.3150002241665653e+01
-1.8834531344771168e+01
-1.1573966170100555e+01
-1.1573966170100555e+01
-1.1573966170100555e+01
-1.1573966170100555e+01
-1.1573966170100555e+01
-1.1573966170100555e+01
-1.1573966170100555e+01
-1.1573966170100549e+01
-1.1573966170100549e+01
-1.1573966170100549e+01
-1.1573966170100549e+01
-1.1573966170100553e+01
-1.1573966170100553e+01
-1.1573966170100547e+01
-1.1573966170100544e+01
-1.1573966170100547e+01
-1.1573966170100547e+01
-1.1573966170100547e+01
-1.1573966170100547e+01
-1.1573966170100547e+01
-1.1573966170100544e+01
-1.1573966170100544e+01
-1.1573966170100544e+01
-1.1573966170100544e+01
-1.1573966170100544e+01
-1.1573966170100544e+01
-1.1573966170100544e+01
-1.1573966170100544e+01
-1.1573966170100544e+01
-1.1573966170100544e+01
-1.1573966170100544e+01
-1.1573966170100544e+01
-1.1573966170100544e+01
-1.1573966170100544e+01
-1.1573966170100544e+01
-1.1573966170100544e+01
-1.1573966170100544e+01
-1.1573966170100544e+01
-1.1573966170100544e+01
-1.1573966170100544e+01
-1.1396119288431578e+01
-1.1396119288431578e+01
-1.1396119288431581e+01
-1.1396119288431581e+01
-1.1396119288431581e+01
-1.1396119288431578e+01
-1.1396119288431578e+01
-1.1396119288431578e+01
-1.1396119288431574e+01
-1.1396119288431571e+01
-1.1396119288431567e+01
-1.1396119288431565e+01
-1.1396119288431565e+01
-1.1396119288431562e+01
-1.1396119288431564e+01
-1.1396119288431565e+01
-1.1396119288431565e+01
-1.1396119288431565e+01
-1.1396119288431565e+01
-1.1396119288431565e+01
-1.1396119288431562e+01
-1.1396119288431562e+01
-1.1396119288431562e+01
-1.1396119288431562e+01
-1.1396119288431562e+01
-1.1396119288431562e+01
-1.1396119288431562e+01
-1.1396119288431562e+01
-1.1396119288431562e+01
-1.1396119288431562e+01
-1.1396119288431562e+01
-1.1396119288431562e+01
-1.1396119288431562e+01
-1.1396119288431562e+01
-1.1396119288431562e+01
-1.1396119288431562e+01
-1.1396119288431562e+01
-1.1396119288431562e+01
-1.1396119288431562e+01
-1.1396119288431562e+01
-1.1396119288431562e+01
-1.1396119288431558e+01
-1.1396119288431558e+01
-1.1396119288431558e+01
-1.1396119288431558e+01
-1.1396119288431564e+01
-1.1396119288431564e+01
-1.1396119288431564e+01
-1.1396119288431564e+01
-1.1396119288431557e+01
-1.1396119288431555e+01
-1.1396119288431553e+01
-1.1396119288431546e+01
-1.1396119288431551e+01
-1.1396119288431551e+01
-1.1396119288431546e+01
-1.1396119288431546e+01
-1.1396119288431546e+01
-1.1396119288431546e+01
-1.1396119288431546e+01
-1.1396119288431546e+01
-1.1396119288431546e+01
-1.1396119288431546e+01
-1.1396119288431546e+01
-1.1396119288431546e+01
-1.1396119288431546e+01
-1.1396119288431546e+01
-1.1396119288431546e+01
-1.1396119288431546e+01
-1.1396119288431546e+01
-1.1396119288431546e+01
-1.1396119288431546e+01
-1.1396119288431546e+01
-1.1396119288431546e+01
-1.1396119288431546e+01
-1.1396119288431546e+01
-1.1396119288431546e+01
-1.1396119288431546e+01
-1.1396119288431546e+01
-1.1396119288431546e+01
-1.1396119288431546e+01
-1.1396119288431546e+01
-1.1396119288431546e+01
-1.1396119288431546e+01
-1.1396119288431548e+01
-1.1396119288431541e+01
-1.1396119288431535e+01
-1.1396119288431539e+01
-1.1396119288431539e+01
-1.1396119288431535e+01
-1.1396119288431535e+01
