0.0000000000000000e+00
0.0000000000000000e+00
0.0000000000000000e+00
0.0000000000000000e+00
0.0000000000000000e+00
0.0000000000000000e+00
0.0000000000000000e+00
6.5047806633796634e-01
4.2435075990497442e+00
7.9083785360884580e+00
1.1575001120830628e+01
1.1575001120830635e+01
1.1575001120830628e+01
1.1575001120830624e+01
1.1575001120830638e+01
1.1575001120830656e+01
1.1575001120830670e+01
1.1575001120830667e+01
1.1575001120830677e+01
1.1575001120830670e+01
1.1575001120830674e+01
1.1575001120830681e+01
1.1575001120830688e+01
1.1575001120830667e+01
1.1575001120830686e+01
1.1575001120830674e+01
1.1575001120830676e+01
1.1575001120830702e+01
1.1575001120830709e+01
9.4172656723828414e+00
5.7869830850464590e+00
5.7869830850464510e+00
5.7869830850464625e+00
5.7869830850464590e+00
5.7869830850464581e+00
5.7869830850464528e+00
5.7869830850464581e+00
5.7869830850464652e+00
5.7869830850464705e+00
5.7869830850464714e+00
5.7869830850464776e+00
5.7869830850464874e+00
5.7869830850464865e+00
5.7869830850464847e+00
5.7869830850464892e+00
5.7869830850464830e+00
5.7869830850464794e+00
5.7869830850464838e+00
5.7869830850464767e+00
5.7869830850464696e+00
5.7869830850464652e+00
5.7869830850464705e+00
5.7869830850464634e+00
5.7869830850464652e+00
5.7869830850464545e+00
5.7869830850464519e+00
5.7869830850464501e+00
5.7869830850464545e+00
5.7869830850464616e+00
5.7869830850464590e+00
5.7869830850464457e+00
5.7869830850464581e+00
5.7869830850464581e+00
5.7869830850464519e+00
5.7869830850464492e+00
5.7869830850464510e+00
5.7869830850464554e+00
5.7869830850464519e+00
5.7869830850464528e+00
5.7869830850464572e+00
5.6980596442120017e+00
5.6980596442120044e+00
5.6980596442120062e+00
5.6980596442120115e+00
5.6980596442120053e+00
5.6980596442120071e+00
5.6980596442120000e+00
5.6980596442120035e+00
5.6980596442120035e+00
5.6980596442119928e+00
5.6980596442119857e+00
5.6980596442119911e+00
5.6980596442120035e+00
5.6980596442120115e+00
5.6980596442120151e+00
5.6980596442120204e+00
5.6980596442120115e+00
5.6980596442120008e+00
5.6980596442120124e+00
5.6980596442120088e+00
5.6980596442120133e+00
5.6980596442120186e+00
5.6980596442120151e+00
5.6980596442120088e+00
5.6980596442120142e+00
5.6980596442120115e+00
5.6980596442120186e+00
5.6980596442120319e+00
5.6980596442120284e+00
5.6980596442120230e+00
5.6980596442120275e+00
5.6980596442120222e+00
5.6980596442120106e+00
5.6980596442120088e+00
5.6980596442120088e+00
5.6980596442120053e+00
5.6980596442120159e+00
5.6980596442120044e+00
5.6980596442120133e+00
5.6980596442120106e+00
5.6980596442120053e+00
5.6980596442120000e+00
5.6980596442120044e+00
5.6980596442120044e+00
5.6980596442119982e+00
5.6980596442119964e+00
5.6980596442119928e+00
5.6980596442120035e+00
5.6980596442120017e+00
5.6980596442120062e+00
5.6980596442120035e+00
5.6980596442120026e+00
5.6980596442120071e+00
5.6980596442119928e+00
5.6980596442120053e+00
5.6980596442120035e+00
5.6980596442120035e+00
5.6980596442120106e+00
5.6980596442120186e+00
5.6980596442120186e+00
5.6980596442120213e+00
5.6980596442120204e+00
5.6980596442120222e+00
5.6980596442120222e+00
5.6980596442120159e+00
5.6980596442120106e+00
5.6980596442120115e+00
5.6980596442120115e+00
5.6980596442120017e+00
5.6980596442119964e+00
5.6980596442119875e+00
5.6980596442119804e+00
5.6980596442119760e+00
5.6980596442119724e+00
5.6980596442119706e+00
5.6980596442119653e+00
5.6980596442119653e+00
5.6980596442119529e+00
5.6980596442119555e+00
5.6980596442119378e+00
5.6980596442119413e+00
5.6980596442119342e+00
5.6980596442119396e+00
5.6980596442119404e+00
5.6980596442119325e+00
5.6980596442119369e+00
5.6980596442119413e+00
5.6980596442119431e+00
5.6980596442119396e+00
5.6980596442119493e+00
5.6980596442119538e+00
