0.0000000000000000e+00
0.0000000000000000e+00
0.0000000000000000e+00
0.0000000000000000e+00
0.0000000000000000e+00
0.0000000000000000e+00
0.0000000000000000e+00
6.5047806633820737e-01
4.2435075990522675e+00
7.9083785360911278e+00
1.1575001120835019e+01
1.1575001120835017e+01
1.1575001120835015e+01
1.1575001120835012e+01
1.1575001120835024e+01
1.1575001120835038e+01
1.1575001120835060e+01
1.1575001120835056e+01
1.1575001120835060e+01
1.1575001120835053e+01
1.1575001120835051e+01
1.1575001120835058e+01
1.1575001120835065e+01
1.1575001120835056e+01
1.1575001120835061e+01
1.1575001120835053e+01
1.1575001120835058e+01
1.1575001120835076e+01
1.1575001120835079e+01
9.4172656723884280e+00
5.7869830850542039e+00
5.7869830850541959e+00
5.7869830850542083e+00
5.7869830850542048e+00
5.7869830850542021e+00
5.7869830850541977e+00
5.7869830850542030e+00
5.7869830850542083e+00
5.7869830850542101e+00
5.7869830850542145e+00
5.7869830850542208e+00
5.7869830850542270e+00
5.7869830850542234e+00
5.7869830850542279e+00
5.7869830850542279e+00
5.7869830850542234e+00
5.7869830850542217e+00
5.7869830850542208e+00
5.7869830850542190e+00
5.7869830850542119e+00
5.7869830850542066e+00
5.7869830850542137e+00
5.7869830850542128e+00
5.7869830850542119e+00
5.7869830850542048e+00
5.7869830850542101e+00
5.7869830850542083e+00
5.7869830850542057e+00
5.7869830850542092e+00
5.7869830850542092e+00
5.7869830850541941e+00
5.7869830850542039e+00
5.7869830850542030e+00
5.7869830850541986e+00
5.7869830850541950e+00
5.7869830850541986e+00
5.7869830850542003e+00
5.7869830850541915e+00
5.7869830850541923e+00
5.7869830850541986e+00
5.6980596442197156e+00
5.6980596442197200e+00
5.6980596442197191e+00
5.6980596442197244e+00
5.6980596442197182e+00
5.6980596442197147e+00
5.6980596442197076e+00
5.6980596442197129e+00
5.6980596442197093e+00
5.6980596442196996e+00
5.6980596442196916e+00
5.6980596442196925e+00
5.6980596442197022e+00
5.6980596442197111e+00
5.6980596442197218e+00
5.6980596442197271e+00
5.6980596442197227e+00
5.6980596442197111e+00
5.6980596442197191e+00
5.6980596442197164e+00
5.6980596442197218e+00
5.6980596442197227e+00
5.6980596442197280e+00
5.6980596442197191e+00
5.6980596442197244e+00
5.6980596442197164e+00
5.6980596442197182e+00
5.6980596442197200e+00
5.6980596442197200e+00
5.6980596442197147e+00
5.6980596442197209e+00
5.6980596442197173e+00
5.6980596442197067e+00
5.6980596442197067e+00
5.6980596442197067e+00
5.6980596442197049e+00
5.6980596442197173e+00
5.6980596442197031e+00
5.6980596442197138e+00
5.6980596442197156e+00
5.6980596442197085e+00
5.6980596442197049e+00
5.6980596442197085e+00
5.6980596442197085e+00
5.6980596442197058e+00
5.6980596442197040e+00
5.6980596442197013e+00
5.6980596442197093e+00
5.6980596442197076e+00
5.6980596442197129e+00
5.6980596442197147e+00
5.6980596442197129e+00
5.6980596442197093e+00
5.6980596442197031e+00
5.6980596442197138e+00
5.6980596442197067e+00
5.6980596442197102e+00
5.6980596442197058e+00
5.6980596442197182e+00
5.6980596442197138e+00
5.6980596442197147e+00
5.6980596442197164e+00
5.6980596442197244e+00
5.6980596442197280e+00
5.6980596442197236e+00
5.6980596442197200e+00
5.6980596442197164e+00
5.6980596442197156e+00
5.6980596442197076e+00
5.6980596442197013e+00
5.6980596442196969e+00
5.6980596442196898e+00
5.6980596442196862e+00
5.6980596442196880e+00
5.6980596442196862e+00
5.6980596442196862e+00
5.6980596442196827e+00
5.6980596442196729e+00
5.6980596442196729e+00
5.6980596442196578e+00
5.6980596442196516e+00
5.6980596442196472e+00
5.6980596442196525e+00
5.6980596442196507e+00
5.6980596442196436e+00
5.6980596442196454e+00
5.6980596442196525e+00
5.6980596442196516e+00
5.6980596442196481e+00
5.6980596442196578e+00
5.6980596442196703e+00
