0.0000000000000000e+00
-4.0000000002112087e-04
-8.0000000001558002e-04
-1.2001600640379319e-03
-1.6000000001408577e-03
-1.9999998721695537e-03
-2.4001598081218583e-03
-2.9951613787157568e-03
-4.4730522801034144e-03
-5.9725137109313837e-03
-7.4725003365033607e-03
-7.0725003372558116e-03
-6.6726602740355533e-03
-6.2725003363897532e-03
-5.8725004626718385e-03
-5.4726605248797697e-03
-5.0725003363910259e-03
-4.6725002120301014e-03
-4.2725003362666589e-03
-3.8725003362658885e-03
-3.4725003362663927e-03
-3.0725003362663079e-03
-2.6725003362664942e-03
-2.2726602722940772e-03
-1.8725003363912443e-03
-1.4725004644135275e-03
-1.0726605283602731e-03
-6.7250033639138212e-04
-2.7250020855243455e-04
7.7462104671483672e-04
2.2638112920349163e-03
1.8639050733849417e-03
1.4638388657672431e-03
1.0636125411204339e-03
6.6390507410406827e-04
2.6403777714191046e-04
-1.3598947763947871e-04
-5.3609492546220414e-04
-9.3609492560028484e-04
-1.3360949255337817e-03
-1.7360949255336823e-03
-2.1360949255340403e-03
-2.5360949255339303e-03
-2.9362549895617981e-03
-3.3360949256589049e-03
-3.7360947976818777e-03
-4.1362547336305918e-03
-4.5360949256600955e-03
-4.9360950538184381e-03
-5.3362552461074927e-03
-5.7365756306815476e-03
-5.3360949365858093e-03
-4.9357745630732855e-03
-4.5360949256603739e-03
-4.1360949256600207e-03
-3.7362548616868083e-03
-3.3360949256595260e-03
-2.9360950535575053e-03
-2.5360949255351065e-03
-2.1360949255350733e-03
-1.7360949255347488e-03
-1.3360949255347755e-03
-9.3609492553492480e-04
-5.3625486156296020e-04
-1.3609492566006386e-04
2.6390494631759376e-04
6.6374488237094581e-04
1.0639050743397262e-03
1.4639052021782435e-03
1.8637453938874018e-03
2.2905817500275668e-03
1.8905821055502105e-03
1.4904223973290249e-03
1.0905821065923945e-03
6.9058187964662302e-04
2.9042158849155607e-04
-1.0941789340855907e-04
-5.0941731087006327e-04
-9.0941789328418125e-04
-1.3094178932837985e-03
-1.7094178932839090e-03
-2.1094178932838550e-03
-2.5094178932837056e-03
-2.9095779573113240e-03
-3.3094178934073753e-03
-3.7094177654300197e-03
-4.1095777013779346e-03
-4.5094178934067218e-03
-4.9094180215665719e-03
-5.3095782138560393e-03
-5.7098985984304325e-03
-5.3094179046404713e-03
-4.9090975314324825e-03
-4.5094178934077071e-03
-4.1094178934071111e-03
-3.7095778294344885e-03
-3.3094178934064012e-03
-2.9094180213041021e-03
-2.5094178932824835e-03
-2.1094178932825995e-03
-1.7094178932828643e-03
-1.3094178932829515e-03
-9.0941789328303037e-04
-5.0957782931049722e-04
-1.0941789340691225e-04
2.9058197857167567e-04
6.9042191462435594e-04
1.0905821065937565e-03
1.4905822344329597e-03
1.8904224261420742e-03
2.2901028095680294e-03
1.8905821055503914e-03
1.4909017209410280e-03
1.0905821065931105e-03
6.9058210659274496e-04
2.9042204256496038e-04
-1.0941789340669960e-04
-5.0941776530461901e-04
-9.0941789328194281e-04
-1.3094178932816251e-03
-1.7094178932812009e-03
-2.1094178932814130e-03
-2.5094178932814288e-03
-2.9095779573094869e-03
-3.3094178934061679e-03
-3.7094177654281276e-03
-4.1095777013749448e-03
-4.5094178934052698e-03
-4.9094180215670073e-03
-5.3095782138583274e-03
-5.7098985984340572e-03
-5.3094179046402901e-03
-4.9090975314289567e-03
-4.5094178934079977e-03
-4.1094178934071596e-03
-3.7095778294346992e-03
-3.3094178934074772e-03
-2.9094180213066227e-03
-2.5094178932829310e-03
-2.1094178932837128e-03
-1.7094178932831649e-03
-1.3094178932828873e-03
-9.0941789328390869e-04
-5.0957782931167770e-04
-1.0941789340805137e-04
2.9058197857053346e-04
6.9042191462232740e-04
1.0905821065917266e-03
1.4905822344318887e-03
1.8904224261407608e-03
2.2901028095678655e-03
1.8905821055505828e-03
1.4909017209417412e-03
1.0905821065933722e-03
6.9058210659274518e-04
2.9042204256455727e-04
-1.0941789340721961e-04
-5.0941776530429527e-04
-9.0941789328189142e-04
-1.3094178932823522e-03
-1.7094178932825876e-03
