0.0000000000000000e+00
1.0000000000576372e-04
2.0000000000826177e-04
2.9999000101181930e-04
4.0000000008097507e-04
4.9999999815124048e-04
5.9998999722175460e-04
7.9756375359027768e-04
1.4365261400193330e-03
2.0862566725154165e-03
2.7362501704322442e-03
2.6362501687193008e-03
2.5362401660050612e-03
2.4362501682055875e-03
2.3362501714059691e-03
2.2362401736076157e-03
2.1362501682057663e-03
2.0362501638024923e-03
1.9362501681317416e-03
1.8362501681316898e-03
1.7362501681310112e-03
1.6362501681313857e-03
1.5362501681315092e-03
1.4362401671319616e-03
1.3362501682044363e-03
1.2362501702772623e-03
1.1362401713511036e-03
1.0362501682049390e-03
9.3625016605850767e-04
5.1250249995827071e-04
-1.3199300072391071e-04
-3.1952536605192011e-05
6.8077920420451599e-05
1.6809837235445000e-04
2.6804746285759995e-04
3.6798656453897606e-04
4.6791567939402087e-04
5.6804746278702541e-04
6.6804746275212271e-04
7.6804746276434637e-04
8.6804746276400500e-04
9.6804746276384426e-04
1.0680474627638849e-03
1.1680374637633374e-03
1.2680474628373030e-03
1.3680474609111531e-03
1.4680374599856248e-03
1.5680474628370644e-03
1.6680474646883024e-03
1.7680374675387535e-03
1.8680174733881603e-03
1.7680474692735432e-03
1.6680674701581670e-03
1.5680474628373077e-03
1.4680474628371780e-03
1.3680374618372276e-03
1.2680474628370447e-03
1.1680474648380179e-03
1.0680474627647633e-03
9.6804746276487144e-04
8.6804746276540753e-04
7.6804746276532248e-04
6.6804746276617050e-04
5.6803746176632881e-04
4.6804746283984330e-04
3.6804746491214023e-04
2.6803746598605979e-04
1.6804746284063837e-04
6.8047460693631146e-05
-3.1962542453345822e-05
-1.4529119958272226e-04
-4.5291052675557293e-05
5.4699095201195450e-05
1.5470894671472521e-04
2.5470879725817417e-04
3.5469864883110915e-04
4.5470894671630828e-04
5.5470924354282818e-04
6.5470894664110670e-04
7.5470894664193095e-04
8.5470894664138695e-04
9.5470894664261637e-04
1.0547089466424503e-03
1.1546989476417825e-03
1.2547089467162306e-03
1.3547089447903974e-03
1.4546989438640767e-03
1.5547089467153137e-03
1.6547089485665530e-03
1.7546989514177101e-03
1.8546789572664764e-03
1.7547089533346428e-03
1.6547289544025354e-03
1.5547089467179214e-03
1.4547089467175514e-03
1.3546989457169601e-03
1.2547089467173484e-03
1.1547089487179596e-03
1.0547089466445135e-03
9.5470894664450678e-04
8.5470894664446033e-04
7.5470894664476083e-04
6.5470894664527231e-04
5.5469894564474063e-04
4.5470894671803731e-04
3.5470894879186617e-04
2.5469894986589203e-04
1.5470894671864354e-04
5.4708944570963186e-05
-4.5301058577700245e-05
-1.4532106472708197e-04
-4.5291052673656036e-05
5.4728954377556159e-05
1.5470894671775230e-04
2.5470894671796225e-04
3.5469894771827172e-04
4.5470894671864311e-04
5.5470894471882964e-04
6.5470894664494347e-04
7.5470894664471041e-04
8.5470894664582805e-04
9.5470894664515275e-04
1.0547089466456392e-03
1.1546989476455827e-03
1.2547089467187596e-03
1.3547089447931784e-03
1.4546989438671127e-03
1.5547089467185860e-03
1.6547089485694901e-03
1.7546989514197371e-03
1.8546789572696949e-03
1.7547089533364655e-03
1.6547289544025878e-03
1.5547089467183477e-03
1.4547089467180881e-03
1.3546989457183748e-03
1.2547089467186557e-03
1.1547089487189120e-03
1.0547089466454494e-03
9.5470894664498990e-04
8.5470894664470092e-04
7.5470894664539281e-04
6.5470894664446317e-04
5.5469894564492040e-04
4.5470894671799188e-04
3.5470894879158525e-04
2.5469894986545694e-04
1.5470894671855038e-04
5.4708944570680602e-05
-4.5301058577662244e-05
-1.4532106472671752e-04
-4.5291052672094866e-05
5.4728954379220606e-05
1.5470894671832134e-04
2.5470894671928795e-04
3.5469894771881458e-04
4.5470894671987384e-04
5.5470894472063733e-04
6.5470894664581268e-04
7.5470894664601417e-04
8.5470894664573535e-04
