0.0000000000000000e+00
1.0000000000497821e-04
2.0000000000899816e-04
2.9999000101259922e-04
4.0000000008217208e-04
4.9999999815235623e-04
5.9998999722321133e-04
7.9756375359075235e-04
1.4365261400204352e-03
2.0862566725159976e-03
2.7362501704336919e-03
2.6362501687201083e-03
2.5362401660067469e-03
2.4362501682073465e-03
2.3362501714093019e-03
2.2362401736114143e-03
2.1362501682076346e-03
2.0362501638023739e-03
1.9362501681337596e-03
1.8362501681338035e-03
1.7362501681340214e-03
1.6362501681336655e-03
1.5362501681340868e-03
1.4362401671345188e-03
1.3362501682070850e-03
1.2362501702793186e-03
1.1362401713532384e-03
1.0362501682073303e-03
9.3625016606122588e-04
5.1250249996022629e-04
-1.3199300072141466e-04
-3.1952536602324080e-05
6.8077920422346446e-05
1.6809837235637543e-04
2.6804746285933641e-04
3.6798656454105892e-04
4.6791567939685470e-04
5.6804746278921289e-04
6.6804746275405530e-04
7.6804746276655977e-04
8.6804746276649130e-04
9.6804746276697219e-04
1.0680474627671214e-03
1.1680374637663042e-03
1.2680474628397722e-03
1.3680474609135344e-03
1.4680374599881630e-03
1.5680474628397270e-03
1.6680474646913216e-03
1.7680374675413371e-03
1.8680174733905859e-03
1.7680474692766861e-03
1.6680674701617768e-03
1.5680474628406444e-03
1.4680474628403488e-03
1.3680374618400251e-03
1.2680474628405938e-03
1.1680474648408576e-03
1.0680474627675215e-03
9.6804746276768668e-04
8.6804746276783853e-04
7.6804746276756797e-04
6.6804746276795867e-04
5.6803746176737257e-04
4.6804746284055264e-04
3.6804746491372794e-04
2.6803746598725415e-04
1.6804746284100879e-04
6.8047460694458257e-05
-3.1962542452726526e-05
-1.4529119958276991e-04
-4.5291052676512224e-05
5.4699095201147237e-05
1.5470894671336646e-04
2.5470879725645625e-04
3.5469864882933544e-04
4.5470894671466495e-04
5.5470924353984825e-04
6.5470894664025907e-04
7.5470894664068585e-04
8.5470894664022045e-04
9.5470894664038031e-04
1.0547089466403058e-03
1.1546989476402631e-03
1.2547089467135188e-03
1.3547089447871253e-03
1.4546989438612311e-03
1.5547089467137594e-03
1.6547089485657450e-03
1.7546989514168729e-03
1.8546789572673563e-03
1.7547089533319026e-03
1.6547289543961156e-03
1.5547089467143908e-03
1.4547089467136665e-03
1.3546989457135171e-03
1.2547089467142198e-03
1.1547089487156412e-03
1.0547089466410380e-03
9.5470894664145399e-04
8.5470894664134260e-04
7.5470894664145781e-04
6.5470894664161302e-04
5.5469894564129688e-04
4.5470894671425122e-04
3.5470894878833253e-04
2.5469894986144409e-04
1.5470894671432671e-04
5.4708944567148651e-05
-4.5301058581081228e-05
-1.4532106473043370e-04
-4.5291052678206372e-05
5.4728954372096517e-05
1.5470894671305778e-04
2.5470894671305791e-04
3.5469894771298711e-04
4.5470894671296899e-04
5.5470894471406555e-04
6.5470894663973420e-04
7.5470894663972742e-04
8.5470894663970329e-04
9.5470894663956998e-04
1.0547089466395293e-03
1.1546989476394123e-03
1.2547089467120191e-03
1.3547089447851531e-03
1.4546989438586173e-03
1.5547089467124447e-03
1.6547089485658621e-03
1.7546989514179176e-03
1.8546789572694187e-03
1.7547089533296561e-03
1.6547289543897765e-03
1.5547089467120570e-03
1.4547089467120162e-03
1.3546989457121380e-03
1.2547089467121037e-03
1.1547089487123372e-03
1.0547089466390516e-03
9.5470894663819174e-04
8.5470894663862342e-04
7.5470894663858001e-04
6.5470894663847523e-04
5.5469894563889635e-04
4.5470894671219427e-04
3.5470894878609599e-04
2.5469894986042272e-04
1.5470894671237859e-04
5.4708944564227871e-05
-4.5301058584301532e-05
-1.4532106473381817e-04
-4.5291052678180330e-05
5.4728954374220211e-05
1.5470894671169009e-04
2.5470894671247629e-04
3.5469894771311819e-04
4.5470894671263289e-04
5.5470894471290079e-04
6.5470894663923688e-04
7.5470894663881463e-04
8.5470894663917983e-04
