0.0000000000000000e+00
0.0000000000000000e+00
0.0000000000000000e+00
0.0000000000000000e+00
0.0000000000000000e+00
0.0000000000000000e+00
0.0000000000000000e+00
1.9514341990142626e-04
1.2730522797153036e-03
2.3725135608269406e-03
3.4725003362498456e-03
3.4725003362498456e-03
3.4725003362498456e-03
3.4725003362498456e-03
3.4725003362498456e-03
3.4725003362498456e-03
3.4725003362498456e-03
3.4725003362498456e-03
3.4725003362498456e-03
3.4725003362498456e-03
3.4725003362498456e-03
3.4725003362498456e-03
3.4725003362498456e-03
3.4725003362498456e-03
3.4725003362498456e-03
3.4725003362498456e-03
3.4725003362498456e-03
3.4725003362498456e-03
3.4725003362498456e-03
4.1198209707840206e-03
5.2089057469846128e-03
5.2089057469846128e-03
5.2089057469846128e-03
5.2089057469846128e-03
5.2089057469846128e-03
5.2089057469846128e-03
5.2089057469846128e-03
5.2089057469846128e-03
5.2089057469846128e-03
5.2089057469846128e-03
5.2089057469846128e-03
5.2089057469846128e-03
5.2089057469846128e-03
5.2089057469846128e-03
5.2089057469846128e-03
5.2089057469846128e-03
5.2089057469846128e-03
5.2089057469846128e-03
5.2089057469846128e-03
5.2089057469846128e-03
5.2089057469846128e-03
5.2089057469846128e-03
5.2089057469846128e-03
5.2089057469846128e-03
5.2089057469846128e-03
5.2089057469846128e-03
5.2089057469846128e-03
5.2089057469846128e-03
5.2089057469846128e-03
5.2089057469846128e-03
5.2089057469846128e-03
5.2089057469846128e-03
5.2089057469846128e-03
5.2089057469846128e-03
5.2089057469846128e-03
5.2089057469846128e-03
5.2089057469846128e-03
5.2089057469846128e-03
5.2089057469846128e-03
5.2089057469846128e-03
5.2355827792349551e-03
5.2355827792349551e-03
5.2355827792349551e-03
5.2355827792349551e-03
5.2355827792349551e-03
5.2355827792349551e-03
5.2355827792349551e-03
5.2355827792349551e-03
5.2355827792349551e-03
5.2355827792349551e-03
5.2355827792349551e-03
5.2355827792349551e-03
5.2355827792349551e-03
5.2355827792349551e-03
5.2355827792349551e-03
5.2355827792349551e-03
5.2355827792349551e-03
5.2355827792349551e-03
5.2355827792349551e-03
5.2355827792349551e-03
5.2355827792349551e-03
5.2355827792349551e-03
5.2355827792349551e-03
5.2355827792349551e-03
5.2355827792349551e-03
5.2355827792349551e-03
5.2355827792349551e-03
5.2355827792349551e-03
5.2355827792349551e-03
5.2355827792349551e-03
5.2355827792349551e-03
5.2355827792349551e-03
5.2355827792349551e-03
5.2355827792349551e-03
5.2355827792349551e-03
5.2355827792349551e-03
5.2355827792349551e-03
5.2355827792349551e-03
5.2355827792349551e-03
5.2355827792349551e-03
5.2355827792349551e-03
5.2355827792349551e-03
5.2355827792349551e-03
5.2355827792349551e-03
5.2355827792349551e-03
5.2355827792349551e-03
5.2355827792349551e-03
5.2355827792349551e-03
5.2355827792349551e-03
5.2355827792349551e-03
5.2355827792349551e-03
5.2355827792349551e-03
5.2355827792349551e-03
5.2355827792349551e-03
5.2355827792349551e-03
5.2355827792349551e-03
5.2355827792349551e-03
5.2355827792349551e-03
5.2355827792349551e-03
5.2355827792349551e-03
5.2355827792349551e-03
5.2355827792349551e-03
5.2355827792349551e-03
5.2355827792349551e-03
5.2355827792349551e-03
5.2355827792349551e-03
5.2355827792349551e-03
5.2355827792349551e-03
5.2355827792349551e-03
5.2355827792349551e-03
5.2355827792349551e-03
5.2355827792349551e-03
5.2355827792349551e-03
5.2355827792349551e-03
5.2355827792349551e-03
5.2355827792349551e-03
5.2355827792349551e-03
5.2355827792349551e-03
5.2355827792349551e-03
5.2355827792349551e-03
5.2355827792349551e-03
5.2355827792349551e-03
5.2355827792349551e-03
5.2355827792349551e-03
5.2355827792349551e-03
5.2355827792349551e-03
5.2355827792349551e-03
5.2355827792349551e-03
5.2355827792349551e-03
5.2355827792349551e-03
5.2355827792349551e-03
