2.9999999999999983e+02
2.9999999999999983e+02
2.9999999999999983e+02
2.9999999999999983e+02
2.9999999999999983e+02
2.9999999999999983e+02
2.9999999999999983e+02
3.0604944601694388e+02
3.3926947725127286e+02
3.7227486810591955e+02
4.0527499686291827e+02
4.0417501008749531e+02
4.0417501008749531e+02
4.0417501008749531e+02
4.0417501008749531e+02
4.0417501008749531e+02
4.0417501008749531e+02
4.0417501008749531e+02
4.0417501008749531e+02
4.0417501008749531e+02
4.0417501008749531e+02
4.0417501008749531e+02
4.0417501008749531e+02
4.0417501008749531e+02
4.0417501008749531e+02
4.0417501008749531e+02
4.0417501008749531e+02
4.0417501008749531e+02
4.0417501008749531e+02
4.2424194975805466e+02
4.5735625718573868e+02
4.5626717240953826e+02
4.5626717240953826e+02
4.5626717240953826e+02
4.5626717240953826e+02
4.5626717240953826e+02
4.5626717240953826e+02
4.5626717240953826e+02
4.5626717240953826e+02
4.5626717240953826e+02
4.5626717240953826e+02
4.5626717240953826e+02
4.5626717240953826e+02
4.5626717240953826e+02
4.5626717240953826e+02
4.5626717240953826e+02
4.5626717240953826e+02
4.5626717240953826e+02
4.5626717240953826e+02
4.5626717240953826e+02
4.5626717240953826e+02
4.5626717240953826e+02
4.5626717240953826e+02
4.5626717240953826e+02
4.5626717240953826e+02
4.5626717240953826e+02
4.5626717240953826e+02
4.5626717240953826e+02
4.5626717240953826e+02
4.5626717240953826e+02
4.5626717240953826e+02
4.5626717240953826e+02
4.5626717240953826e+02
4.5626717240953826e+02
4.5626717240953826e+02
4.5626717240953826e+02
4.5626717240953826e+02
4.5626717240953826e+02
4.5626717240953826e+02
4.5626717240953826e+02
4.5709416040929898e+02
4.5706748337704823e+02
4.5706748337704823e+02
4.5706748337704823e+02
4.5706748337704823e+02
4.5706748337704823e+02
4.5706748337704823e+02
4.5706748337704823e+02
4.5706748337704823e+02
4.5706748337704823e+02
4.5706748337704823e+02
4.5706748337704823e+02
4.5706748337704823e+02
4.5706748337704823e+02
4.5706748337704823e+02
4.5706748337704823e+02
4.5706748337704823e+02
4.5706748337704823e+02
4.5706748337704823e+02
4.5706748337704823e+02
4.5706748337704823e+02
4.5706748337704823e+02
4.5706748337704823e+02
4.5706748337704823e+02
4.5706748337704823e+02
4.5706748337704823e+02
4.5706748337704823e+02
4.5706748337704823e+02
4.5706748337704823e+02
4.5706748337704823e+02
4.5706748337704823e+02
4.5706748337704823e+02
4.5706748337704823e+02
4.5706748337704823e+02
4.5706748337704823e+02
4.5706748337704823e+02
4.5706748337704823e+02
4.5706748337704823e+02
4.5706748337704823e+02
4.5706748337704823e+02
4.5706748337704823e+02
4.5706748337704823e+02
4.5706748337704823e+02
4.5706748337704823e+02
4.5706748337704823e+02
4.5706748337704823e+02
4.5706748337704823e+02
4.5706748337704823e+02
4.5706748337704823e+02
4.5706748337704823e+02
4.5706748337704823e+02
4.5706748337704823e+02
4.5706748337704823e+02
4.5706748337704823e+02
4.5706748337704823e+02
4.5706748337704823e+02
4.5706748337704823e+02
4.5706748337704823e+02
4.5706748337704823e+02
4.5706748337704823e+02
4.5706748337704823e+02
4.5706748337704823e+02
4.5706748337704823e+02
4.5706748337704823e+02
4.5706748337704823e+02
4.5706748337704823e+02
4.5706748337704823e+02
4.5706748337704823e+02
4.5706748337704823e+02
4.5706748337704823e+02
4.5706748337704823e+02
4.5706748337704823e+02
4.5706748337704823e+02
4.5706748337704823e+02
4.5706748337704823e+02
4.5706748337704823e+02
4.5706748337704823e+02
4.5706748337704823e+02
4.5706748337704823e+02
4.5706748337704823e+02
4.5706748337704823e+02
4.5706748337704823e+02
4.5706748337704823e+02
4.5706748337704823e+02
4.5706748337704823e+02
4.5706748337704823e+02
4.5706748337704823e+02
4.5706748337704823e+02
4.5706748337704823e+02
4.5706748337704823e+02
4.5706748337704823e+02
