0.0000000000000000e+00
-1.8587725300331075e-11
8.6574434861052237e-10
-8.8026394550750637e-03
8.2453956485920211e-09
5.2993090043763218e-06
-8.7920461549642007e-03
-2.1905072092207600e-03
1.1512624536609920e-08
-2.5594602897556717e-05
3.9509343728316783e-07
6.0423919756202279e-08
-8.7976354632354255e-03
8.2373124075364176e-09
-4.9847204790523671e-06
-8.8073343190332477e-03
8.2440887527915479e-09
4.7049112469873058e-06
7.4300730850983569e-10
7.9709632248829040e-10
7.8566091688051374e-10
7.8766082524804510e-10
8.1000015358713836e-10
-8.7973603246130887e-03
8.1773164149650763e-09
-5.2600488847734803e-06
-8.8078847232843822e-03
8.2268160069391279e-09
5.2554069730603912e-06
-2.4140827046328115e-02
-1.1248000146027023e-02
6.4190325886695684e-08
2.4473654393753646e-03
-3.9113786424132433e-03
1.1609770725431029e-09
-4.8791692121170124e-03
-1.8554164984746019e-02
7.8802245930974017e-09
-4.3778502485782442e-09
7.5251422028996051e-10
7.2246654456030905e-10
7.7849600684564688e-10
8.0179854228216750e-10
-8.8026405501197072e-03
8.1102953038299713e-09
5.3000810028000148e-06
-8.7920445604595179e-03
8.0269265132998643e-09
-5.3050971909181681e-06
-8.8132641718460906e-03
-2.6429155957958573e-02
6.6013732928232649e-07
1.7617250410915230e-02
8.0633708702443975e-09
8.0353695013880727e-09
-8.7973532104968326e-03
8.0540323407004783e-09
-5.2673676045764834e-06
7.4846478906283162e-10
7.9427391428692808e-10
8.2899829982226785e-10
7.8558885396460907e-10
8.4680673656970687e-10
-8.7973604294158420e-03
8.1727481297091783e-09
-5.2599530928081475e-06
-8.8078846458753933e-03
8.3117608035598016e-09
5.2553582708422567e-06
-8.7868633468104907e-03
-4.1429027847377039e-05
6.9496961808311360e-08
-8.7610658261120921e-03
7.9674252010904170e-09
-3.6282039392682735e-05
-8.8752160433759764e-03
8.1868190054615272e-09
7.7881191342588023e-05
5.5735564131853090e-10
6.5857441785656056e-10
5.8170243719783570e-10
6.3488031035716937e-10
6.2088536787062593e-10
-8.8026406336064109e-03
8.0623780859197658e-09
5.3000236696712603e-06
-8.7920446551116218e-03
8.0731733710817174e-09
-5.3050409960036406e-06
-8.8132639909589711e-03
-2.6429155673328666e-02
6.7865369548150595e-07
1.7617287265282718e-02
8.2595320479233959e-09
8.1695414348030692e-09
-8.7973531258152445e-03
8.2084374501801329e-09
-5.2671019529820579e-06
7.4557980444067844e-10
8.0603744751512292e-10
7.7403267538037930e-10
7.4357711755781689e-10
8.1447304802562785e-10
-8.7973604594127515e-03
8.1187021048180830e-09
-5.2598071711033955e-06
-8.8078845625741038e-03
8.2081296795125078e-09
5.2551892506616291e-06
-8.7868637042842895e-03
-2.6371075236992010e-02
6.9242849005128918e-08
1.7584387312948476e-02
7.9770968356014634e-09
7.9432303076373828e-09
-8.8026332967649518e-03
7.9729637288572459e-09
5.2926057382749098e-06
5.6021132736893410e-10
5.5217953714260091e-10
6.3855974834683926e-10
5.4366052946980075e-10
5.5192654229040570e-10
-8.8026406995501336e-03
7.8340434191169958e-09
5.2997796499754015e-06
-8.7920449221468282e-03
7.9357005026011021e-09
-5.3050955208701265e-06
-8.8132640529796150e-03
-2.6429155588330075e-02
6.7823217146233202e-07
1.7617286403465139e-02
7.7377552844451177e-09
7.7605745541127156e-09
-8.7973534263652113e-03
7.7464412295148204e-09
-5.2677693070068240e-06
3.9029732806843378e-10
2.6673075390862516e-10
2.9719242364558365e-10
3.4564761022478178e-10
2.5821887633382307e-10
-8.7973608949545416e-03
7.7544478215178893e-09
-5.2601856763780530e-06
-8.8078848302249810e-03
7.8554154000310738e-09
5.2547486602373045e-06
-8.7868641762878490e-03
-2.6371075667487611e-02
6.9315501792354085e-08
1.7584387704655650e-02
7.8397668763889396e-09
7.9400706750694874e-09
-8.8026332537415146e-03
7.9488558588810082e-09
5.2925594902819419e-06
5.4286955864322311e-10
4.6325373599565809e-10
5.0239464245696191e-10
