0.0000000000000000e+00
5.0535810150800434e-11
7.9867001703737321e-10
-8.8026395317879636e-03
8.1494034044474758e-09
5.2992053962227998e-06
-8.7920462722918952e-03
-2.1905072472249210e-03
1.1438219851624389e-08
-2.5594610391246227e-05
3.9502548413686691e-07
6.0402368189939792e-08
-8.7976355489121239e-03
8.1374525640964082e-09
-4.9849415804381278e-06
-8.8073345941596000e-03
8.1298461814998025e-09
4.7049606797390583e-06
6.2587143315743256e-10
6.7831483865790066e-10
6.0880830487802972e-10
6.5405735091333571e-10
6.5583723900977277e-10
-8.7973604892380864e-03
8.0242220936790705e-09
-5.2601700211307713e-06
-8.8078848368071897e-03
8.0701862960200671e-09
5.2552553286976443e-06
-2.4140827132703317e-02
-1.1248000244155169e-02
6.4062537605049078e-08
2.4473653491079131e-03
-3.9113787375421784e-03
1.0844750536167412e-09
-4.8791692858225081e-03
-1.8554165125072651e-02
7.7915252526392467e-09
-4.4488549255870711e-09
6.3067397012595951e-10
5.8291195094451298e-10
5.9644370793299140e-10
5.8986689385288358e-10
-8.8026407216433879e-03
7.9849670897264775e-09
5.2999749762794505e-06
-8.7920446778712302e-03
7.8517704535216638e-09
-5.3052670804232707e-06
-8.8132643134602538e-03
-2.6429156085731383e-02
6.5993019674518791e-07
1.7617250192860583e-02
7.8654794234034858e-09
7.8747233361545017e-09
-8.7973533350445346e-03
7.8681364899483562e-09
-5.2675283031526411e-06
5.6888978348590055e-10
6.1394551200520915e-10
6.7083246774136089e-10
6.3964436890998420e-10
7.3058341580700897e-10
-8.7973604936706935e-03
8.1567417552276965e-09
-5.2600331710637576e-06
-8.8078847061670591e-03
8.2780547432033049e-09
5.2553112597017225e-06
-8.7868633748603552e-03
-4.1428987457849359e-05
6.9598169007261471e-08
-8.7610657906071285e-03
8.1274148065176477e-09
-3.6281846556322127e-05
-8.8752158736741336e-03
8.3536018514436630e-09
7.7881472781464974e-05
6.7417294442311540e-10
8.0096280316404407e-10
7.2350831761234738e-10
8.5808297789680658e-10
8.2973444007619018e-10
-8.8026404911638930e-03
8.3269567072270821e-09
5.3003452082525687e-06
-8.7920443698674740e-03
8.2575011091990773e-09
-5.3049171332410605e-06
-8.8132638784644019e-03
-2.6429155680005621e-02
6.7893570164490652e-07
1.7617287866550899e-02
8.5524642536105501e-09
8.5267270776000829e-09
-8.7973527922628608e-03
8.4864321805183310e-09
-5.2669167115378495e-06
1.0332937021958911e-09
1.0687067371416113e-09
1.0419079254942695e-09
1.0350221295907569e-09
1.1443319322631912e-09
-8.7973601490468657e-03
8.4549687739822864e-09
-5.2595184269303470e-06
-8.8078842109923887e-03
8.5288344849665979e-09
5.2554482524032087e-06
-8.7868634916855679e-03
-2.6371075028307812e-02
6.9540703928966003e-08
1.7584387697029344e-02
8.2870778890408049e-09
8.2629474833185322e-09
-8.8026329106340121e-03
8.3697452263363451e-09
5.2929374572313988e-06
9.3892056839986497e-10
9.0604096509795572e-10
1.0832853686840013e-09
9.5499763087108829e-10
1.0107032870919349e-09
-8.8026402577764395e-03
8.3546573017707597e-09
5.3003594045273439e-06
-8.7920442560797292e-03
8.3769324196050882e-09
-5.3048492345590944e-06
-8.8132639612103561e-03
-2.6429155635416368e-02
6.7873888456182306e-07
1.7617287441465304e-02
8.2401084873985448e-09
8.2738365956123290e-09
-8.7973529431381262e-03
8.2784114073554391e-09
-5.2672423559607003e-06
9.1433550435863197e-10
8.0158137217286796e-10
8.1837296394000383e-10
9.0611395956322904e-10
7.4891556837771668e-10
-8.7973603975362562e-03
8.2655653454110590e-09
-5.2596880622289453e-06
-8.8078843653222692e-03
8.4256857335555241e-09
5.2553603201474843e-06
-8.7868635650302142e-03
-2.6371075014641289e-02
6.9887857029829080e-08
1.7584388167971133e-02
8.4563151865261883e-09
8.5416347966010494e-09
-8.8026327145920829e-03
8.6548981431316416e-09
5.2932748063766358e-06
1.1752571892426380e-09
1.1493472943043490e-09
1.1382821592953042e-09
