0.0000000000000000e+00
-4.4000000002315339e+01
-8.8000000001306120e+01
-1.3202200836391737e+02
-1.7600000001139034e+02
-2.1999998328901694e+02
-2.6402197491651168e+02
-3.0800307072318657e+02
-3.5200000003695044e+02
-3.9600002930879532e+02
-4.3999999983035673e+02
-3.9600000008046362e+02
-3.5202199197418327e+02
-3.0800000001131252e+02
-2.6400001639883993e+02
-2.2002202441651531e+02
-1.7600000001143439e+02
-1.3199998398336544e+02
-8.8000000001513740e+01
-4.4000000001407372e+01
-1.4833049744269144e-09
4.3999999998541540e+01
8.7999999998532957e+01
1.3197800835492609e+02
1.7599999998848313e+02
2.1999998327191773e+02
2.6397797492544242e+02
3.0799999998848284e+02
3.5200001667436510e+02
3.9596601191380830e+02
4.3998405993039285e+02
3.9599999991104573e+02
3.5199394072374650e+02
3.0796586564056372e+02
2.6399999995868041e+02
2.2001215770767288e+02
1.7600232218382098e+02
1.3200000000976257e+02
8.7999999988442511e+01
4.3999999998308297e+01
-1.7004606608506376e-09
-4.4000000001717567e+01
-8.8000000001707178e+01
-1.3202200836544264e+02
-1.7600000001178540e+02
-2.1999998328831740e+02
-2.6402197491501346e+02
-3.0800000001196975e+02
-3.5200001676595588e+02
-3.9602204189727769e+02
-4.4006609214632545e+02
-3.9600000088777489e+02
-3.5195595150626127e+02
-3.0800000001199976e+02
-2.6400000001197020e+02
-2.2002199165553796e+02
-1.7600000001192663e+02
-1.3200001671841346e+02
-8.8000000001893653e+01
-4.4000000001864464e+01
-1.8139237714833180e-09
4.3999999998161726e+01
8.7999999998180613e+01
1.3197800835446171e+02
1.7599999998809261e+02
2.1999998327157437e+02
2.6397797492509875e+02
3.0799999998816224e+02
3.5200001667391757e+02
3.9597804170257302e+02
4.3999994004764358e+02
3.9599999990439801e+02
3.5197805143243215e+02
3.0799999998829725e+02
2.6399995687929032e+02
2.1997790538519465e+02
1.7599999998829807e+02
1.3200010300405876e+02
8.7999999998155715e+01
4.3999999998250075e+01
-1.8073239962219183e-09
-4.4000000001753726e+01
-8.8000000001756433e+01
-1.3202200836543986e+02
-1.7600000001163968e+02
-2.1999998328814132e+02
-2.6402197491474863e+02
-3.0800000001159123e+02
-3.5200001676573407e+02
-3.9602204189706214e+02
-4.4006609214611944e+02
-3.9600000091198564e+02
-3.5195595155472608e+02
-3.0800000001159083e+02
-2.6400000001155564e+02
-2.2002199165520622e+02
-1.7600000001147509e+02
-1.3200001671790372e+02
-8.8000000001576637e+01
-4.4000000001559506e+01
-1.6067408677706714e-09
4.3999999998378208e+01
8.7999999998416300e+01
1.3197800835475186e+02
1.7599999998844160e+02
2.1999998327207629e+02
2.6397797492551689e+02
3.0799999998853059e+02
3.5200001667430678e+02
3.9597804170286213e+02
4.3993409177397507e+02
3.9599999990427199e+02
3.5204394975628611e+02
3.0799999998831674e+02
2.6399999998825069e+02
2.1997799162459211e+02
1.7599999998831839e+02
1.3200001672185368e+02
8.7999999998333806e+01
4.3999999998353616e+01
-1.5408877991397534e-09
-4.4000000001619355e+01
-8.8000000001613842e+01
-1.3202200836533154e+02
-1.7600000001166117e+02
-2.1999998328809562e+02
-2.6402197491456417e+02
-3.0800000001154410e+02
-3.5200001676588170e+02
-3.9602204189745112e+02
-4.4006609214658505e+02
-3.9600000091221818e+02
-3.5195595155473933e+02
-3.0800000001190654e+02
-2.6400000001180160e+02
-2.2002199165541739e+02
-1.7600000001183525e+02
-1.3200001671850237e+02
-8.8000000001818933e+01
-4.4000000001958185e+01
-1.8898564630883792e-09
4.3999999998178318e+01
8.7999999998006984e+01
1.3197800835437607e+02
1.7599999998810287e+02
2.1999998327178577e+02
2.6397797492516014e+02
3.0799999998816503e+02
3.5200001667402853e+02
3.9597804170255262e+02
4.3993409177382318e+02
3.9599999990436174e+02
3.5204394975653815e+02
3.0799999998833187e+02
2.6399999998829162e+02
2.1997799162459393e+02
1.7599999998830458e+02
1.3200001672194028e+02
8.7999999998372360e+01
4.3999999998290477e+01
-1.7351816300928341e-09
