0.0000000000000000e+00
4.4000000002331312e+01
8.8000000002138293e+01
1.3201320572442393e+02
1.7600000001958779e+02
2.1999998858827405e+02
2.6401318287029801e+02
3.0800088021595832e+02
3.5200000004842576e+02
3.9600000371418884e+02
4.4000000022541639e+02
3.9600000014087675e+02
3.5201319433867712e+02
3.0800000001950002e+02
2.6400001141400890e+02
2.2001321708205859e+02
1.7600000001962133e+02
1.3199998868830133e+02
8.8000000002198135e+01
4.4000000002145079e+01
2.1818269568740115e-09
4.3999999997820666e+01
8.7999999997800046e+01
1.3198680571533299e+02
1.7599999998038231e+02
2.1999998853202709e+02
2.6398678281022262e+02
3.0799999998033445e+02
3.5200001141903414e+02
3.9599015274089766e+02
4.3999530793058773e+02
3.9599999984691914e+02
3.5199149335835239e+02
3.0796977701925357e+02
2.6399999995755769e+02
2.2001703687692191e+02
1.7602087634887590e+02
1.3200000000192662e+02
8.7999999992855834e+01
4.3999999997616712e+01
2.3525209736636450e-09
4.4000000002405031e+01
8.8000000002402999e+01
1.3201320572480677e+02
1.7600000001983295e+02
2.1999998858834539e+02
2.6401318287039419e+02
3.0800000001990907e+02
3.5200001146077364e+02
3.9601322863303494e+02
4.4003966299030355e+02
3.9600000154780867e+02
3.5197356875656294e+02
3.0800000001996438e+02
2.6400000001992532e+02
2.2001319430226539e+02
1.7600000001988772e+02
1.3200001145096550e+02
8.8000000002552326e+01
4.4000000002568562e+01
2.5647379829704267e-09
4.3999999997449095e+01
8.7999999997391939e+01
1.3198680571492324e+02
1.7599999997992779e+02
2.1999998853156754e+02
2.6398678280977475e+02
3.0799999997986737e+02
3.5200001141858286e+02
3.9598682856593410e+02
4.3999998147665099e+02
3.9599999983485048e+02
3.5198681249824045e+02
3.0799999998024975e+02
2.6399999316123331e+02
2.1998678060115321e+02
1.7599999998002787e+02
1.3200002512272667e+02
8.7999999997539987e+01
4.3999999997520291e+01
2.4592665357009081e-09
4.4000000002500208e+01
8.8000000002481841e+01
1.3201320572487754e+02
1.7600000001983435e+02
2.1999998858832564e+02
2.6401318287023622e+02
3.0800000001975656e+02
3.5200001146075510e+02
3.9601322863312748e+02
4.4003966299044248e+02
3.9600000159078013e+02
3.5197356884229202e+02
3.0800000001999700e+02
2.6400000001990372e+02
2.2001319430224717e+02
1.7600000001982247e+02
1.3200001145089445e+02
8.8000000002466066e+01
4.4000000002496904e+01
2.5181304391013247e-09
4.3999999997488914e+01
8.7999999997436930e+01
1.3198680571505616e+02
1.7599999998015474e+02
2.1999998853173923e+02
2.6398678280990401e+02
3.0799999998016222e+02
3.5200001141898815e+02
3.9598682856645985e+02
4.3996046284910784e+02
3.9599999983488021e+02
3.5202636536878117e+02
3.0799999998018467e+02
2.6399999998014755e+02
2.1998679425769569e+02
1.7599999998014707e+02
1.3200001142908212e+02
8.7999999997584183e+01
4.3999999997624478e+01
2.4110977964835859e-09
4.4000000002368701e+01
8.8000000002395126e+01
1.3201320572485295e+02
1.7600000001975565e+02
2.1999998858816514e+02
2.6401318286997508e+02
3.0800000001970051e+02
3.5200001146090915e+02
3.9601322863344444e+02
4.4003966299097317e+02
3.9600000159070385e+02
3.5197356884166174e+02
3.0800000001989531e+02
2.6400000001981880e+02
2.2001319430223268e+02
1.7600000001984773e+02
1.3200001145099654e+02
8.8000000002471310e+01
4.4000000002492335e+01
2.4588571866341860e-09
4.3999999997552493e+01
8.7999999997503409e+01
1.3198680571502237e+02
1.7599999998009287e+02
2.1999998853172258e+02
2.6398678280975798e+02
3.0799999998002448e+02
3.5200001141897394e+02
3.9598682856642301e+02
4.3996046284916406e+02
3.9599999983476016e+02
3.5202636536860177e+02
3.0799999998018399e+02
2.6399999998005086e+02
2.1998679425757820e+02
1.7599999998000277e+02
1.3200001142902317e+02
8.7999999997513271e+01
4.3999999997484181e+01
2.5726743855178398e-09
