0.0000000000000000e+00
-3.7500000000931493e-04
-7.5000000001074403e-04
-1.1251406777682627e-03
-1.5000000000956158e-03
-1.8749998946307562e-03
-2.2501404668434414e-03
-2.6254218223198695e-03
-3.3302589921398130e-03
-4.4979446499566113e-03
-5.6888217088537961e-03
-5.3138236411641336e-03
-4.9389661443135606e-03
-4.5642491129522181e-03
-4.1888236417639496e-03
-3.8135390619680031e-03
-3.4388236414558664e-03
-3.0638236414388979e-03
-2.6889642137089805e-03
-2.3138236414201553e-03
-1.9388237468084815e-03
-1.5638236413353067e-03
-1.1888236413357476e-03
-8.1396421362344264e-04
-4.3882364142079091e-04
-6.3823746895009005e-05
3.1103557542328994e-04
6.8617635857957037e-04
1.0611764639019013e-03
1.4360359968575449e-03
2.2369055072360595e-03
1.8619111030662653e-03
1.4867760253388439e-03
1.1119111029436733e-03
7.3690560414070940e-04
3.6175942345493997e-04
-1.3088897096164062e-05
-3.8807778160249759e-04
-7.6308889697662696e-04
-1.1380888969926152e-03
-1.5130888969871002e-03
-1.8880888969869225e-03
-2.2630888969870045e-03
-2.6382295747427388e-03
-3.0130888970723584e-03
-3.3880887916102197e-03
-3.7632293638242796e-03
-4.1385107193027196e-03
-4.5130888973588940e-03
-4.8878074368043133e-03
-5.2626664428717706e-03
-4.8880888966996239e-03
-4.5130888971460972e-03
-4.1382294698795149e-03
-3.7630888970716691e-03
-3.3880890019401268e-03
-3.0132296790169096e-03
-2.6380888970715271e-03
-2.2630887929602867e-03
-1.8880888969859259e-03
-1.5130888969863946e-03
-1.1380888969865315e-03
-7.6308889698698391e-04
-3.8822946927432532e-04
-1.3088897072037856e-05
3.6191099745316760e-04
7.3677031977032955e-04
1.1119111029275668e-03
1.4869112082507064e-03
1.8617707412071616e-03
2.2364898071479916e-03
1.8619111030353100e-03
1.4871920371390239e-03
1.1119111029288893e-03
7.3691110292772822e-04
3.6177042517160970e-04
-1.3088897072052735e-05
-3.8808879152328959e-04
-7.6308889698634109e-04
-1.1380888969859033e-03
-1.5130888969860476e-03
-1.8880888969857160e-03
-2.2630888969857321e-03
-2.6382295747408718e-03
-3.0130888970698586e-03
-3.3880887916069224e-03
-3.7632293638211480e-03
-4.1385107192990975e-03
-4.5130888973573700e-03
-4.8878074368048710e-03
-5.2626664428730647e-03
-4.8880888966987340e-03
-4.5130888971450433e-03
-4.1382294698782372e-03
-3.7630888970704240e-03
-3.3880890019400397e-03
-3.0132296790176556e-03
-2.6380888970710644e-03
-2.2630887929583343e-03
-1.8880888969858079e-03
-1.5130888969860029e-03
-1.1380888969859696e-03
-7.6308889698589667e-04
-3.8822946927217627e-04
-1.3088897070759606e-05
3.6191099745440966e-04
7.3677031977152998e-04
1.1119111029291810e-03
1.4869112082518639e-03
1.8617707412088304e-03
2.2364898071501028e-03
1.8619111030366258e-03
1.4871920371393641e-03
1.1119111029298449e-03
7.3691110292926107e-04
3.6177042517287063e-04
-1.3088897070502360e-05
-3.8808879152194009e-04
-7.6308889698575031e-04
-1.1380888969855750e-03
-1.5130888969854110e-03
-1.8880888969858142e-03
-2.2630888969861302e-03
-2.6382295747423802e-03
-3.0130888970721597e-03
-3.3880887916098879e-03
-3.7632293638244505e-03
-4.1385107193022096e-03
-4.5130888973598376e-03
-4.8878074368068694e-03
-5.2626664428746936e-03
-4.8880888967012277e-03
-4.5130888971480218e-03
-4.1382294698812860e-03
-3.7630888970732529e-03
-3.3880890019419652e-03
-3.0132296790200269e-03
-2.6380888970738074e-03
-2.2630887929618866e-03
-1.8880888969887016e-03
-1.5130888969892573e-03
-1.1380888969889178e-03
-7.6308889698860837e-04
-3.8822946927534159e-04
-1.3088897073245717e-05
3.6191099745177386e-04
7.3677031976946165e-04
1.1119111029267810e-03
1.4869112082490450e-03
1.8617707412053805e-03
2.2364898071461424e-03
1.8619111030337989e-03
1.4871920371377812e-03
1.1119111029271138e-03
7.3691110292625479e-04
3.6177042517035679e-04
-1.3088897073689821e-05
-3.8808879152584782e-04
-7.6308889698936775e-04
-1.1380888969891457e-03
-1.5130888969889073e-03
