0.0000000000000000e+00
1.2500000000434684e-04
2.5000000000894467e-04
3.7498437696651261e-04
5.0000000007987709e-04
6.2499999624126461e-04
7.4998436935638877e-04
8.7495312333041937e-04
1.2848207486207339e-03
2.1146716099411274e-03
2.9799973607603325e-03
2.8550225301799989e-03
2.7300320789389685e-03
2.6050260031325726e-03
2.4800225302011687e-03
2.3550034294479547e-03
2.2300225299693903e-03
2.1050225299864998e-03
1.9800069030501736e-03
1.8550225299999547e-03
1.7300225339030978e-03
1.6050225299283048e-03
1.4800225299285907e-03
1.3550069029755057e-03
1.2300225300002129e-03
1.1050225339784628e-03
9.8000691100509217e-04
8.5502253000040325e-04
7.3002252594810569e-04
6.0500689494155462e-04
1.3499231442453471e-04
2.5997758797652727e-04
3.8494724216210803e-04
5.0997758787410671e-04
6.3499230295363789e-04
7.5999139130731154e-04
8.8497758786375204e-04
1.0099481648237726e-03
1.1349775877994633e-03
1.2599775877976266e-03
1.3849775877994898e-03
1.5099775877999964e-03
1.6349775877996845e-03
1.7599619647524645e-03
1.8849775878710024e-03
2.0099775840374222e-03
2.1349619571585017e-03
2.2599307111377553e-03
2.3849775881126063e-03
2.5100088303225210e-03
2.6350244416732936e-03
2.5099775886274047e-03
2.3849775879345599e-03
2.2599619602878423e-03
2.1349775878718282e-03
2.0099775924099028e-03
1.8849619699959684e-03
1.7599775878724766e-03
1.6349775827008521e-03
1.5099775878006305e-03
1.3849775878009723e-03
1.2599775878017493e-03
1.1349775878006553e-03
1.0099619608471982e-03
8.8497758787275363e-04
7.5997759185191904e-04
6.3496196887819119e-04
5.0997758787248680e-04
3.8497758382019661e-04
2.5996195281314247e-04
1.3493069094365977e-04
2.5997758792762455e-04
3.8500885014022574e-04
5.0997758787222442e-04
6.3497758787219862e-04
7.5996196482488814e-04
8.8497758787295312e-04
1.0099775839679213e-03
1.1349775878016705e-03
1.2599775878019486e-03
1.3849775878016963e-03
1.5099775878024521e-03
1.6349775878019585e-03
1.7599619647548621e-03
1.8849775878739222e-03
2.0099775840403305e-03
2.1349619571605846e-03
2.2599307111391418e-03
2.3849775881151884e-03
2.5100088303253534e-03
2.6350244416775311e-03
2.5099775886302071e-03
2.3849775879374140e-03
2.2599619602907146e-03
2.1349775878749967e-03
2.0099775924135349e-03
1.8849619699993405e-03
1.7599775878749443e-03
1.6349775827025135e-03
1.5099775878041266e-03
1.3849775878043888e-03
1.2599775878047014e-03
1.1349775878044244e-03
1.0099619608511608e-03
8.8497758787608094e-04
7.5997759185471205e-04
6.3496196888129916e-04
5.0997758787697757e-04
3.8497758382348722e-04
2.5996195281691821e-04
1.3493069094750671e-04
2.5997758793202543e-04
3.8500885014442567e-04
5.0997758787719907e-04
6.3497758787838356e-04
7.5996196483154655e-04
8.8497758787910619e-04
1.0099775839731860e-03
1.1349775878071444e-03
1.2599775878070598e-03
1.3849775878073810e-03
1.5099775878072695e-03
1.6349775878071371e-03
1.7599619647598245e-03
1.8849775878787135e-03
2.0099775840445862e-03
2.1349619571643689e-03
2.2599307111433567e-03
2.3849775881190699e-03
2.5100088303288814e-03
2.6350244416817477e-03
2.5099775886345387e-03
2.3849775879415266e-03
2.2599619602950605e-03
2.1349775878793621e-03
2.0099775924174493e-03
1.8849619700029943e-03
1.7599775878798171e-03
1.6349775827077116e-03
1.5099775878083871e-03
1.3849775878083878e-03
1.2599775878091263e-03
1.1349775878093452e-03
1.0099619608558603e-03
8.8497758788052020e-04
7.5997759185919274e-04
6.3496196888543745e-04
5.0997758788053245e-04
3.8497758382741653e-04
2.5996195282081873e-04
1.3493069095125664e-04
2.5997758793586644e-04
3.8500885014849836e-04
5.0997758788126027e-04
6.3497758788157545e-04
7.5996196483464704e-04
8.8497758788174188e-04
1.0099775839764161e-03
1.1349775878104664e-03
1.2599775878105093e-03
1.3849775878111122e-03
