0.0000000000000000e+00
-3.1908261921638684e-30
-1.5165928555044070e-16
-1.5165928555039164e-16
4.1434087356339499e-16
4.1434087356346352e-16
2.6268158801306371e-16
4.1434087356345035e-16
1.1102230246255724e-16
7.0677079786301278e-16
4.0345222676222530e-16
4.4408920985010354e-16
3.7370389047549077e-16
3.7370389047546622e-16
9.2881540278807880e-16
7.7715611723770976e-16
9.6945238587598583e-16
9.6945238587599608e-16
9.6945238587600200e-16
8.1779310032563622e-16
6.6613381477521482e-16
6.6613381477514362e-16
6.6613381477520989e-16
7.0677079786323278e-16
7.0677079786323899e-16
7.0677079786163524e-16
1.2618823101766312e-15
1.2618823101759395e-15
1.3025192932636036e-15
1.4839269151002204e-15
1.4839269151033364e-15
1.5245638981904885e-15
1.2212453270891251e-15
7.3651913415048185e-16
7.7715611723810419e-16
6.2549683168749564e-16
4.3320056305772655e-16
4.2231191624789059e-16
4.2231191624807927e-16
3.1128961378542301e-16
9.5856373907503461e-16
8.5843008341369885e-16
8.8817841970041317e-16
8.8817841970039581e-16
8.7728977289921494e-16
8.7728977289914147e-16
8.7728977289919551e-16
9.1792675598710234e-16
1.4839269151009200e-15
1.6355862006511575e-15
1.4948155619018917e-15
1.4948155619021560e-15
1.4948155619020396e-15
1.6058378643645265e-15
1.5652008812766577e-15
1.5652008812768080e-15
2.1312010403908110e-15
2.1312010403905219e-15
2.1312010403904075e-15
1.9795417548402615e-15
2.5455419139541412e-15
2.5455419139540615e-15
2.4345196114921517e-15
2.4345196114927951e-15
3.0005197706023408e-15
3.5665199297197992e-15
3.5665199297195034e-15
3.0005197706073796e-15
3.0005197706119704e-15
3.0005197706237927e-15
2.8488604851130396e-15
2.8894974681495167e-15
2.8894974681439828e-15
2.8894974681459779e-15
2.4236309646926591e-15
2.4236309646916553e-15
2.9896311238089212e-15
2.9896311238048195e-15
2.9896311238048799e-15
2.8786088213422759e-15
2.8786088213423650e-15
3.4446089804559383e-15
3.4852459635439934e-15
3.4852459635440534e-15
3.4852459635438361e-15
3.6369052490942222e-15
3.6369052490941307e-15
3.6369052490940629e-15
3.6775422321822005e-15
3.9293351733938943e-15
3.8886981903058380e-15
3.7370389047554798e-15
3.7370389047555666e-15
3.7261502579546438e-15
3.7667872410423065e-15
3.6151279554916240e-15
3.6151279554916130e-15
3.6151279554921116e-15
3.0084908132908961e-15
2.8568315277403143e-15
2.8568315277400484e-15
3.0788761326657033e-15
3.1195131157535652e-15
4.0294688290557625e-15
4.0294688290592619e-15
4.0294688290576968e-15
4.0701058121468780e-15
4.0701058121461735e-15
3.7667872410455913e-15
4.2921504170696437e-15
4.2921504170653562e-15
4.2812617702774110e-15
4.2812617702836824e-15
4.2812617702737372e-15
4.1702394678091571e-15
4.1702394678084842e-15
4.1702394678105258e-15
4.1702394678072536e-15
3.6151279554931047e-15
3.4634686699433106e-15
3.3821947037669352e-15
3.0788761326658698e-15
3.0788761326654935e-15
2.5128759735515791e-15
2.5128759735512260e-15
2.1986687556489210e-15
2.2393057387365048e-15
2.2393057387363045e-15
2.0876464531861699e-15
1.9359871676360129e-15
1.9359871676359245e-15
1.9359871676357790e-15
1.9359871676359261e-15
1.9359871676360586e-15
1.9359871676361608e-15
1.9359871676364136e-15
1.8249648651741390e-15
1.8249648651736948e-15
1.7952165288868004e-15
1.6435572433368881e-15
2.2501943855387419e-15
2.2501943855389332e-15
2.2501943855391904e-15
2.2610830323412393e-15
2.1094237467992264e-15
1.9984014443299013e-15
2.0390384274184988e-15
2.0390384274170607e-15
2.0390384274141680e-15
2.0390384274109179e-15
2.0390384274053383e-15
2.4940162840709216e-15
2.3423569985371216e-15
2.3829939816061750e-15
2.3829939816052138e-15
2.4236309646928398e-15
2.4236309647039919e-15
2.3126086622294934e-15
2.4642679477795673e-15
2.3126086622290537e-15
2.1609493766787787e-15
