0.0000000000000000e+00
0.0000000000000000e+00
0.0000000000000000e+00
0.0000000000000000e+00
0.0000000000000000e+00
0.0000000000000000e+00
0.0000000000000000e+00
0.0000000000000000e+00
3.6656123150674379e-04
1.2488292814510711e-03
2.1599275912637973e-03
2.1599275912637973e-03
2.1599275912637973e-03
2.1599275912637973e-03
2.1599275912637973e-03
2.1599275912637973e-03
2.1599275912637973e-03
2.1599275912637973e-03
2.1599275912637973e-03
2.1599275912637973e-03
2.1599275912637973e-03
2.1599275912637973e-03
2.1599275912637973e-03
2.1599275912637973e-03
2.1599275912637973e-03
2.1599275912637973e-03
2.1599275912637973e-03
2.1599275912637973e-03
2.1599275912637973e-03
2.1599275912637973e-03
2.6332954733149006e-03
2.6332954733149006e-03
2.6332954733149006e-03
2.6332954733149006e-03
2.6332954733149006e-03
2.6332954733149006e-03
2.6332954733149006e-03
2.6332954733149006e-03
2.6332954733149006e-03
2.6332954733149006e-03
2.6332954733149006e-03
2.6332954733149006e-03
2.6332954733149006e-03
2.6332954733149006e-03
2.6332954733149006e-03
2.6332954733149006e-03
2.6332954733149006e-03
2.6332954733149006e-03
2.6332954733149006e-03
2.6332954733149006e-03
2.6332954733149006e-03
2.6332954733149006e-03
2.6332954733149006e-03
2.6332954733149006e-03
2.6332954733149006e-03
2.6332954733149006e-03
2.6332954733149006e-03
2.6332954733149006e-03
2.6332954733149006e-03
2.6332954733149006e-03
2.6332954733149006e-03
2.6332954733149006e-03
2.6332954733149006e-03
2.6332954733149006e-03
2.6332954733149006e-03
2.6332954733149006e-03
2.6332954733149006e-03
2.6332954733149006e-03
2.6332954733149006e-03
2.6332954733149006e-03
2.6332954733149006e-03
2.6332954733149006e-03
2.6332954733149006e-03
2.6332954733149006e-03
2.6332954733149006e-03
2.6332954733149006e-03
2.6332954733149006e-03
2.6332954733149006e-03
2.6332954733149006e-03
2.6332954733149006e-03
2.6332954733149006e-03
2.6332954733149006e-03
2.6332954733149006e-03
2.6332954733149006e-03
2.6332954733149006e-03
2.6332954733149006e-03
2.6332954733149006e-03
2.6332954733149006e-03
2.6332954733149006e-03
2.6332954733149006e-03
2.6332954733149006e-03
2.6332954733149006e-03
2.6332954733149006e-03
2.6332954733149006e-03
2.6332954733149006e-03
2.6332954733149006e-03
2.6332954733149006e-03
2.6332954733149006e-03
2.6332954733149006e-03
2.6332954733149006e-03
2.6332954733149006e-03
2.6332954733149006e-03
2.6332954733149006e-03
2.6332954733149006e-03
2.6332954733149006e-03
2.6332954733149006e-03
2.6332954733149006e-03
2.6332954733149006e-03
2.6332954733149006e-03
2.6332954733149006e-03
2.6332954733149006e-03
2.6332954733149006e-03
2.6332954733149006e-03
2.6332954733149006e-03
2.6332954733149006e-03
2.6332954733149006e-03
2.6332954733149006e-03
2.6332954733149006e-03
2.6332954733149006e-03
2.6332954733149006e-03
2.6332954733149006e-03
2.6332954733149006e-03
2.6332954733149006e-03
2.6332954733149006e-03
2.6332954733149006e-03
2.6332954733149006e-03
2.6332954733149006e-03
2.6332954733149006e-03
2.6332954733149006e-03
2.6332954733149006e-03
2.6332954733149006e-03
2.6332954733149006e-03
2.6332954733149006e-03
2.6332954733149006e-03
2.6332954733149006e-03
2.6332954733149006e-03
2.6332954733149006e-03
2.6332954733149006e-03
2.6332954733149006e-03
2.6332954733149006e-03
2.6332954733149006e-03
2.6332954733149006e-03
2.6332954733149006e-03
2.6332954733149006e-03
2.6332954733149006e-03
2.6332954733149006e-03
2.6332954733149006e-03
2.6332954733149006e-03
2.6332954733149006e-03
2.6332954733149006e-03
2.6332954733149006e-03
2.6332954733149006e-03
2.6332954733149006e-03
2.6332954733149006e-03
2.6332954733149006e-03
2.6332954733149006e-03
2.6332954733149006e-03
2.6332954733149006e-03
2.6332954733149006e-03
2.6332954733149006e-03
2.6332954733149006e-03
