0.0000000000000000e+00
-4.4000000001038316e+01
-8.8000000001034934e+01
-1.3201925687889116e+02
-1.7600000000907738e+02
-2.1999998625662118e+02
-2.6401922937163516e+02
-3.0805774311966752e+02
-3.5200005996433333e+02
-3.9600006257841380e+02
-4.4000085235667200e+02
-3.9599999996716423e+02
-3.5201839023748607e+02
-3.0805600943327374e+02
-2.6400000004538225e+02
-2.1996327594547876e+02
-1.7600000001489292e+02
-1.3200000001192080e+02
-8.8019243136773412e+01
-4.4000000008864347e+01
-1.3748390651370250e-05
4.3999999999197165e+01
8.7999999999164572e+01
1.3198075687126473e+02
1.7599999999110560e+02
2.1999998624356556e+02
2.6398072937874230e+02
3.0799999999116170e+02
3.5200001371540270e+02
3.9598078430127703e+02
4.3999990932816240e+02
3.9600000001403941e+02
3.5198083453815104e+02
3.0799999999332539e+02
2.6399992161482658e+02
2.1998058565187335e+02
1.7599999998761956e+02
1.3200017261902218e+02
8.8000000000573792e+01
4.3999999998381455e+01
-7.6965004096354237e-10
-4.4000000000737529e+01
-8.8000000000764487e+01
-1.3201925687859654e+02
-1.7600000000889409e+02
-2.1999998625655959e+02
-2.6401922937151295e+02
-3.0805774311957833e+02
-3.5200000003606323e+02
-3.9596147258561291e+02
-4.3994217448707582e+02
-3.9599999992637350e+02
-3.5200000001579360e+02
-3.0801924323305309e+02
-2.6400000000873422e+02
-2.2000001365169589e+02
-1.7601927041201117e+02
-1.3200000000865413e+02
-8.7999986493523608e+01
-4.4000000000530399e+01
-5.5224183500990503e-10
4.3999999999442025e+01
8.7999999999328821e+01
1.3198075687144927e+02
1.7599999999130057e+02
2.1999998624376951e+02
2.6398072937879959e+02
3.0799999999126590e+02
3.5200001371561837e+02
3.9598078430157460e+02
4.3994232548351613e+02
3.9600000000792738e+02
3.5203845884696165e+02
3.0799999999143949e+02
2.6399999999124265e+02
2.1998074311333994e+02
1.7599999999130566e+02
1.3200001375192235e+02
8.7999999999475051e+01
4.3999999999541984e+01
-4.7687192278460872e-10
-4.4000000000384340e+01
-8.8000000000410040e+01
-1.3201925687815879e+02
-1.7600000000834959e+02
-2.1999998625590757e+02
-2.6401922937091666e+02
-3.0805774311895016e+02
-3.5200000003567880e+02
-3.9596147258548592e+02
-4.3994217448699567e+02
-3.9599999992606558e+02
-3.5200000001546351e+02
-3.0801924323269117e+02
-2.6400000000834643e+02
-2.2000001365144863e+02
-1.7601927041191263e+02
-1.3200000000843721e+02
-8.7999986493179250e+01
-4.4000000000368267e+01
-3.7339019363798703e-10
4.3999999999636245e+01
8.7999999999637495e+01
1.3198075687193554e+02
1.7599999999161980e+02
2.1999998624398580e+02
2.6398072937902663e+02
3.0799999999163947e+02
3.5200001371587507e+02
3.9598078430195244e+02
4.3994232548396224e+02
3.9600000000829908e+02
3.5203845884719061e+02
3.0799999999179693e+02
2.6399999999176242e+02
2.1998074311384994e+02
1.7599999999181921e+02
1.3200001375237011e+02
8.7999999999807642e+01
4.3999999999822037e+01
-1.3438794807964464e-10
-4.4000000000215081e+01
-8.8000000000266141e+01
-1.3201925687819494e+02
-1.7600000000849752e+02
-2.1999998625618622e+02
-2.6401922937125829e+02
-3.0805774311924745e+02
-3.5200000003592459e+02
-3.9596147258570340e+02
-4.3994217448713994e+02
-3.9599999992632303e+02
-3.5200000001578809e+02
-3.0801924323302376e+02
-2.6400000000866277e+02
-2.2000001365165724e+02
-1.7601927041219324e+02
-1.3200000000871245e+02
-8.7999986493521078e+01
-4.4000000000637833e+01
-6.7633791221334544e-10
4.3999999999381338e+01
8.7999999999424844e+01
1.3198075687161776e+02
1.7599999999137307e+02
2.1999998624374160e+02
2.6398072937885399e+02
3.0799999999139067e+02
3.5200001371560290e+02
3.9598078430156284e+02
4.3994232548350010e+02
3.9600000000800281e+02
3.5203845884707329e+02
3.0799999999153601e+02
2.6399999999144677e+02
2.1998074311357669e+02
1.7599999999143779e+02
1.3200001375191522e+02
8.7999999999426421e+01
4.3999999999453152e+01
-4.9618145467374984e-10
