0.0000000000000000e+00
-1.1000000000218598e+01
-2.2000000000101242e+01
-3.3006877235296443e+01
-4.4000000000628894e+01
-5.4999995529077154e+01
-6.6006868289391278e+01
-7.7020622755480062e+01
-9.7995849458232939e+01
-1.2831969192909321e+02
-1.5593726692360232e+02
-1.4493624449078288e+02
-1.3394209448396722e+02
-1.2295481243955017e+02
-1.1193624451617903e+02
-1.0092456343832609e+02
-8.9936244512808798e+01
-7.8936244511321618e+01
-6.7943117276402376e+01
-5.6936244509921060e+01
-4.5936248975282346e+01
-3.4936244509342522e+01
-2.3936244509343201e+01
-1.2943117275923223e+01
-1.9362445099193535e+00
9.0637510242662369e+00
2.0056873795508309e+01
3.1063755490180416e+01
4.2063759946062206e+01
5.3056891631848679e+01
8.1815913736368174e+01
7.0815511989190895e+01
5.9808233353302946e+01
4.8815511979192664e+01
3.7815917495362910e+01
2.6809445432735998e+01
1.5815511976953491e+01
4.8147064449090644e+00
-6.1844880206198267e+00
-1.7184488021419650e+01
-2.8184488021001588e+01
-3.9184488020989640e+01
-5.0184488021003510e+01
-6.1191365256331501e+01
-7.2184488021622201e+01
-8.3184483549960987e+01
-9.4191356310065032e+01
-1.0520511077602626e+02
-1.1618448802352853e+02
-1.2717072910187022e+02
-1.3816383846941696e+02
-1.2718448797186193e+02
-1.1618448802199293e+02
-1.0519136083870470e+02
-9.4184488021479623e+01
-8.3184492436016797e+01
-7.2191369613528948e+01
-6.1184488021367372e+01
-5.0184483668027013e+01
-3.9184488020791377e+01
-2.8184488020725297e+01
-1.7184488020714369e+01
-6.1844880207930544e+00
4.8086392126143753e+00
1.5815511978715866e+01
2.6815507512992298e+01
3.7808630284100325e+01
4.8815511978689173e+01
5.9815516434602735e+01
7.0808648120378010e+01
8.1794911499508260e+01
7.0815511985841212e+01
5.9829248623757124e+01
4.8815511978723876e+01
3.7815511978600505e+01
2.6808634743245026e+01
1.5815511978702759e+01
4.8155164510309314e+00
-6.1844880206644692e+00
-1.7184488020649045e+01
-2.8184488020658367e+01
-3.9184488020540741e+01
-5.0184488020558206e+01
-6.1191365255854905e+01
-7.2184488021093401e+01
-8.3184483549378783e+01
-9.4191356309525659e+01
-1.0520511077550161e+02
-1.1618448802311144e+02
-1.2717072910151975e+02
-1.3816383846902903e+02
-1.2718448797146425e+02
-1.1618448802158633e+02
-1.0519136083829636e+02
-9.4184488021035691e+01
-8.3184492435625458e+01
-7.2191369613263390e+01
-6.1184488021089024e+01
-5.0184483667805168e+01
-3.9184488020574605e+01
-2.8184488020565698e+01
-1.7184488020534886e+01
-6.1844880205320214e+00
4.8086392130397515e+00
1.5815511979000933e+01
2.6815507513163777e+01
3.7808630284289187e+01
4.8815511979038561e+01
5.9815516434848249e+01
7.0808648120745943e+01
8.1794911499918186e+01
7.0815511986236615e+01
5.9829248624098938e+01
4.8815511979131301e+01
3.7815511979139345e+01
2.6808634743786293e+01
1.5815511979172269e+01
4.8155164514524733e+00
-6.1844880203402912e+00
-1.7184488020357762e+01
-2.8184488020338886e+01
-3.9184488020406512e+01
-5.0184488020426585e+01
-6.1191365255855963e+01
-7.2184488021136644e+01
-8.3184483549536083e+01
-9.4191356309713100e+01
-1.0520511077566142e+02
-1.1618448802328655e+02
-1.2717072910174316e+02
-1.3816383846920283e+02
-1.2718448797164805e+02
-1.1618448802179459e+02
-1.0519136083850577e+02
-9.4184488021250928e+01
-8.3184492435798802e+01
-7.2191369613479424e+01
-6.1184488021266901e+01
-5.0184483667927815e+01
-3.9184488020699071e+01
-2.8184488020638234e+01
-1.7184488020605581e+01
-6.1844880205844834e+00
4.8086392128430733e+00
1.5815511978802453e+01
2.6815507512948173e+01
3.7808630284095543e+01
4.8815511978797872e+01
5.9815516434647911e+01
7.0808648120437837e+01
8.1794911499583165e+01
7.0815511986014272e+01
5.9829248623925295e+01
4.8815511978914287e+01
3.7815511978891571e+01
2.6808634743554151e+01
1.5815511978891012e+01
4.8155164511511677e+00
-6.1844880205313686e+00
-1.7184488020540932e+01
-2.8184488020527972e+01
