2.9999999999999983e+02
2.9999999999999983e+02
2.9999999999999983e+02
2.9999999999999983e+02
2.9999999999999983e+02
2.9999999999999983e+02
2.9999999999999983e+02
2.9999999999999983e+02
3.1466244926026951e+02
3.4995317125804263e+02
3.8639710365055163e+02
3.8639710365055163e+02
3.8639710365055163e+02
3.8639710365055163e+02
3.8639710365055163e+02
3.8639710365055163e+02
3.8639710365055163e+02
3.8639710365055163e+02
3.8639710365055163e+02
3.8639710365055163e+02
3.8639710365055163e+02
3.8639710365055163e+02
3.8639710365055163e+02
3.8639710365055163e+02
3.8639710365055163e+02
3.8639710365055163e+02
3.8639710365055163e+02
3.8639710365055163e+02
3.8639710365055163e+02
3.8639710365055163e+02
4.0533181893259575e+02
4.0533181893259575e+02
4.0533181893259575e+02
4.0533181893259575e+02
4.0533181893259575e+02
4.0533181893259575e+02
4.0533181893259575e+02
4.0533181893259575e+02
4.0533181893259575e+02
4.0533181893259575e+02
4.0533181893259575e+02
4.0533181893259575e+02
4.0533181893259575e+02
4.0533181893259575e+02
4.0533181893259575e+02
4.0533181893259575e+02
4.0533181893259575e+02
4.0533181893259575e+02
4.0533181893259575e+02
4.0533181893259575e+02
4.0533181893259575e+02
4.0533181893259575e+02
4.0533181893259575e+02
4.0533181893259575e+02
4.0533181893259575e+02
4.0533181893259575e+02
4.0533181893259575e+02
4.0533181893259575e+02
4.0533181893259575e+02
4.0533181893259575e+02
4.0533181893259575e+02
4.0533181893259575e+02
4.0533181893259575e+02
4.0533181893259575e+02
4.0533181893259575e+02
4.0533181893259575e+02
4.0533181893259575e+02
4.0533181893259575e+02
4.0533181893259575e+02
4.0533181893259575e+02
4.0533181893259575e+02
4.0533181893259575e+02
4.0533181893259575e+02
4.0533181893259575e+02
4.0533181893259575e+02
4.0533181893259575e+02
4.0533181893259575e+02
4.0533181893259575e+02
4.0533181893259575e+02
4.0533181893259575e+02
4.0533181893259575e+02
4.0533181893259575e+02
4.0533181893259575e+02
4.0533181893259575e+02
4.0533181893259575e+02
4.0533181893259575e+02
4.0533181893259575e+02
4.0533181893259575e+02
4.0533181893259575e+02
4.0533181893259575e+02
4.0533181893259575e+02
4.0533181893259575e+02
4.0533181893259575e+02
4.0533181893259575e+02
4.0533181893259575e+02
4.0533181893259575e+02
4.0533181893259575e+02
4.0533181893259575e+02
4.0533181893259575e+02
4.0533181893259575e+02
4.0533181893259575e+02
4.0533181893259575e+02
4.0533181893259575e+02
4.0533181893259575e+02
4.0533181893259575e+02
4.0533181893259575e+02
4.0533181893259575e+02
4.0533181893259575e+02
4.0533181893259575e+02
4.0533181893259575e+02
4.0533181893259575e+02
4.0533181893259575e+02
4.0533181893259575e+02
4.0533181893259575e+02
4.0533181893259575e+02
4.0533181893259575e+02
4.0533181893259575e+02
4.0533181893259575e+02
4.0533181893259575e+02
4.0533181893259575e+02
4.0533181893259575e+02
4.0533181893259575e+02
4.0533181893259575e+02
4.0533181893259575e+02
4.0533181893259575e+02
4.0533181893259575e+02
4.0533181893259575e+02
4.0533181893259575e+02
4.0533181893259575e+02
4.0533181893259575e+02
4.0533181893259575e+02
4.0533181893259575e+02
4.0533181893259575e+02
4.0533181893259575e+02
4.0533181893259575e+02
4.0533181893259575e+02
4.0533181893259575e+02
4.0533181893259575e+02
4.0533181893259575e+02
4.0533181893259575e+02
4.0533181893259575e+02
4.0533181893259575e+02
4.0533181893259575e+02
4.0533181893259575e+02
4.0533181893259575e+02
4.0533181893259575e+02
4.0533181893259575e+02
4.0533181893259575e+02
4.0533181893259575e+02
4.0533181893259575e+02
4.0533181893259575e+02
4.0533181893259575e+02
4.0533181893259575e+02
4.0533181893259575e+02
4.0533181893259575e+02
4.0533181893259575e+02
4.0533181893259575e+02
4.0533181893259575e+02
4.0533181893259575e+02
4.0533181893259575e+02
4.0533181893259575e+02
