0.0000000000000000e+00
3.9661064031164834e+01
7.9322128061667357e+01
1.1899425611916126e+02
1.5864425613347612e+02
1.9830531092014803e+02
2.3797742969405027e+02
2.7766062186873171e+02
3.1466244926026968e+02
3.4995317125804274e+02
3.8639710365055180e+02
3.4702703374517307e+02
3.0774163966345355e+02
2.6857317639569760e+02
2.2950937738958265e+02
1.9071738705393463e+02
1.5243276894083007e+02
1.1504497566208957e+02
7.9887835680655968e+01
5.1696626402428308e+01
4.5936240043430580e+01
6.8510845409476374e+01
1.0209472717926926e+02
1.3890885056945135e+02
1.7697606638256778e+02
2.1561104185637097e+02
2.5455023202527093e+02
2.9370277527924236e+02
3.3296685099343784e+02
3.7230364723527106e+02
4.0533181893259552e+02
3.6577027488336523e+02
3.2622120988114654e+02
2.8672596065521691e+02
2.4726926568816083e+02
2.0787939852063883e+02
1.6864934125606112e+02
1.2966167264183750e+02
9.1249563494213916e+01
5.4657333463311375e+01
2.8184488021089578e+01
4.1800796985980696e+01
7.6460760474319812e+01
1.1442654623008968e+02
1.5323880195065047e+02
1.9240339985061740e+02
2.3174745485569380e+02
2.7119773720213425e+02
3.1065398034844509e+02
3.5015969103179674e+02
3.8970320178050252e+02
3.5018114849195462e+02
3.1065398031891465e+02
2.7117652023744398e+02
2.3173694774980922e+02
1.9240341759373572e+02
1.5324900014378429e+02
1.1441673460947530e+02
7.6460752537087330e+01
4.1800796985870640e+01
2.8184488021016833e+01
5.4657333463635482e+01
9.1249563493215703e+01
1.2964769049638920e+02
1.6864934125770219e+02
2.0789337440276208e+02
2.4725909467059938e+02
2.8672596065395607e+02
3.2623126975475680e+02
3.6575897590712827e+02
4.0529929131341373e+02
3.6577027488353747e+02
3.2625393258390113e+02
2.8672596065410693e+02
2.4727053560329253e+02
2.0788189779989608e+02
1.6864934125774317e+02
1.2965933836650532e+02
9.1249563493235698e+01
5.4657333463681283e+01
2.8184488021010324e+01
4.1800796985892745e+01
7.6460760474248545e+01
1.1442654622999696e+02
1.5323880195055094e+02
1.9240339985045819e+02
2.3174745485549141e+02
2.7119773720184588e+02
3.1065398034840183e+02
3.5015969103194527e+02
3.8970320178081818e+02
3.5018114849196388e+02
3.1065398031891408e+02
2.7117652023743432e+02
2.3173694774984261e+02
1.9240341759388841e+02
1.5324900014397315e+02
1.1441673460950003e+02
7.6460752536927686e+01
4.1800796986003888e+01
2.8184488021107839e+01
5.4657333463622834e+01
9.1249563493185704e+01
1.2964769049640350e+02
1.6864934125768917e+02
2.0789337440275085e+02
2.4725909467056471e+02
2.8672596065385380e+02
3.2623126975467761e+02
3.6575897590703789e+02
4.0529929131335342e+02
3.6577027488338513e+02
3.2625393258367274e+02
2.8672596065389962e+02
2.4727053560307306e+02
2.0788189779966004e+02
1.6864934125757338e+02
1.2965933836637461e+02
9.1249563493080345e+01
5.4657333463587889e+01
2.8184488021219160e+01
4.1800796986265055e+01
7.6460760474627264e+01
1.1442654623041736e+02
1.5323880195100770e+02
1.9240339985091748e+02
2.3174745485594102e+02
2.7119773720230523e+02
3.1065398034878558e+02
3.5015969103225689e+02
3.8970320178114787e+02
3.5018114849240618e+02
3.1065398031939498e+02
2.7117652023792539e+02
2.3173694775030523e+02
1.9240341759425814e+02
1.5324900014437267e+02
1.1441673461003354e+02
7.6460752537567089e+01
4.1800796986516900e+01
2.8184488021168924e+01
5.4657333463345566e+01
9.1249563492829481e+01
1.2964769049601557e+02
1.6864934125735888e+02
2.0789337440243071e+02
2.4725909467028930e+02
2.8672596065358368e+02
3.2623126975433411e+02
3.6575897590666568e+02
4.0529929131293909e+02
3.6577027488304702e+02
3.2625393258344474e+02
2.8672596065357953e+02
2.4727053560278691e+02
2.0788189779941419e+02
1.6864934125729923e+02
1.2965933836602639e+02
9.1249563492749559e+01
5.4657333463329209e+01
2.8184488021298872e+01
