0.0000000000000000e+00
1.6392576185353381e-10
6.9667350125678567e-10
-8.2520622278967025e-03
6.3794769990039863e-09
4.1401302542991181e-06
-8.2437860452470833e-03
-2.4747902434770444e-02
-5.0415161297644976e-04
-3.1429572869777608e-04
-3.2373001969901085e-03
4.1554738112235584e-08
-5.0096608301585877e-03
-1.8262287373747681e-02
1.7974822083305363e-08
1.0000229550113794e-02
9.4840629432852598e-10
3.9252014160251628e-09
-8.2479315451640701e-03
6.5377788819124793e-09
-4.1153144057088343e-06
8.5710917122776813e-10
8.8697436855119431e-10
-8.2479375511599062e-03
6.6235215765361219e-09
-4.1090941820538201e-06
-8.2561595467848595e-03
6.7220350124682614e-09
4.1059905398711478e-06
-8.2397368178733534e-03
1.6977012613814870e-03
2.6657388709124995e-08
-9.9490408724078119e-03
7.7255002612473083e-09
1.7004508873495622e-03
-4.8518366002964558e-03
4.6080504544580239e-09
-3.3947549674538998e-03
1.3652269557486909e-09
4.0713547780919413e-10
9.4562334734594956e-10
1.0053957391509118e-09
9.6381418747583898e-10
-8.2520625161915297e-03
6.6231979388203722e-09
4.1409337581609696e-06
-8.2437845290204460e-03
-2.4747900326410530e-02
2.5900545740425981e-08
1.6508262016880795e-02
2.4772693354687715e-02
1.2287261932202473e-07
1.1768534214117986e-08
-8.2480378677303595e-03
6.7317095941980017e-09
-4.0084555723083691e-06
-8.2559584379596450e-03
6.8513034345406805e-09
3.9050821816368830e-06
1.0982754389758243e-09
1.1352821509500290e-09
1.1847451735259964e-09
1.0320572310600691e-09
-8.2479374586673839e-03
6.8470441171238290e-09
-4.1087651605476070e-06
-8.2561593633522778e-03
6.7750017668444173e-09
4.1060764425747070e-06
-8.2397367782434082e-03
-2.4727402132629386e-02
1.8770175579303420e-08
1.6487731399296029e-02
6.7884443688035345e-09
6.6969144875651406e-09
-8.2520568222698466e-03
6.7938905671618092e-09
4.1354898997003424e-06
1.1555297478355469e-09
1.1992309555464002e-09
1.1807608789560261e-09
1.3097478547814374e-09
1.2476273420771474e-09
-8.2520621903102546e-03
7.0465724400600017e-09
4.1413962352227060e-06
-8.2437841822987704e-03
-2.4747900052376627e-02
2.6219090290243929e-08
1.6508262282056055e-02
2.4772693772892651e-02
1.2316852006006288e-07
1.2077926758997394e-08
-8.2480375295617327e-03
7.1505684784186266e-09
-4.0080398158134774e-06
-8.2559581275071202e-03
7.0944493635535866e-09
3.9052388935386086e-06
1.4169007448703637e-09
1.4576561630784326e-09
1.4735937471473781e-09
1.4659858790110920e-09
-8.2479369453240300e-03
7.2151853224313316e-09
-4.1084995506804004e-06
-8.2561590562783196e-03
7.3279723656814367e-09
4.1064647552489740e-06
-8.2397362529443591e-03
-2.4727401573800548e-02
1.9367834115132631e-08
1.6487731925770889e-02
7.4489396764543593e-09
7.5643556617574567e-09
-8.2520559354235089e-03
7.6392477109313202e-09
4.1362091396482196e-06
1.8448195339903528e-09
1.8272827639710735e-09
1.8949185969683424e-09
1.8386712690088326e-09
1.8094696037062523e-09
-8.2520617302119029e-03
7.4494711567247268e-09
4.1416788628955614e-06
-8.2437839750619506e-03
-2.4747899779153794e-02
2.6464434035551952e-08
1.6508262483314745e-02
2.4772694081473340e-02
1.2348333543905833e-07
1.2362090652049593e-08
-8.2480372465522263e-03
7.4114908096741480e-09
-4.0077854242751185e-06
-8.2559579229119825e-03
7.4462607160965126e-09
3.9056242363944791e-06
1.7228599532466136e-09
1.7377044625887657e-09
1.8106835403729408e-09
1.8515966854883508e-09
-8.2479366359182391e-03
7.5130020982551302e-09
-4.1082237284065263e-06
-8.2561587643993437e-03
7.5079499524538576e-09
4.1066961319768861e-06
-8.2397361038742695e-03
-2.4727401460065180e-02
1.9561341054469981e-08
1.6487732201757185e-02
7.6770188270435312e-09
7.6754534878166535e-09
-8.2520558220815186e-03
7.6643976949395847e-09
4.1362764432165735e-06
1.9682602835577890e-09
1.9700586166206588e-09
2.0379801218147045e-09
