0.0000000000000000e+00
-4.0000000002097868e-04
-8.0000000001612494e-04
-1.2001600640391729e-03
-1.6000000001420945e-03
-1.9999998721693217e-03
-2.4001598081227035e-03
-2.9600266767886465e-03
-4.2725990727113319e-03
-5.7344839964677905e-03
-7.2268953189651014e-03
-7.4453789966599558e-03
-7.4891080644641679e-03
-7.4978197864817870e-03
-7.4995638826570992e-03
-7.5013079818745162e-03
-7.5030520841335045e-03
-7.5022649300550068e-03
-7.5014777765968557e-03
-7.5022649290912239e-03
-7.5030520822062423e-03
-7.1023385518910499e-03
-6.7017855285943506e-03
-6.3023385525330846e-03
-5.9023385519750091e-03
-5.5024984874448724e-03
-5.1023385515051138e-03
-4.7023386794909751e-03
-4.3023385513813669e-03
-3.9023385513816014e-03
-3.5023385513815635e-03
-3.5023385513871679e-03
-3.5023385513927698e-03
-3.5023385513977224e-03
-3.5023385514029253e-03
-3.5023385514086690e-03
-3.5023385514151321e-03
-3.5023385514207765e-03
-3.5023385514262387e-03
-3.5023385513670985e-03
-3.5023385513077922e-03
-3.1023385513882021e-03
-2.7023385513828260e-03
-2.3024984874050703e-03
-1.9023385515079413e-03
-1.5023386795351577e-03
-1.1024987434875605e-03
-7.0233855150706273e-04
-3.0233842365695276e-04
9.7501768063386343e-05
4.9718215150035597e-04
4.9766144307757760e-04
4.9814073442471342e-04
4.9766144807360214e-04
4.9718216149206309e-04
4.9766144807319882e-04
4.9814073442472427e-04
4.9766144807320998e-04
4.9718216149168947e-04
4.9766144807269303e-04
4.9814073442495433e-04
9.7500731191771056e-05
-3.0233855200070586e-04
-7.0233777059558293e-04
-1.1024970525930836e-03
-1.5023385514473350e-03
-1.9023399874767075e-03
-2.3025014886833232e-03
-2.7023385516007853e-03
-3.1023385513585010e-03
-3.5023385513819716e-03
-3.5023385513877139e-03
-3.5023385513934090e-03
-3.5023385513987893e-03
-3.5023385514041964e-03
-3.5023385514099878e-03
-3.5023385514150254e-03
-3.5023385514206858e-03
-3.5023385514258497e-03
-3.5023385513660234e-03
-3.5023385513060154e-03
