0.0000000000000000e+00
1.0000000000568904e-04
2.0000000000893988e-04
2.9999000101229645e-04
4.0000000008175190e-04
4.9999999815219468e-04
5.9998999722285398e-04
7.8000167026592892e-04
1.3360407193579167e-03
1.9672318873580875e-03
2.6134472708312182e-03
2.7226894973494723e-03
2.7445400569536208e-03
2.7489093328964616e-03
2.7497819190656931e-03
2.7506545044735514e-03
2.7515270891202374e-03
2.7511324628106994e-03
2.7507378363447734e-03
2.7511324628692307e-03
2.7515270892382211e-03
2.6511692759911701e-03
2.5508013900422954e-03
2.4511692754816930e-03
2.3511692756424244e-03
2.2511592748036928e-03
2.1511692757634703e-03
2.0511692777237267e-03
1.9511692756898611e-03
1.8511692756894055e-03
1.7511692756893905e-03
1.7511692756853980e-03
1.7511692756816280e-03
1.7511692756778212e-03
1.7511692756739122e-03
1.7511692756698510e-03
1.7511692756656987e-03
1.7511692756611713e-03
1.7511692756566476e-03
1.7511692756784225e-03
1.7511692756997190e-03
1.6511692756835078e-03
1.5511692756876344e-03
1.4511592746911061e-03
1.3511692757601683e-03
1.2511692778298458e-03
1.1511592789000243e-03
1.0511692757600517e-03
9.5116927361916137e-04
8.5115927047787760e-04
7.5113926433589221e-04
7.5116927538030156e-04
7.5119928642427170e-04
7.5116927600541253e-04
7.5113926558537949e-04
7.5116927600453313e-04
7.5119928642336346e-04
7.5116927600554014e-04
7.5113926558611642e-04
7.5116927600571350e-04
7.5119928642482692e-04
8.5118444018262836e-04
9.5116927596381742e-04
1.0511441157772456e-03
1.1511089616210194e-03
1.2511692757955586e-03
1.3512195789057236e-03
1.4512598729546917e-03
1.5511692757018579e-03
1.6511692756816900e-03
1.7511692756887202e-03
1.7511692756852419e-03
1.7511692756818210e-03
1.7511692756785884e-03
1.7511692756755994e-03
1.7511692756717314e-03
1.7511692756689726e-03
1.7511692756656443e-03
1.7511692756622813e-03
1.7511692756802832e-03
1.7511692756986975e-03
