0.0000000000000000e+00
1.0000000000565927e-04
2.0000000000928119e-04
2.9999000101309345e-04
4.0000000008233764e-04
4.9999999815223306e-04
5.9998999722191127e-04
7.8000167026571077e-04
1.3360407193586102e-03
1.9672318873593616e-03
2.6134472708317031e-03
2.7226894973503878e-03
2.7445400569549080e-03
2.7489093328974586e-03
2.7497819190673905e-03
2.7506545044755229e-03
2.7515270891220155e-03
2.7511324628118226e-03
2.7507378363462363e-03
2.7511324628708570e-03
2.7515270892400755e-03
2.6511692759927587e-03
2.5508013900437127e-03
2.4511692754835661e-03
2.3511692756443287e-03
2.2511592748055941e-03
2.1511692757651951e-03
2.0511692777255134e-03
1.9511692756919957e-03
1.8511692756918129e-03
1.7511692756912453e-03
1.7511692756877536e-03
1.7511692756843023e-03
1.7511692756808084e-03
1.7511692756772656e-03
1.7511692756734011e-03
1.7511692756696545e-03
1.7511692756658342e-03
1.7511692756620758e-03
1.7511692756816744e-03
1.7511692757006590e-03
1.6511692756869807e-03
1.5511692756909239e-03
1.4511592746943650e-03
1.3511692757642683e-03
1.2511692778336191e-03
1.1511592789046456e-03
1.0511692757648097e-03
9.5116927362449153e-04
8.5115927048407198e-04
7.5113926434186486e-04
7.5116927538596261e-04
7.5119928642943684e-04
7.5116927601086986e-04
7.5113926559146761e-04
7.5116927601072219e-04
7.5119928642924851e-04
7.5116927601098738e-04
7.5113926559251679e-04
7.5116927601176085e-04
7.5119928642944779e-04
8.5118444018707077e-04
9.5116927596826514e-04
1.0511441157815726e-03
1.1511089616257743e-03
1.2511692758006006e-03
1.3512195789106159e-03
1.4512598729602367e-03
1.5511692757067725e-03
1.6511692756866214e-03
1.7511692756927047e-03
1.7511692756896479e-03
1.7511692756855685e-03
1.7511692756819798e-03
1.7511692756792484e-03
1.7511692756756927e-03
1.7511692756724258e-03
1.7511692756688368e-03
1.7511692756654869e-03
1.7511692756849043e-03
1.7511692757041348e-03
