0.0000000000000000e+00
0.0000000000000000e+00
0.0000000000000000e+00
0.0000000000000000e+00
0.0000000000000000e+00
0.0000000000000000e+00
0.0000000000000000e+00
1.6001370626811916e-04
1.0723101031033773e-03
2.1344730703723698e-03
3.2268949373947349e-03
3.4453789936638741e-03
3.4890924429751050e-03
3.4978191589839390e-03
3.4995638579203695e-03
3.5009249306477658e-03
3.5022649261146027e-03
3.5022649261146027e-03
3.5022649261146027e-03
3.5022649261146027e-03
3.5023385513643958e-03
3.5023385513643958e-03
3.5023385513643958e-03
3.5023385513643958e-03
3.5023385513643958e-03
3.5023385513643958e-03
3.5023385513643958e-03
3.5023385513643958e-03
3.5023385513643958e-03
3.5023385513643958e-03
3.5023385513643958e-03
3.5023385513643958e-03
3.5023385513643958e-03
3.5023385513643958e-03
3.5023385513643958e-03
3.5023385513643958e-03
3.5023385513643958e-03
3.5023385513643958e-03
3.5023385513643958e-03
3.5023385513643958e-03
3.5023385513643958e-03
3.5023385513643958e-03
3.5023385513643958e-03
3.5023385513643958e-03
3.5023385513643958e-03
3.5023385513643958e-03
3.5023385513643958e-03
3.5023385513643958e-03
3.5023385513643958e-03
3.5023385513643958e-03
3.5023385513643958e-03
3.5023385513643958e-03
3.5023385513643958e-03
3.5023385513643958e-03
3.5023385513643958e-03
3.5023385513643958e-03
3.5023385513643958e-03
3.5023385513643958e-03
3.5023385513643958e-03
3.5023385513643958e-03
3.5023385513643958e-03
3.5023385513643958e-03
3.5023385513643958e-03
3.5023385513643958e-03
3.5023385513643958e-03
3.5023385513643958e-03
3.5023385513643958e-03
3.5023385513643958e-03
3.5023385513643958e-03
3.5023385513643958e-03
3.5023385513643958e-03
3.5023385513643958e-03
3.5023385513643958e-03
3.5023385513643958e-03
3.5023385513643958e-03
3.5023385513643958e-03
3.5023385513643958e-03
3.5023385513643958e-03
3.5023385513643958e-03
3.5023385513643958e-03
3.5023385513643958e-03
