0.0000000000000000e+00
4.4000000002345438e+01
8.8000000002228603e+01
1.3201320572457576e+02
1.7600000001973805e+02
2.1999998858829042e+02
2.6401318287036554e+02
3.0800068531340582e+02
3.5201536809248751e+02
3.9600055248758474e+02
4.4000001616601264e+02
4.4000000030924605e+02
4.4000083221211634e+02
4.4000003351944582e+02
4.4000000130617900e+02
4.4005060795318417e+02
4.4010399699925233e+02
4.4000000032507330e+02
4.3989600369178100e+02
4.4000000024544028e+02
4.4009427830707341e+02
3.9600000007357102e+02
3.5191896005996153e+02
3.0800000008527144e+02
2.6400000005032217e+02
2.2001319429786923e+02
1.7600000001962150e+02
1.3200001145487784e+02
8.8000000002268578e+01
4.4000000002258872e+01
2.2469685171363844e-09
2.3994886743579552e-09
2.5819927677433614e-09
2.6930395145957201e-09
2.8193296118095806e-09
2.9756160285832534e-09
3.2036663342767797e-09
3.3342483787922910e-09
3.4621716737844895e-09
1.4421062544016752e-10
3.3855803808715943e-09
4.3999999997610608e+01
8.7999999997737547e+01
1.3198680571547200e+02
1.7599999998031177e+02
2.1999998853178755e+02
2.6398678280976412e+02
3.0799999998035628e+02
3.5200001141955107e+02
3.9598682856733853e+02
4.3996046285027995e+02
4.3999999953718833e+02
4.4003953620388717e+02
4.3999999992184382e+02
4.3996046361962755e+02
4.3999999992187281e+02
4.4003953620396851e+02
4.3999999992182109e+02
4.3996046361953944e+02
4.3999999992175401e+02
4.4003953620393952e+02
3.9598452238873904e+02
3.5199999991906532e+02
3.0800228277914238e+02
2.6399135952910132e+02
2.1999999998254415e+02
1.7599544693826743e+02
1.3197768895575356e+02
8.7999999977297449e+01
4.4000000000383558e+01
2.2618264554426556e-09
2.4843598764441257e-09
2.6635306347272151e-09
2.8496725747846544e-09
3.0617983018060246e-09
3.2432380218065136e-09
3.4230294526084708e-09
3.6204522635934107e-09
3.7585084245235332e-09
1.9783261251791907e-10
3.4698587755802489e-09
