0.0000000000000000e+00
7.4285577069685568e-11
9.0183751180335365e-10
-8.8026394366523923e-03
8.2476780665981065e-09
5.2993433617902083e-06
-8.7920463052160100e-03
-1.4828877175839619e-03
-3.2837128751329159e-02
-1.2987657927864733e-03
-5.1613456006188581e-05
-4.0633180940988371e-08
-1.7723033279859657e-03
-7.1010593522844329e-05
-2.8296532803154720e-06
1.6944636554766697e-02
3.4819234397939873e-02
-2.1674247855504858e-07
-3.4819722531852039e-02
-1.6397043253219722e-07
3.1579828943908483e-02
3.1279219128397567e-08
-4.0414870662712925e-02
-8.6563849032665814e-08
-3.3695452242785031e-08
-8.7973419871442936e-03
8.2617565129618655e-09
-5.2781244574962745e-06
7.8827537811036450e-10
7.2969209180407926e-10
6.9296118789072530e-10
-2.1158836082927061e-10
-1.0499014954366988e-09
-1.9015298926776997e-09
-2.7550057949341460e-09
-3.7080240190369392e-09
-4.6498816430052199e-09
-5.5988855439927630e-09
-6.4988156906297964e-09
-3.8172435182293535e-10
5.6937233193114933e-09
-3.4888507903159399e-10
5.8779597921692689e-10
-8.7973597889822765e-03
7.9548816100094175e-09
-5.2609961227383284e-06
-8.8078864523409850e-03
8.0976279860613396e-09
5.2567772071890038e-06
-8.7868603000851829e-03
-2.6371070052047696e-02
-2.9687426579408889e-07
2.6370466092257336e-02
3.2946431758694767e-08
-2.6370410495050088e-02
3.2871983084987715e-08
2.6370466008445899e-02
3.2985546429868727e-08
-2.6370410306817499e-02
3.3084110740188399e-08
2.6370466161020008e-02
-4.4026147353831320e-03
2.2271702837050638e-08
-4.3937887635322791e-03
-1.7589328099289554e-02
1.7075063446556523e-08
8.7901791462238546e-03
8.7758787589274842e-03
-6.1926315193744191e-09
9.5094522875865001e-10
1.0360590846303340e-09
2.3514982543289423e-10
-6.7365862936142652e-10
-1.4951813341014929e-09
-2.2458102832904179e-09
-3.1308858928221205e-09
-3.9008392761611516e-09
-4.7526825521516922e-09
-5.5961681239303458e-09
4.1325970479683411e-10
6.4185445337792726e-09
