2.9999999999999983e+02
2.9999999999999983e+02
2.9999999999999983e+02
2.9999999999999983e+02
2.9999999999999983e+02
2.9999999999999983e+02
2.9999999999999983e+02
3.0800068531340560e+02
3.5201536809248751e+02
3.9600055248758480e+02
4.4000001616601281e+02
4.4000000030924627e+02
4.4000083221211639e+02
4.4000003351944576e+02
4.4000000130617872e+02
4.4005060795318417e+02
4.4010399699925233e+02
4.4009059704458383e+02
4.4009059704458383e+02
4.4009059704458383e+02
4.4009427830707341e+02
4.4009354205457566e+02
4.4009354205457566e+02
4.4009354205457566e+02
4.4009354205457566e+02
4.4009354205457566e+02
4.4009354205457566e+02
4.4009354205457566e+02
4.4009354205457566e+02
4.4009354205457566e+02
4.4009354205457566e+02
4.4009354205457566e+02
4.4009354205457566e+02
4.4009354205457566e+02
4.4009354205457566e+02
4.4009354205457566e+02
4.4009354205457566e+02
4.4009354205457566e+02
4.4009354205457566e+02
4.4009354205457566e+02
4.4009354205457566e+02
4.4009354205457566e+02
4.4009354205457566e+02
4.4009354205457566e+02
4.4009354205457566e+02
4.4009354205457566e+02
4.4009354205457566e+02
4.4009354205457566e+02
4.4009354205457566e+02
4.4009354205457566e+02
4.4009354205457566e+02
4.4009354205457566e+02
4.4009354205457566e+02
4.4009354205457566e+02
4.4009354205457566e+02
4.4009354205457566e+02
4.4009354205457566e+02
4.4009354205457566e+02
4.4009354205457566e+02
4.4009354205457566e+02
4.4009354205457566e+02
4.4009354205457566e+02
4.4009354205457566e+02
4.4009354205457566e+02
4.4009354205457566e+02
4.4009354205457566e+02
4.4009354205457566e+02
4.4009354205457566e+02
4.4009354205457566e+02
4.4009354205457566e+02
4.4009354205457566e+02
4.4009354205457566e+02
4.4009354205457566e+02
4.4009354205457566e+02
4.4009354205457566e+02
4.4009354205457566e+02
4.4009354205457566e+02
4.4009354205457566e+02
4.4009354205457566e+02
4.4009354205457566e+02
4.4009354205457566e+02
