0.0000000000000000e+00
-4.4000000002269850e+01
-8.8000000001335735e+01
-1.3202200836403799e+02
-1.7600000001151182e+02
-2.1999998328894972e+02
-2.6402197491662872e+02
-3.0800216820111609e+02
-3.5204820522127176e+02
-3.9600185125341636e+02
-4.4000006777947260e+02
-4.4000000034989336e+02
-4.4000260451547319e+02
-4.4000010453006996e+02
-4.4000000413588464e+02
-4.4003366331668838e+02
-4.4006917776490712e+02
-4.4000000054182107e+02
-4.3993082341432614e+02
-4.4000000040942530e+02
-4.4006269847815332e+02
-3.9600000004229872e+02
-3.5195937493064059e+02
-3.0800000017187159e+02
-2.6400000008406005e+02
-2.2002199163989670e+02
-1.7600000001139327e+02
-1.3200001673302813e+02
-8.8000000001524242e+01
-4.4000000001581142e+01
-1.6005201678291661e-09
-2.6712889101680811e-09
-3.7087280943320237e-09
-4.6919960241982857e-09
-5.6942947861823127e-09
-6.7950965567607324e-09
-7.9851801889051071e-09
-9.0876769070731052e-09
-1.0147470997223008e-08
-5.3392182783091430e-10
9.0740222548548260e-09
4.3999999997145316e+01
8.7999999998211592e+01
1.3197800835557018e+02
1.7599999998811631e+02
2.1999998327064176e+02
2.6397797492312526e+02
3.0799999998826536e+02
3.5200001667610417e+02
3.9597804170678762e+02
4.3993409177998126e+02
4.3999999924008671e+02
4.4006590666976729e+02
4.3999999995456778e+02
4.3993409320889282e+02
4.3999999995450639e+02
4.4006590666976120e+02
4.3999999995459677e+02
4.3993409320898814e+02
4.3999999995460325e+02
4.4006590666993094e+02
3.9598011977383368e+02
3.5199999994117081e+02
3.0799788899022110e+02
2.6397377020080955e+02
2.1999999999942187e+02
1.7600423711723246e+02
1.3198646483430034e+02
8.7999999970917713e+01
4.4000000001135028e+01
-1.3787085728210777e-09
-2.4083683022352003e-09
-3.4729622328896585e-09
-4.4723733614962283e-09
-5.4392338619503230e-09
-6.5237745212830018e-09
-7.4526891070468120e-09
-8.4866184611396712e-09
-9.4637373247902574e-09
7.8142917250148088e-11
9.6663591883789932e-09
