0.0000000000000000e+00
7.6904062990227029e-11
8.8388450175422823e-10
-8.8026394877570094e-03
8.2046344427899974e-09
5.2993381505851388e-06
-8.7920462209292033e-03
-1.4828877031248509e-03
-3.2837128817077670e-02
-1.2987658712539471e-03
-5.1613463848366470e-05
-4.0660857710720352e-08
-1.7723033857339194e-03
-7.1010655046650168e-05
-2.8297580487227197e-06
1.6944636436811170e-02
3.4819234292364901e-02
-2.1675265618763901e-07
-3.4819722558832394e-02
-1.6399940661924827e-07
3.1579828895876717e-02
3.1265506398578988e-08
-4.0414870695052868e-02
-8.6636560338074608e-08
-3.3780252699694812e-08
-8.7973420679571205e-03
8.1946693740304616e-09
-5.2781760800870692e-06
7.0044996169368997e-10
6.2566217922591681e-10
5.9475442412006739e-10
-3.3649116328969620e-10
-1.2085408304655985e-09
-2.1044430314421835e-09
-3.0107573722632527e-09
-3.9457161119553182e-09
-4.9339391956569215e-09
-5.9334773283771729e-09
-6.9062605642016872e-09
-5.6268831973382311e-10
5.7012171418115487e-09
-5.8166960237513952e-10
3.6044741167316446e-10
-8.7973600147894133e-03
7.6540632309075876e-09
-5.2612951416422805e-06
-8.8078868255903140e-03
7.7209687625095526e-09
5.2563291589771805e-06
-8.7868608014075172e-03
-2.6371070545461853e-02
-2.9732856571595562e-07
2.6370465668409390e-02
3.2501363837366529e-08
-2.6370410974148755e-02
3.2395109871800698e-08
2.6370465576896651e-02
3.2566301602741315e-08
-2.6370410795470690e-02
3.2614185153587653e-08
2.6370465822323438e-02
-4.4026150762812247e-03
2.1939080716545369e-08
-4.3937890790840227e-03
-1.7589328484420342e-02
1.6680198319358140e-08
8.7901787839097141e-03
8.7758783346370585e-03
-6.5669774638314248e-09
5.5199335652512411e-10
7.1873104693058254e-10
-9.6011319645569431e-11
-9.5382352719679919e-10
-1.7552948300971311e-09
-2.5154147068410752e-09
-3.4383962337839667e-09
-4.1614222075486457e-09
-4.9820231990073480e-09
-5.8135956892017627e-09
4.4403638571867765e-11
5.9692452017444139e-09
