0.0000000000000000e+00
-8.0000000033825149e-04
-1.6000000002501838e-03
-2.4000000002503785e-03
-4.4682926896074723e-03
-7.4455681160314020e-03
-7.4986726865660137e-03
-7.4999704366367492e-03
-7.5012681883934729e-03
-7.5025659418332599e-03
-7.5019616178829285e-03
-6.7019616138247326e-03
-5.9019616137370541e-03
-5.1019616137364769e-03
-4.3019616137369692e-03
-3.5019616134874198e-03
-3.5019616134877320e-03
-3.5019616134873374e-03
-3.5019616134860996e-03
-3.5019616134864726e-03
-3.5019616134865537e-03
-2.7019616138231270e-03
-1.9019616137349526e-03
-1.1019616137355303e-03
-3.0196161373540896e-04
4.9803838626374898e-04
4.9803837450152584e-04
4.9803836273895922e-04
4.9803835097669542e-04
4.9803833921381493e-04
4.9803832745074525e-04
-3.0196161382616503e-04
-1.1019616137371449e-03
-1.9019616137377197e-03
-2.7019616137381099e-03
-3.5019616134874670e-03
-3.5019616134875130e-03
-3.5019616134876514e-03
-3.5019616134877515e-03
-3.5019616134882464e-03
-3.5019616134887191e-03
-4.3019616138263135e-03
-5.1019616137380087e-03
-5.9019616137375580e-03
-6.7019616137373988e-03
-7.5019616137377669e-03
-7.5013403659965634e-03
-7.5019616154959994e-03
-7.5025828653800478e-03
-7.5020628974682528e-03
-7.5015429298266522e-03
-6.7020628929424422e-03
-5.9020628940471623e-03
-5.1020628928564486e-03
-4.3020628928571196e-03
-3.5020628926081786e-03
-3.5020628926081265e-03
-3.5020628926077310e-03
-3.5020628926077319e-03
-3.5020628926071213e-03
-3.5020628926068715e-03
-2.7020628929452554e-03
-1.9020628928572249e-03
-1.1020628928569694e-03
-3.0206289285691885e-04
4.9793710714314348e-04
4.9793709461580754e-04
4.9793708208923770e-04
4.9793706956181047e-04
4.9793705703577600e-04
4.9793704450898390e-04
-3.0206289294667653e-04
-1.1020628928587082e-03
-1.9020628928589547e-03
-2.7020628928590478e-03
-3.5020628926083126e-03
-3.5020628926081907e-03
-3.5020628926084505e-03
-3.5020628926092706e-03
-3.5020628926095377e-03
-3.5020628926098404e-03
-4.3020628929478846e-03
-5.1020628928593152e-03
-5.9020628928597120e-03
-6.7020628928593940e-03
-7.5020628928593467e-03
-7.5020628932794637e-03
-7.5020628936995331e-03
-7.5020628941191159e-03
-7.5020628945386891e-03
-7.5020628949593977e-03
-6.7020628929466732e-03
-5.9020628928584239e-03
-5.1020628928582753e-03
-4.3020628928584909e-03
-3.5020628926089922e-03
-3.5020628926096223e-03
-3.5020628926095642e-03
-3.5020628926100365e-03
-3.5020628926096592e-03
-3.5020628926088725e-03
-2.7020628929454601e-03
-1.9020628928577039e-03
-1.1020628928578116e-03
-3.0206289285760835e-04
4.9793710714284315e-04
4.9793709461557812e-04
4.9793708208795834e-04
4.9793706956083371e-04
4.9793705703347652e-04
4.9793704450722034e-04
-3.0206289294733464e-04
-1.1020628928587939e-03
-1.9020628928588898e-03
-2.7020628928588297e-03
-3.5020628926083763e-03
-3.5020628926090073e-03
-3.5020628926096175e-03
-3.5020628926100607e-03
-3.5020628926096631e-03
-3.5020628926098144e-03
-4.3020628929457388e-03
-5.1020628928577418e-03
-5.9020628928572825e-03
-6.7020628928573548e-03
-7.5020628928577108e-03
-7.5020628932776197e-03
-7.5020628936975841e-03
-7.5020628941177298e-03
-7.5020628945375849e-03
-7.5020628949579145e-03
-6.7020628929446314e-03
-5.9020628928568722e-03
-5.1020628928569499e-03
-4.3020628928572028e-03
-3.5020628926088443e-03
-3.5020628926087016e-03
-3.5020628926090494e-03
-3.5020628926092146e-03
-3.5020628926096128e-03
-3.5020628926093686e-03
-2.7020628929462888e-03
-1.9020628928587248e-03
-1.1020628928592475e-03
-3.0206289285862739e-04
4.9793710714173922e-04
4.9793709461453360e-04
4.9793708208801483e-04
4.9793706956160729e-04
4.9793705703536195e-04
4.9793704450865127e-04
-3.0206289294683786e-04
-1.1020628928594348e-03
-1.9020628928594812e-03
-2.7020628928591957e-03
-3.5020628926089267e-03
-3.5020628926096852e-03
-3.5020628926100651e-03
-3.5020628926102932e-03
-3.5020628926112646e-03
-3.5020628926115197e-03
