0.0000000000000000e+00
2.0000000008920152e-04
4.0000000014636428e-04
6.0000000014644780e-04
1.4341463446721982e-03
2.7227840579887208e-03
2.7493363148057511e-03
2.7499840208945908e-03
2.7506317265636481e-03
2.7512794318140686e-03
2.7509808064682239e-03
2.5509808068311132e-03
2.3509808068887103e-03
2.1509808068887327e-03
1.9509808068892448e-03
1.7509808067426112e-03
1.7509808067418696e-03
1.7509808067410321e-03
1.7509808067408936e-03
1.7509808067402248e-03
1.7509808067403632e-03
1.5509808068302493e-03
1.3509808068867201e-03
1.1509808068864927e-03
9.5098080688578110e-04
7.5098080688603373e-04
7.5098080628397236e-04
7.5098080568127771e-04
7.5098080507920442e-04
7.5098080447630279e-04
7.5098080387415555e-04
9.5098080682808517e-04
1.1509808068855480e-03
1.3509808068847395e-03
1.5509808068853159e-03
1.7509808067383045e-03
1.7509808067382292e-03
1.7509808067386248e-03
1.7509808067387395e-03
1.7509808067388392e-03
1.7509808067385196e-03
1.9509808068281114e-03
2.1509808068857742e-03
2.3509808068861329e-03
2.5509808068851546e-03
2.7509808068847987e-03
2.7505113097245288e-03
2.7509808064163548e-03
2.7514503028870868e-03
2.7510314459959226e-03
2.7506125889296229e-03
2.5510314463882819e-03
2.3510314463502757e-03
2.1510314464460428e-03
1.9510314464458943e-03
1.7510314463001061e-03
1.7510314463001025e-03
1.7510314462999611e-03
1.7510314462990523e-03
1.7510314462979896e-03
1.7510314462982472e-03
1.5510314463883547e-03
1.3510314464454558e-03
1.1510314464450960e-03
9.5103144644535505e-04
7.5103144644599973e-04
7.5103144580459190e-04
7.5103144516400547e-04
7.5103144452194192e-04
7.5103144388135603e-04
7.5103144324013046e-04
9.5103144638748337e-04
1.1510314464451442e-03
1.3510314464442513e-03
1.5510314464439762e-03
1.7510314462983690e-03
1.7510314462983487e-03
1.7510314462986704e-03
1.7510314462979061e-03
1.7510314462978644e-03
1.7510314462974986e-03
1.9510314463864400e-03
2.1510314464439090e-03
2.3510314464436242e-03
2.5510314464433836e-03
2.7510314464431486e-03
2.7510314461961379e-03
2.7510314459500149e-03
2.7510314457034088e-03
2.7510314454567510e-03
2.7510314452099996e-03
2.5510314463844234e-03
2.3510314464412346e-03
2.1510314464412029e-03
1.9510314464410395e-03
1.7510314462951177e-03
1.7510314462944889e-03
1.7510314462955406e-03
1.7510314462948174e-03
1.7510314462942968e-03
1.7510314462951893e-03
1.5510314463829384e-03
1.3510314464404225e-03
1.1510314464402167e-03
9.5103144644082427e-04
7.5103144644066784e-04
7.5103144579963959e-04
7.5103144515794077e-04
7.5103144451751046e-04
7.5103144387653740e-04
7.5103144323635115e-04
9.5103144638342086e-04
1.1510314464409129e-03
1.3510314464407753e-03
1.5510314464407466e-03
1.7510314462947625e-03
1.7510314462942595e-03
1.7510314462940092e-03
1.7510314462935920e-03
1.7510314462940801e-03
1.7510314462936662e-03
1.9510314463849745e-03
2.1510314464416552e-03
2.3510314464425287e-03
2.5510314464429981e-03
2.7510314464427102e-03
2.7510314461956513e-03
2.7510314459492698e-03
2.7510314457027518e-03
2.7510314454563221e-03
2.7510314452101033e-03
2.5510314463862934e-03
2.3510314464436355e-03
2.1510314464435847e-03
1.9510314464435967e-03
1.7510314462967991e-03
1.7510314462967705e-03
1.7510314462967937e-03
1.7510314462970866e-03
1.7510314462969388e-03
1.7510314462965888e-03
1.5510314463860907e-03
1.3510314464426263e-03
1.1510314464423404e-03
9.5103144644279524e-04
7.5103144644297827e-04
7.5103144580241201e-04
7.5103144516185105e-04
7.5103144452096679e-04
7.5103144388067645e-04
7.5103144324000339e-04
9.5103144638634019e-04
1.1510314464425885e-03
1.3510314464428162e-03
1.5510314464426559e-03
1.7510314462964741e-03
1.7510314462969735e-03
1.7510314462964396e-03
1.7510314462962683e-03
1.7510314462957136e-03
1.7510314462955345e-03
