0.0000000000000000e+00
2.0000000008936049e-04
4.0000000014677720e-04
6.0000000014697841e-04
1.4341463446728400e-03
2.7227840579899356e-03
2.7493363148069871e-03
2.7499840208960341e-03
2.7506317265651265e-03
2.7512794318154685e-03
2.7509808064698901e-03
2.5509808068328748e-03
2.3509808068903626e-03
2.1509808068898720e-03
1.9509808068898377e-03
1.7509808067431680e-03
1.7509808067426413e-03
1.7509808067427525e-03
1.7509808067428224e-03
1.7509808067424542e-03
1.7509808067423037e-03
1.5509808068325489e-03
1.3509808068890208e-03
1.1509808068887349e-03
9.5098080688873186e-04
7.5098080688821461e-04
7.5098080628630275e-04
7.5098080568460990e-04
7.5098080508239880e-04
7.5098080448037711e-04
7.5098080387808969e-04
9.5098080683134396e-04
1.1509808068887900e-03
1.3509808068883078e-03
1.5509808068881414e-03
1.7509808067417050e-03
1.7509808067420393e-03
1.7509808067420422e-03
1.7509808067420864e-03
1.7509808067418600e-03
1.7509808067415677e-03
1.9509808068311784e-03
2.1509808068887327e-03
2.3509808068890334e-03
2.5509808068885369e-03
2.7509808068889507e-03
2.7505113097287181e-03
2.7509808064206495e-03
2.7514503028915919e-03
2.7510314460004919e-03
2.7506125889341063e-03
2.5510314463924773e-03
2.3510314463543831e-03
2.1510314464495395e-03
1.9510314464497476e-03
1.7510314463037480e-03
1.7510314463037530e-03
1.7510314463034110e-03
1.7510314463035222e-03
1.7510314463031950e-03
1.7510314463032974e-03
1.5510314463928877e-03
1.3510314464501569e-03
1.1510314464498921e-03
9.5103144645010288e-04
7.5103144644982599e-04
7.5103144580876381e-04
7.5103144516813834e-04
7.5103144452741822e-04
7.5103144388723132e-04
7.5103144324688178e-04
9.5103144639302830e-04
1.1510314464493838e-03
1.3510314464487572e-03
1.5510314464485234e-03
1.7510314463023593e-03
1.7510314463031248e-03
1.7510314463031573e-03
1.7510314463041305e-03
1.7510314463045310e-03
1.7510314463046587e-03
1.9510314463918081e-03
2.1510314464491856e-03
2.3510314464488201e-03
2.5510314464492166e-03
2.7510314464494717e-03
2.7510314462016365e-03
2.7510314459549571e-03
2.7510314457088771e-03
2.7510314454617046e-03
2.7510314452152016e-03
2.5510314463917322e-03
2.3510314464486462e-03
2.1510314464487936e-03
1.9510314464483646e-03
1.7510314463022368e-03
1.7510314463018712e-03
1.7510314463017066e-03
1.7510314463025280e-03
1.7510314463031066e-03
1.7510314463035233e-03
1.5510314463935346e-03
1.3510314464498558e-03
1.1510314464493201e-03
9.5103144644987021e-04
7.5103144645050416e-04
7.5103144580942723e-04
7.5103144516828200e-04
7.5103144452801909e-04
7.5103144388686638e-04
7.5103144324588464e-04
9.5103144639351110e-04
1.1510314464501486e-03
1.3510314464500494e-03
1.5510314464501026e-03
1.7510314463032306e-03
1.7510314463026436e-03
1.7510314463021692e-03
1.7510314463022039e-03
1.7510314463018450e-03
1.7510314463020336e-03
1.9510314463916686e-03
2.1510314464483768e-03
2.3510314464495869e-03
2.5510314464494343e-03
2.7510314464487943e-03
2.7510314462026713e-03
2.7510314459554402e-03
2.7510314457088719e-03
2.7510314454630581e-03
2.7510314452164637e-03
2.5510314463914937e-03
2.3510314464482472e-03
2.1510314464483599e-03
1.9510314464490301e-03
1.7510314463016641e-03
1.7510314463010711e-03
1.7510314463006658e-03
1.7510314463010340e-03
1.7510314463012675e-03
1.7510314463012959e-03
1.5510314463888432e-03
1.3510314464466673e-03
1.1510314464462101e-03
9.5103144644614456e-04
7.5103144644639796e-04
7.5103144580535160e-04
7.5103144516457153e-04
7.5103144452336938e-04
7.5103144388222979e-04
7.5103144324092886e-04
9.5103144638880436e-04
1.1510314464456982e-03
1.3510314464452856e-03
1.5510314464449366e-03
1.7510314462986279e-03
1.7510314462991731e-03
1.7510314462993572e-03
1.7510314462998962e-03
1.7510314462997512e-03
1.7510314462995495e-03
