0.0000000000000000e+00
8.8000000037622826e+01
1.7600000003491249e+02
2.6400000003494097e+02
3.5200000020625521e+02
4.4000000005234648e+02
4.4000000858780237e+02
4.4000006300140046e+02
4.4003964719020746e+02
4.4007945990054748e+02
4.4000000036248389e+02
3.5200000003730855e+02
2.6400000003465766e+02
1.7600000003459786e+02
8.8000000034656779e+01
1.7197561000596857e-10
1.1518643240370599e-10
1.9838535342789707e-10
2.4885581599466424e-10
2.3390741129380732e-10
2.0386228346445384e-10
8.7999999962833087e+01
1.7599999996561615e+02
2.6399999996559467e+02
3.5199999996561235e+02
4.3999999996554703e+02
4.3999999898344265e+02
4.3999999800133190e+02
4.3999999701922212e+02
4.3999999603711478e+02
4.3999999505494657e+02
3.5199999996267002e+02
2.6399999996545193e+02
1.7599999996546555e+02
8.7999999965419732e+01
2.7931645605611169e-10
2.7719251895937536e-10
2.4085766688277037e-10
2.1237901592248761e-10
1.8816123944517402e-10
1.4461559465841704e-10
8.8000000037319509e+01
1.7600000003461204e+02
2.6400000003459797e+02
3.5200000003452072e+02
4.4000000003457137e+02
4.3990401448324599e+02
4.4000000014809177e+02
4.4008261698345586e+02
4.4000000040078487e+02
4.3991738382648276e+02
3.5200000003704127e+02
2.6400000013090931e+02
1.7600000003453960e+02
8.8000000034591210e+01
8.2355274132934709e-11
6.4332276442393492e-11
4.1774006940912351e-11
9.1148181870243525e-11
1.7240762079146528e-10
1.4955691101897248e-10
8.7999999962678203e+01
1.7599999996541035e+02
2.6399999996544790e+02
3.5199999996543255e+02
4.3999999996540708e+02
4.3999999891939547e+02
4.3999999787341937e+02
4.3999999682745721e+02
4.3999999578151881e+02
4.3999999473554385e+02
3.5199999996251427e+02
2.6399999996524900e+02
1.7599999996529417e+02
8.7999999965306287e+01
2.0267001784962971e-10
1.8839819692652170e-10
1.8130496230857163e-10
2.2465319094841403e-10
2.7402897567246673e-10
2.9839058555780367e-10
8.8000000037446668e+01
1.7600000003471231e+02
2.6400000003471484e+02
3.5200000003469921e+02
4.4000000003469728e+02
4.4000000004991051e+02
4.4000000006518053e+02
4.4000000008042736e+02
4.4000000009561501e+02
4.4000000011093044e+02
3.5200000003727115e+02
2.6400000003450299e+02
1.7600000003450816e+02
8.8000000034476955e+01
2.6170393262149311e-10
3.2681786242329612e-10
3.4346408895430825e-10
3.4677149556271456e-10
4.0422031990067179e-10
4.0408017239293678e-10
8.7999999962832945e+01
1.7599999996553908e+02
2.6399999996555255e+02
3.5199999996552003e+02
4.3999999996553419e+02
4.3999999891955974e+02
4.3999999787357160e+02
4.3999999682755004e+02
4.3999999578156769e+02
4.3999999473561121e+02
3.5199999996262682e+02
2.6399999996540691e+02
1.7599999996540913e+02
8.7999999965410765e+01
2.0249290989456919e-10
1.4584924020647722e-10
8.5623955419049077e-11
3.5994811856998071e-11
1.0240368606777641e-11
-5.1249935621246443e-11
8.8000000037264414e+01
1.7600000003451848e+02
2.6400000003456523e+02
3.5200000003459093e+02
4.4000000003457927e+02
4.4000000004985628e+02
4.4000000006509470e+02
4.4000000008037131e+02
4.4000000009565724e+02
4.4000000011096608e+02
3.5200000003723352e+02
2.6400000003452442e+02
1.7600000003455258e+02
8.8000000034595942e+01
8.5412703952505618e-11
1.0474696004326522e-10
1.0896121493763990e-10
1.0592059795442504e-10
1.1333479683968478e-10
1.3646760764849178e-10
8.7999999962734648e+01
1.7599999996540649e+02
2.6399999996538520e+02
3.5199999996542124e+02
4.3999999996541970e+02
4.3999999891942241e+02
4.3999999787349577e+02
4.3999999682759170e+02
4.3999999578168047e+02
4.3999999473573860e+02
3.5199999996269270e+02
2.6399999996541618e+02
1.7599999996542050e+02
8.7999999965465662e+01
3.0744245058386237e-10
1.7659022909566742e-10
9.0286953391515943e-11
3.0984975093642974e-11
2.0731169947730217e-12
2.5612460778453126e-11
