0.0000000000000000e+00
8.2336907499522110e-10
1.4766633031084886e-08
1.4772588064697049e-08
4.9492225014508006e-08
1.3533846376222170e-08
-1.3140088198850503e-06
-1.5462162938983842e-04
1.2868477268235611e-02
2.5967565170122667e-02
-2.4189011185975420e-07
5.6526102903009652e-10
1.4541955833629347e-08
1.4581039808247773e-08
1.4637668879285072e-08
-1.7132186013644863e-10
-2.5224480280392543e-10
-3.1634900494087681e-10
-2.3788118520827546e-10
-3.1382454084462334e-10
-3.1638369451181751e-10
6.9753936078226439e-10
1.4533963732923298e-08
1.4474787586532572e-08
1.4434631290728223e-08
1.4408708294686043e-08
-6.0908772712977018e-07
-1.2326423297715953e-06
-1.8561562598426434e-06
-2.4797604555320796e-06
-3.1033151139840715e-06
3.3737240744327202e-10
1.4357775868405252e-08
1.4199072445172904e-08
1.4247559843631120e-08
-5.4977524041780834e-10
-5.5883778783040326e-10
-5.2233809068251711e-10
-5.2143895064312050e-10
-5.2010088239109314e-10
-5.9767711843777030e-10
2.9884770170591996e-10
1.4307743503760844e-08
1.4384006928671263e-08
1.4230775790271999e-08
1.4211082674253604e-08
-5.5296585368641939e-02
-1.4556945223391259e-07
5.0839957085224138e-02
-2.6765637383935552e-07
-5.0840535129477171e-02
5.2133708863268497e-10
-5.4786551499772175e-08
1.4479309902843253e-08
1.4421693834280883e-08
-3.0244345450257290e-10
-2.9119089578095286e-10
-3.3984570772379018e-10
-4.2205146242510992e-10
-5.2176440334810826e-10
-4.9312774774107236e-10
4.5495618109013967e-10
1.4384144252854841e-08
1.4324236603772060e-08
1.4368996404232766e-08
1.4427801048886068e-08
-6.4963775548337327e-07
-1.3135426918726953e-06
-1.9776585522830574e-06
-2.6415663453361573e-06
-3.3055415594269254e-06
3.2873719166281184e-10
1.4251891264593458e-08
1.4081978754873893e-08
1.4047529131021415e-08
-5.8456999364241893e-10
-5.4572723051960178e-10
-5.3814288862294148e-10
-6.3202351947800315e-10
-6.4361934616397586e-10
-7.1269762476784504e-10
9.4631671024692584e-12
1.4054668204812880e-08
1.3953006851245280e-08
1.3943661212492969e-08
1.3950507413982111e-08
-4.7993501635519208e-08
-1.0986448780132054e-07
-1.7168428490329572e-07
-2.3358713622792365e-07
-2.9550991575377805e-07
-1.0310486700233540e-10
1.3791515155745496e-08
1.3808757805888191e-08
1.3703770244289240e-08
-9.8092829853538586e-10
-1.0796543259430527e-09
-9.7158484094502399e-10
-1.0180946879155191e-09
-1.0146256101878107e-09
-8.4126435990756787e-10
-9.3536976198661157e-11
1.3816726935399048e-08
1.3766455266716843e-08
1.3902445495618711e-08
1.3948323875762383e-08
-6.5005378369852508e-07
-1.3142058959705280e-06
-1.9781172749942824e-06
-2.6421401266876952e-06
-3.3060014131897097e-06
-5.4624263459238268e-11
1.3888248561372816e-08
1.3847931153527100e-08
1.3853448156749104e-08
-8.6966203839164228e-10
-9.4870343481915510e-10
-9.9187382185771744e-10
-1.0749034684973704e-09
-1.0049663162530084e-09
-1.0207649831739499e-09
1.9072622745716419e-10
1.4086886848565752e-08
1.4241156304751158e-08
1.4302199144653198e-08
1.4234775873965876e-08
-4.7604386902305948e-08
-1.0953066912308747e-07
-1.7140914421111580e-07
-2.3321888051865980e-07
-2.9505043099237428e-07
4.3912944764923634e-10
1.4343155389789557e-08
1.4387747220670443e-08
1.4398793845709313e-08
-4.9087918233325103e-10
-5.3329880433206899e-10
-5.5317630050355520e-10
-4.9769423148498730e-10
-5.0161484348805763e-10
-5.1473953857429718e-10
3.5845885332259796e-10
1.4240009778029948e-08
1.4153377312808492e-08
1.4243764923744884e-08
1.4272708901104142e-08
-6.4967089559735081e-07
-1.3135880917835708e-06
-1.9775434390060476e-06
-2.6414355191312893e-06
-3.3054285087744391e-06
3.8833788479022106e-10
1.4130557196356515e-08
1.4146684137859019e-08
1.4115322898501430e-08
-6.1585643113910318e-10
-5.5152012723580893e-10
-5.9672974859779567e-10
-6.2699867192093742e-10
-7.4279207636960432e-10
-7.8676111018965996e-10
