2.9999999999999983e+02
2.9999999999999983e+02
2.9999999999999983e+02
2.9999999999999983e+02
3.5200000020625515e+02
4.4000000005234659e+02
4.4000000858780237e+02
4.4000006300140046e+02
4.4003964719020729e+02
4.4007945990054702e+02
4.4007846453952902e+02
4.4007846453952902e+02
4.4007846453952902e+02
4.4007846453952902e+02
4.4007846453952902e+02
4.4007846453952902e+02
4.4007846453952902e+02
4.4007846453952902e+02
4.4007846453952902e+02
4.4007846453952902e+02
4.4007846453952902e+02
4.4007846453952902e+02
4.4007846453952902e+02
4.4007846453952902e+02
4.4007846453952902e+02
4.4007846453952902e+02
4.4007846453952902e+02
4.4007846453952902e+02
4.4007846453952902e+02
4.4007846453952902e+02
4.4007846453952902e+02
4.4007846453952902e+02
4.4007846453952902e+02
4.4007846453952902e+02
4.4007846453952902e+02
4.4007846453952902e+02
4.4007846453952902e+02
4.4007846453952902e+02
4.4007846453952902e+02
4.4007846453952902e+02
4.4007846453952902e+02
4.4007846453952902e+02
4.4007846453952902e+02
4.4007846453952902e+02
4.4007846453952902e+02
4.4007846453952902e+02
4.4007846453952902e+02
4.4007846453952902e+02
4.4008261698345575e+02
4.4008251570433532e+02
4.4008251570433532e+02
4.4008251570433532e+02
4.4008251570433532e+02
4.4008251570433532e+02
4.4008251570433532e+02
4.4008251570433532e+02
4.4008251570433532e+02
4.4008251570433532e+02
4.4008251570433532e+02
4.4008251570433532e+02
4.4008251570433532e+02
4.4008251570433532e+02
4.4008251570433532e+02
4.4008251570433532e+02
4.4008251570433532e+02
4.4008251570433532e+02
4.4008251570433532e+02
4.4008251570433532e+02
4.4008251570433532e+02
4.4008251570433532e+02
4.4008251570433532e+02
4.4008251570433532e+02
4.4008251570433532e+02
4.4008251570433532e+02
4.4008251570433532e+02
4.4008251570433532e+02
4.4008251570433532e+02
4.4008251570433532e+02
4.4008251570433532e+02
4.4008251570433532e+02
4.4008251570433532e+02
4.4008251570433532e+02
4.4008251570433532e+02
4.4008251570433532e+02
4.4008251570433532e+02
4.4008251570433532e+02
4.4008251570433532e+02
4.4008251570433532e+02
4.4008251570433532e+02
4.4008251570433532e+02
4.4008251570433532e+02
4.4008251570433532e+02
4.4008251570433532e+02
4.4008251570433532e+02
4.4008251570433532e+02
4.4008251570433532e+02
4.4008251570433532e+02
4.4008251570433532e+02
4.4008251570433532e+02
4.4008251570433532e+02
4.4008251570433532e+02
4.4008251570433532e+02
4.4008251570433532e+02
4.4008251570433532e+02
4.4008251570433532e+02
4.4008251570433532e+02
4.4008251570433532e+02
4.4008251570433532e+02
4.4008251570433532e+02
4.4008251570433532e+02
4.4008251570433532e+02
4.4008251570433532e+02
4.4008251570433532e+02
4.4008251570433532e+02
4.4008251570433532e+02
4.4008251570433532e+02
4.4008251570433532e+02
4.4008251570433532e+02
4.4008251570433532e+02
4.4008251570433532e+02
4.4008251570433532e+02
4.4008251570433532e+02
4.4008251570433532e+02
4.4008251570433532e+02
4.4008251570433532e+02
4.4008251570433532e+02
4.4008251570433532e+02
4.4008251570433532e+02
4.4008251570433532e+02
4.4008251570433532e+02
4.4008251570433532e+02
4.4008251570433532e+02
4.4008251570433532e+02
4.4008251570433532e+02
4.4008251570433532e+02
4.4008251570433532e+02
4.4008251570433532e+02
4.4008251570433532e+02
4.4008251570433532e+02
4.4008251570433532e+02
4.4008251570433532e+02
4.4008251570433532e+02
4.4008251570433532e+02
4.4008251570433532e+02
4.4008251570433532e+02
4.4008251570433532e+02
4.4008251570433532e+02
4.4008251570433532e+02
4.4008251570433532e+02
4.4008251570433532e+02
4.4008251570433532e+02
4.4008251570433532e+02
4.4008251570433532e+02
4.4008251570433532e+02
4.4008251570433532e+02
4.4008251570433532e+02
4.4008251570433532e+02
4.4008251570433532e+02
4.4008251570433532e+02
4.4008251570433532e+02
4.4008251570433532e+02
