0.0000000000000000e+00
-8.8000000036792486e+01
-1.7600000002013431e+02
-2.6400000002014724e+02
-3.5200000015674703e+02
-4.4000000003878489e+02
-4.4000000990178472e+02
-4.4000021762299826e+02
-4.4002677871289598e+02
-4.4005349233534469e+02
-4.4000000060432831e+02
-3.5200000003670630e+02
-2.6400000002007425e+02
-1.7600000002000041e+02
-8.8000000020043501e+01
2.7929660907987859e-12
-6.9632900900360341e-11
-4.5454860176294066e-11
1.3894905040976230e-10
6.4201068567635045e-11
5.5393935234777477e-11
8.7999999963552597e+01
1.7599999998018089e+02
2.6399999998008087e+02
3.5199999998008548e+02
4.3999999997996957e+02
4.3999999837438378e+02
4.3999999676874745e+02
4.3999999516313585e+02
4.3999999355743307e+02
4.3999999195171029e+02
3.5199999996305769e+02
2.6399999997985668e+02
1.7599999997972165e+02
8.7999999979690543e+01
-1.4256136708838682e-10
-1.4587244877291519e-10
-1.5023444693634067e-10
-1.6392827433590892e-10
-2.1453581675697097e-10
-3.0582344886282699e-10
-8.8000000036996170e+01
-1.7600000002028457e+02
-2.6400000002019868e+02
-3.5200000002024603e+02
-4.4000000002028810e+02
-4.3995931106854380e+02
-4.4000000029358750e+02
-4.4003177702628534e+02
-4.4000000066835037e+02
-4.3996822436150637e+02
-3.5200000003643413e+02
-2.6400000018560172e+02
-1.7600000002000283e+02
-8.8000000020090738e+01
-6.4267150214477655e-11
-5.7710797161850613e-11
-5.9439269331878034e-11
-8.1925198424570808e-11
-7.0821222775571627e-11
-2.9817042570789311e-11
8.7999999963219622e+01
1.7599999997988328e+02
2.6399999997986146e+02
3.5199999997990147e+02
4.3999999997989397e+02
4.3999999826983407e+02
4.3999999655995396e+02
4.3999999484991724e+02
4.3999999314009040e+02
4.3999999143016066e+02
3.5199999996294548e+02
2.6399999997955467e+02
1.7599999997944926e+02
8.7999999979414994e+01
-3.3211406053551957e-10
-2.9576577971206429e-10
-3.1694062560847565e-10
-4.2024349087010769e-10
-4.3385174388429923e-10
-4.9780104133863844e-10
-8.8000000037369546e+01
-1.7600000002060324e+02
-2.6400000002070249e+02
-3.5200000002064223e+02
-4.4000000002063189e+02
-4.4000000009782116e+02
-4.4000000017498235e+02
-4.4000000025203667e+02
-4.4000000032914818e+02
-4.4000000040637997e+02
-3.5200000003725404e+02
-2.6400000002059949e+02
-1.7600000002056336e+02
-8.8000000020636548e+01
-5.2602230661561654e-10
-6.4236489930093897e-10
-6.0211655821028180e-10
-6.5439253511250470e-10
-5.9794195171121522e-10
-4.4423461171955649e-10
8.7999999962956934e+01
1.7599999997955572e+02
2.6399999997950920e+02
3.5199999997959958e+02
4.3999999997968371e+02
4.3999999826968730e+02
4.3999999655956736e+02
4.3999999484964616e+02
4.3999999313963218e+02
4.3999999142978101e+02
3.5199999996276478e+02
2.6399999997945440e+02
1.7599999997942552e+02
8.7999999979434847e+01
-3.9710660649226439e-10
-5.0829066753364654e-10
-5.9739977368866722e-10
-6.8858649740226267e-10
-6.1979450397466548e-10
-6.2136709342077788e-10
-8.8000000037015099e+01
-1.7600000002037891e+02
-2.6400000002025558e+02
-3.5200000002023984e+02
-4.4000000002031913e+02
-4.4000000009740046e+02
-4.4000000017457842e+02
-4.4000000025172471e+02
-4.4000000032879927e+02
-4.4000000040595211e+02
-3.5200000003676473e+02
-2.6400000002017146e+02
-1.7600000002015190e+02
-8.8000000020166013e+01
-2.8846573429586081e-10
-3.1655961178236723e-10
-3.6100310863449070e-10
-3.4071240015587091e-10
-3.7237775298636724e-10
-3.4708326543289326e-10
8.7999999962983821e+01
1.7599999997957462e+02
2.6399999997947185e+02
3.5199999997958469e+02
4.3999999997961510e+02
4.3999999826965325e+02
4.3999999655979673e+02
4.3999999484993100e+02
4.3999999314009546e+02
4.3999999143014503e+02
3.5199999996298379e+02
2.6399999997947953e+02
1.7599999997945952e+02
8.7999999979475135e+01
-3.6147063199384329e-10
-4.0857355214611882e-10
-4.5995650146958547e-10
-4.9021760249122983e-10
-6.4792621513792621e-10
-6.9664088307903091e-10
