0.0000000000000000e+00
8.3736809491947507e-10
1.4789851229885055e-08
1.4815037882839785e-08
4.9523782717140998e-08
1.3589396439242991e-08
-1.3139560237239238e-06
-1.5462156613809059e-04
1.2868477355437658e-02
2.5967565235311151e-02
-2.4179880023324762e-07
6.3905073774215620e-10
1.4624681065265531e-08
1.4613826069715452e-08
1.4588827101382174e-08
-2.2034581202860443e-10
-2.8682116124574899e-10
-2.8548945459413816e-10
-2.0026326936112491e-10
-3.0052609950969091e-10
-3.0392823630322822e-10
7.4140748347717165e-10
1.4595356510744097e-08
1.4497849216116880e-08
1.4511357010311321e-08
1.4436320908958942e-08
-6.0902988065851791e-07
-1.2325264676710276e-06
-1.8560158464525979e-06
-2.4796033505435025e-06
-3.1031578410865944e-06
4.3797065559519410e-10
1.4451710951714203e-08
1.4313098909794097e-08
1.4294134574738388e-08
-4.7600667869382131e-10
-4.4962396960361557e-10
-4.5302716213309071e-10
-4.5555677680889142e-10
-4.6810891279474752e-10
-5.5160042897551674e-10
3.4779668851885755e-10
1.4347178943017040e-08
1.4414179758103683e-08
1.4318351699488254e-08
1.4355161216166852e-08
-5.5296585227235982e-02
-1.4542211783394305e-07
5.0839957255849631e-02
-2.6747439376867218e-07
-5.0840534917270044e-02
6.9287791792670057e-10
-5.4598074366687790e-08
1.4594006538817881e-08
1.4579307904029008e-08
-1.6349594192390776e-10
-1.6162795441726478e-10
-2.2686756636178385e-10
-2.4789366872095003e-10
-2.9705447464456742e-10
-2.7378668888191933e-10
6.2788827525174814e-10
1.4561863406595463e-08
1.4503056404157073e-08
1.4569023928132934e-08
1.4545926299301232e-08
-6.4948438525112419e-07
-1.3133875802005296e-06
-1.9774216837122275e-06
-2.6412900096945671e-06
-3.3052247875831859e-06
5.3359450586484910e-10
1.4359675965810650e-08
1.4227985985312282e-08
1.4169924861593982e-08
-5.0362141195975873e-10
-4.3313983135077098e-10
-4.3040356124732107e-10
-4.0467581560221635e-10
-3.3509199095821714e-10
-3.8126255050280403e-10
1.4472248615270407e-10
1.4163651817658275e-08
1.4071429115718554e-08
1.4169896734214495e-08
1.4180588586374751e-08
-4.7827909949035974e-08
-1.0973881758104814e-07
-1.7153433352999873e-07
-2.3347916041918530e-07
-2.9538967999445009e-07
1.3710772816752738e-10
1.4015319534947952e-08
1.4080466526294158e-08
1.3976999663148257e-08
-7.1283958013381382e-10
-8.2232078374600245e-10
-7.9611400792968938e-10
-7.5691476014202622e-10
-6.8026240122154386e-10
-5.8448266604718472e-10
3.4142119618865683e-10
1.4216677845847370e-08
1.4146618446407893e-08
1.4255952620156147e-08
1.4350687283709758e-08
-6.4969078726725227e-07
-1.3138023656661707e-06
-1.9776907961053393e-06
-2.6417312612643122e-06
-3.3056590715685914e-06
3.3090287615617624e-10
1.4207077231037038e-08
1.4185052643227254e-08
1.4194750975307126e-08
-6.0436712688395199e-10
-6.9458968729759126e-10
-7.5475806589937885e-10
-8.0559526636208935e-10
-7.7901788552958249e-10
-7.6012794156151523e-10
3.0793491879126086e-10
1.4192157952909519e-08
1.4378231598683824e-08
1.4400047627308356e-08
1.4285616895069449e-08
-4.7484161957346388e-08
-1.0943679139052565e-07
-1.7129786088665805e-07
-2.3306501389523285e-07
-2.9492188313412767e-07
4.9851225006162347e-10
1.4363062947613038e-08
1.4413505323593286e-08
1.4461051226195635e-08
-4.7136807887389826e-10
-5.3535203359465683e-10
-5.8888897069826729e-10
-5.3746827177294972e-10
-5.3317278391708247e-10
-5.4250866674041455e-10
1.3990016102003321e-10
1.4096232238973178e-08
1.4020216937747314e-08
1.4082919143084175e-08
1.4117816822691497e-08
-6.4986736365155341e-07
-1.3138102075448985e-06
-1.9777780567870507e-06
-2.6417341956270434e-06
-3.3057584924946295e-06
1.9395849081366576e-10
1.3996357028009338e-08
1.3931429448957471e-08
1.3903618256442443e-08
-8.3740558074173892e-10
-7.7569642557968943e-10
-7.7592666636598999e-10
-7.3595035599735519e-10
-8.3856441443982809e-10
-8.7351259644880518e-10
