0.0000000000000000e+00
0.0000000000000000e+00
0.0000000000000000e+00
0.0000000000000000e+00
0.0000000000000000e+00
0.0000000000000000e+00
0.0000000000000000e+00
-5.1282080241063871e-02
-3.8264401951109528e-01
-9.8331246607657941e-01
-1.8429294914910515e+00
-2.6695787959432478e+00
-3.4643386006347932e+00
-4.2285307168242703e+00
-4.9633308284778952e+00
-5.6698693965415599e+00
-6.3492334035243214e+00
-7.0024680249109954e+00
-7.6305782371245190e+00
-8.2345303636443994e+00
-8.8152535616590821e+00
-9.3736412515382810e+00
-9.9105524913259195e+00
-1.0426813298369968e+01
-1.0923217920117033e+01
-1.1400530056033112e+01
-1.1859484032524577e+01
-1.2300785932673236e+01
-1.2725114682516613e+01
-1.3133123095550761e+01
-1.3525438877058196e+01
-1.3902665589809441e+01
-1.4265383582620396e+01
-1.4614150883198203e+01
-1.4949504056643654e+01
-1.5271959030937458e+01
-1.5582011890675764e+01
-1.5880139640276866e+01
-1.6166800937833884e+01
-1.6442436800743369e+01
-1.6707471284193286e+01
-1.6962312133556686e+01
-1.7207351411691228e+01
-1.7442966102112763e+01
-1.7669518688971603e+01
-1.7887357714718817e+01
-1.8096818316326001e+01
-1.8298222740880576e+01
-1.8491880841351993e+01
-1.8678090553286275e+01
-1.8857138353170285e+01
-1.9029299699163268e+01
-1.9194839454880043e+01
-1.9354012296873556e+01
-1.9507752832648560e+01
-1.9654890548085135e+01
-1.9796394627385780e+01
-1.9933092019538993e+01
-2.0063870534910635e+01
-2.0189598947310092e+01
-2.0311018531326262e+01
-2.0427261410577355e+01
-2.0539087412670654e+01
-2.0647144854681954e+01
-2.0750459798498085e+01
-2.0849728324433570e+01
-2.0945544357674915e+01
-2.1037382396267546e+01
-2.1125826309171767e+01
-2.1211374278097569e+01
-2.1292988090048986e+01
-2.1371245162281525e+01
-2.1446638171635581e+01
-2.1519587490843954e+01
-2.1589346947555505e+01
-2.1656384716147954e+01
-2.1721100262814996e+01
-2.1783109227575117e+01
-2.1842808852919216e+01
-2.1900538082952878e+01
-2.1955645593508372e+01
-2.2008516164668055e+01
-2.2059478107083322e+01
-2.2108811549296817e+01
-2.2155908541601985e+01
-2.2201097317320105e+01
-2.2244657939012477e+01
-2.2286829367909569e+01
-2.2327079521243256e+01
-2.2365690371928672e+01
-2.2402907408912036e+01
-2.2438935198371315e+01
-2.2473335127341262e+01
-2.2506346104776171e+01
-2.2538153305862913e+01
-2.2568933403838010e+01
-2.2598333401646876e+01
-2.2626555845290678e+01
-2.2653739594808634e+01
-2.2680037093793160e+01
-2.2705163872628525e+01
-2.2729291747572006e+01
-2.2752524116227381e+01
-2.2774992406396247e+01
-2.2796467057731100e+01
-2.2817093897270951e+01
-2.2836949260166030e+01
-2.2856146370537608e+01
-2.2874499715491375e+01
-2.2892133126141005e+01
-2.2909102364848071e+01
-2.2925504906930225e+01
-2.2941190615818716e+01
-2.2956264693734582e+01
-2.2970767333688006e+01
-2.2984782400824926e+01
-2.2998188206064640e+01
-2.3011074164272678e+01
-2.3023468747667060e+01
-2.3035444070959535e+01
-2.3046901350396272e+01
-2.3057916613578680e+01
-2.3068509564309306e+01
-2.3078742181456516e+01
-2.3088534148929629e+01
-2.3097950135914669e+01
-2.3107003335787642e+01
-2.3115746991310580e+01
-2.3124115696849461e+01
-2.3132164479496922e+01
-2.3139901743079758e+01
-2.3147373206152110e+01
-2.3154525518799190e+01
-2.3161405518988353e+01
-2.3168018127207624e+01
-2.3174402585850054e+01
-2.3180515306959677e+01
-2.3186396170220707e+01
-2.3192047599548175e+01
-2.3197503266572852e+01
-2.3202727499953802e+01
-2.3207754264417208e+01
-2.3212584228585037e+01
-2.3217246274753208e+01
-2.3221711161659670e+01
-2.3226007823965791e+01
-2.3230135728152984e+01
-2.3234119641038468e+01
-2.3237935552313076e+01
-2.3241608117506122e+01
-2.3245136010404458e+01
-2.3248540462988601e+01
-2.3251801727260613e+01
-2.3254940817192814e+01
-2.3257955913951015e+01
-2.3260865214652611e+01
-2.3263652450010895e+01
-2.3266335534031732e+01
-2.3268912372451673e+01
-2.3271398557761145e+01
-2.3273780664535188e+01
