0.0000000000000000e+00
0.0000000000000000e+00
0.0000000000000000e+00
0.0000000000000000e+00
0.0000000000000000e+00
0.0000000000000000e+00
0.0000000000000000e+00
2.5641040120523553e-02
1.9132200975554517e-01
4.9165623303834338e-01
9.2146474574561466e-01
1.3347893979717727e+00
1.7321693003176315e+00
2.1142653584125077e+00
2.4816654142393939e+00
2.8349346982712409e+00
3.1746167017626683e+00
3.5012340124560324e+00
3.8152891185629150e+00
4.1172651818230417e+00
4.4076267808305207e+00
4.6868206257702250e+00
4.9552762456641180e+00
5.2134066491862034e+00
5.4616089600597091e+00
5.7002650280177125e+00
5.9297420162634422e+00
6.1503929663377708e+00
6.3625573412595475e+00
6.5665615477766925e+00
6.7627194385304472e+00
6.9513327949061043e+00
7.1326917913116050e+00
7.3070754416005759e+00
7.4747520283233406e+00
7.6359795154702876e+00
7.7910059453394869e+00
7.9400698201400637e+00
8.0834004689186312e+00
8.2212184003734023e+00
8.3537356420983890e+00
8.4811560667801533e+00
8.6036757058474329e+00
8.7214830510581987e+00
8.8347593444876189e+00
8.9436788573612471e+00
9.0484091581648336e+00
9.1491113704421316e+00
9.2459404206778188e+00
9.3390452766449439e+00
9.4285691765869650e+00
9.5146498495834511e+00
9.5974197274418405e+00
9.6770061484386005e+00
9.7538764163260900e+00
9.8274452740443419e+00
9.8981973136946433e+00
9.9665460097712195e+00
1.0031935267457046e+01
1.0094799473656748e+01
1.0155509265664797e+01
1.0213630705290319e+01
1.0269543706336968e+01
1.0323572427342604e+01
1.0375229899250630e+01
1.0424864162218343e+01
1.0472772178838992e+01
1.0518691198135306e+01
1.0562913154587397e+01
1.0605687139050284e+01
1.0646494045025976e+01
1.0685622581142237e+01
1.0723319085819300e+01
1.0759793745423540e+01
1.0794673473779314e+01
1.0828192358075507e+01
1.0860550131408965e+01
1.0891554613789019e+01
1.0921404426461148e+01
1.0950269041478132e+01
1.0977822796755888e+01
1.1004258082335580e+01
1.1029739053542929e+01
1.1054405774649272e+01
1.1077954270801866e+01
1.1100548658661362e+01
1.1122328969508320e+01
1.1143414683958007e+01
1.1163539760624825e+01
1.1182845185966421e+01
1.1201453704458139e+01
1.1219467599188814e+01
1.1236667563673764e+01
1.1253173052390233e+01
1.1269076652933631e+01
1.1284466701922124e+01
1.1299166700826570e+01
1.1313277922647583e+01
1.1326869797406584e+01
1.1340018546899694e+01
1.1352581936317359e+01
1.1364645873788321e+01
1.1376262058116019e+01
1.1387496203201191e+01
1.1398233528868607e+01
1.1408546948637808e+01
1.1418474630085356e+01
1.1428073185271847e+01
1.1437249857748746e+01
1.1446066563072961e+01
1.1454551182426467e+01
1.1462752453468124e+01
1.1470595307912376e+01
1.1478132346869758e+01
1.1485383666846499e+01
1.1492391200415522e+01
1.1499094103035368e+01
1.1505537082138909e+01
1.1511734373836127e+01
1.1517722035482841e+01
1.1523450675201207e+01
1.1528958306792003e+01
1.1534254782157298e+01
1.1539371090731308e+01
1.1544267074467877e+01
1.1548975067960024e+01
1.1553501667896494e+01
1.1557873495658322e+01
1.1562057848427749e+01
1.1566082239751140e+01
1.1569950871542570e+01
1.1573686603079100e+01
1.1577262759402648e+01
1.1580702759496942e+01
1.1584009063606599e+01
1.1587201292928116e+01
1.1590257653482906e+01
1.1593198085113151e+01
1.1596023799776884e+01
1.1598751633289449e+01
1.1601363749979926e+01
1.1603877132211382e+01
1.1606292114295282e+01
1.1608623137379562e+01
1.1610855580832791e+01
1.1613003911985640e+01
1.1615067864079233e+01
1.1617059820522165e+01
1.1618967776159455e+01
1.1620804058755798e+01
1.1622568005204954e+01
1.1624270231497160e+01
1.1625900863633159e+01
1.1627470408599063e+01
1.1628977956978179e+01
1.1630432607329126e+01
1.1631826225008247e+01
1.1633167767018515e+01
1.1634456186228492e+01
1.1635699278883347e+01
1.1636890332270390e+01
