0.0000000000000000e+00
0.0000000000000000e+00
0.0000000000000000e+00
0.0000000000000000e+00
0.0000000000000000e+00
0.0000000000000000e+00
0.0000000000000000e+00
2.5641040120540363e-02
1.9132200975554997e-01
4.9165623303823786e-01
9.2146474574544290e-01
1.3347893979714802e+00
1.7321693003171768e+00
2.1142653584117843e+00
2.4816654142385342e+00
2.8349346982703669e+00
3.1746167017617188e+00
3.5012340124550216e+00
3.8152891185616742e+00
4.1172651818214359e+00
4.4076267808286431e+00
4.6868206257681289e+00
4.9552762456618940e+00
5.2134066491838560e+00
5.4616089600573998e+00
5.7002650280154814e+00
5.9297420162612227e+00
6.1503929663355494e+00
6.3625573412571770e+00
6.5665615477741648e+00
6.7627194385278253e+00
6.9513327949033954e+00
7.1326917913088739e+00
7.3070754415977275e+00
7.4747520283204123e+00
7.6359795154672501e+00
7.7910059453363738e+00
7.9400698201368982e+00
8.0834004689153520e+00
8.2212184003700521e+00
8.3537356420949944e+00
8.4811560667766628e+00
8.6036757058439335e+00
8.7214830510546779e+00
8.8347593444840982e+00
8.9436788573576962e+00
9.0484091581612578e+00
9.1491113704385398e+00
9.2459404206742590e+00
9.3390452766414107e+00
9.4285691765834212e+00
9.5146498495799108e+00
9.5974197274382984e+00
9.6770061484350585e+00
9.7538764163225924e+00
9.8274452740408957e+00
9.8981973136912309e+00
9.9665460097678498e+00
1.0031935267453711e+01
1.0094799473653456e+01
1.0155509265661561e+01
1.0213630705287109e+01
1.0269543706333792e+01
1.0323572427339469e+01
1.0375229899247524e+01
1.0424864162215266e+01
1.0472772178835944e+01
1.0518691198132274e+01
1.0562913154584418e+01
1.0605687139047367e+01
1.0646494045023093e+01
1.0685622581139338e+01
1.0723319085816351e+01
1.0759793745420501e+01
1.0794673473776292e+01
1.0828192358072572e+01
1.0860550131406180e+01
1.0891554613786234e+01
1.0921404426458221e+01
1.0950269041474893e+01
1.0977822796752640e+01
1.1004258082332630e+01
1.1029739053540530e+01
1.1054405774647666e+01
1.1077954270800198e+01
1.1100548658658820e+01
1.1122328969504192e+01
1.1143414683951621e+01
1.1163539760618484e+01
1.1182845185962266e+01
1.1201453704453940e+01
1.1219467599182508e+01
1.1236667563667485e+01
1.1253173052385911e+01
1.1269076652929286e+01
1.1284466701915882e+01
1.1299166700820354e+01
1.1313277922643122e+01
1.1326869797402109e+01
1.1340018546893544e+01
1.1352581936311232e+01
1.1364645873783765e+01
1.1376262058111447e+01
1.1387496203195095e+01
1.1398233528862509e+01
1.1408546948633120e+01
1.1418474630080633e+01
1.1428073185265749e+01
1.1437249857742675e+01
1.1446066563068134e+01
1.1454551182421641e+01
1.1462752453462112e+01
1.1470595307906352e+01
1.1478132346864847e+01
1.1485383666841525e+01
1.1492391200409442e+01
1.1499094103029318e+01
1.1505537082133806e+01
1.1511734373831008e+01
1.1517722035476776e+01
1.1523450675195154e+01
1.1528958306786812e+01
1.1534254782152090e+01
1.1539371090725272e+01
1.1544267074461846e+01
1.1548975067954734e+01
1.1553501667891176e+01
1.1557873495652274e+01
1.1562057848421702e+01
1.1566082239745766e+01
1.1569950871537184e+01
1.1573686603073060e+01
1.1577262759396593e+01
1.1580702759491448e+01
1.1584009063601082e+01
1.1587201292922023e+01
1.1590257653476820e+01
1.1593198085107574e+01
1.1596023799771309e+01
1.1598751633283392e+01
1.1601363749973885e+01
1.1603877132205806e+01
1.1606292114289735e+01
1.1608623137373620e+01
1.1610855580826829e+01
1.1613003911980094e+01
1.1615067864073682e+01
1.1617059820516243e+01
1.1618967776153553e+01
1.1620804058750279e+01
1.1622568005199430e+01
1.1624270231491330e+01
1.1625900863627344e+01
1.1627470408593565e+01
1.1628977956972655e+01
1.1630432607323328e+01
1.1631826225002463e+01
1.1633167767012987e+01
1.1634456186222980e+01
1.1635699278877594e+01
1.1636890332264642e+01
