0.0000000000000000e+00
-4.0000000002097868e-04
-8.0000000001612494e-04
-1.2001600640391729e-03
-1.6000000001420945e-03
-1.9999998721693217e-03
-2.4001598081227035e-03
-2.8076923695731061e-03
-3.2573985316128075e-03
-3.7474986372210686e-03
-4.2764410544084020e-03
-4.4005917163581348e-03
-4.5196508183173445e-03
-4.6342796292019820e-03
-4.7444996456283183e-03
-4.8504804292222835e-03
-4.9523850287772142e-03
-5.0503702206052574e-03
-5.1445867511624825e-03
-5.2351795689615389e-03
-5.3222880475742168e-03
-5.4060462000495501e-03
-5.4865828850863821e-03
-5.5640220052820856e-03
-5.6384826977489873e-03
-5.7100795174010489e-03
-5.7789226131948314e-03
-5.8451178975889341e-03
-5.9087672094844616e-03
-5.9699684709026875e-03
-6.0288158376327590e-03
-6.0853998440866712e-03
-6.1398075425844086e-03
-6.1921226372792394e-03
-6.2424256129334135e-03
-6.2907938587424533e-03
-6.3373017873934014e-03
-6.3820209495478297e-03
-6.4250201439168316e-03
-6.4663655231089858e-03
-6.5061206954002060e-03
-6.5443468225959249e-03
-6.5811027141230993e-03
-6.6164449175071718e-03
-6.6504278053709526e-03
-6.6831036590800277e-03
-6.7145227491800605e-03
-6.7447334127320067e-03
-6.7737821276827176e-03
-6.8017135843613736e-03
-6.8285707542414410e-03
-6.8543949560451308e-03
-6.8792259193137693e-03
-6.9031018455315363e-03
-6.9269783418224491e-03
-6.9482335897273362e-03
-6.9694892894275598e-03
-6.9907454409421374e-03
-7.0095805866470257e-03
-7.0284160871220457e-03
-7.0472519423791808e-03
-7.0640892159559172e-03
-7.0809267730312427e-03
-7.0977646136143749e-03
-7.1125689742981618e-03
-7.1273735541544977e-03
-7.1421783531894645e-03
-7.1556073615115972e-03
-7.1690365501739083e-03
-7.1824659191826292e-03
-7.1939482176558520e-03
-7.2054306479734705e-03
-7.2169132101384302e-03
-7.2283959041553273e-03
-7.2384020445150511e-03
-7.2484082849994949e-03
-7.2584146256096556e-03
-7.2674663851375436e-03
-7.2765182266016030e-03
-7.2855701500019630e-03
-7.2933468407917175e-03
-7.3011235920580576e-03
-7.3089004038028940e-03
-7.3166772760272702e-03
-7.3233862825019050e-03
-7.3300953339879571e-03
-7.3368044304855159e-03
-7.3435135719954929e-03
-7.3490619295165033e-03
-7.3546103178220752e-03
-7.3604361112356801e-03
-7.3662619385890128e-03
-7.3710002701078484e-03
-7.3757386240791267e-03
-7.3807229957567975e-03
-7.3857073922782863e-03
-7.3897500109460406e-03
-7.3937926459562986e-03
-7.3980609390868644e-03
-7.4023292504351241e-03
-7.4057745813787771e-03
-7.4092199241924291e-03
-7.4128786172929263e-03
-7.4165373237803549e-03
-7.4194700589923250e-03
-7.4224028028055502e-03
-7.4255423888814950e-03
-7.4286819848134516e-03
-7.4311749575479173e-03
-7.4336679364974192e-03
-7.4363653545819145e-03
-7.4390627799421037e-03
-7.4411785925177863e-03
-7.4432944095707944e-03
-7.4456150999073333e-03
-7.4479357956288928e-03
-7.4497282309972865e-03
-7.4515206695790082e-03
-7.4535203120047909e-03
-7.4555199584302734e-03
-7.4570352026054644e-03
-7.4585504490766010e-03
-7.4602764345036536e-03
-7.4620024229088318e-03
-7.4632801223532162e-03
-7.4645578234315392e-03
-7.4660505002265738e-03
-7.4675431792499448e-03
-7.4686173545180784e-03
-7.4696915309402090e-03
-7.4709852613226947e-03
-7.4722789933783611e-03
-7.4731788277926621e-03
-7.4740786630162958e-03
-7.4752027189437260e-03
-7.4763267761346784e-03
-7.4770772960018944e-03
-7.4778278164326353e-03
-7.4788071397967979e-03
-7.4797864641195262e-03
-7.4804091249398462e-03
-7.4810317861479080e-03
-7.4818876341539997e-03
-7.4827434828920363e-03
-7.4832566741871382e-03
-7.4837698657451955e-03
-7.4845203590907412e-03
-7.4852708530001952e-03
-7.4856903327773479e-03
-7.4861098127311605e-03
-7.4867704014292893e-03
-7.4874309905644185e-03
-7.4877702590140970e-03
-7.4881095275783714e-03
-7.4886933869639290e-03
-7.4892772466905273e-03
-7.4895478674222998e-03
-7.4898184882278250e-03
-7.4903368557412229e-03
-7.4908552235236799e-03
-7.4910670995980543e-03
