0.0000000000000000e+00
1.0000000000568904e-04
2.0000000000893988e-04
2.9999000101229645e-04
4.0000000008175190e-04
4.9999999815219468e-04
5.9998999722285398e-04
7.0384614981713705e-04
8.2869813422687235e-04
9.7374827879727658e-04
1.1382195670988035e-03
1.2002324723142310e-03
1.2598253930475602e-03
1.3171398017359436e-03
1.3722498103124813e-03
1.4252402030540219e-03
1.4761925037040007e-03
1.5251851004254970e-03
1.5722933664499786e-03
1.6175897760395031e-03
1.6611440159832150e-03
1.7030230928097383e-03
1.7432914358721332e-03
1.7820109964742622e-03
1.8192413431718979e-03
1.8550397534285506e-03
1.8894613017235043e-03
1.9225589442887986e-03
1.9543836005774958e-03
1.9849842316011883e-03
2.0144079152558821e-03
2.0426999187514233e-03
2.0699037682475508e-03
2.0960613158252750e-03
2.1212128038645512e-03
2.1453969269650194e-03
2.1686508914722106e-03
2.1910104727170037e-03
2.2125100700565808e-03
2.2331827597954269e-03
2.2530603460732524e-03
2.2721734097936493e-03
2.2905513556699332e-03
2.3082224574669215e-03
2.3252139014955154e-03
2.3415518284403635e-03
2.3572613735726527e-03
2.3723667054254944e-03
2.3868910629710445e-03
2.4008567913757555e-03
2.4142853763762652e-03
2.4271974773336087e-03
2.4396129590202259e-03
2.4515509221768282e-03
2.4634887428196268e-03
2.4741167904548506e-03
2.4847447251361617e-03
2.4953725468649813e-03
2.5047902895618175e-03
2.5142079435649320e-03
2.5236255088771854e-03
2.5320446054136786e-03
2.5404636310692006e-03
2.5488825858451208e-03
2.5562844844928935e-03
2.5636863283526956e-03
2.5710881174258364e-03
2.5778036795398905e-03
2.5845191965554052e-03
2.5912346684724991e-03
2.5969741063883614e-03
2.6027135113644547e-03
2.6084528833998141e-03
2.6141922224943211e-03
2.6192010208669842e-03
2.6242097941513620e-03
2.6292185423488260e-03
2.6337331919695181e-03
2.6382478212080931e-03
2.6427624300654983e-03
2.6466734193883340e-03
2.6505843934150064e-03
2.6544953521464368e-03
2.6584062955820721e-03
2.6616931404436881e-03
2.6649799745012970e-03
2.6682667977553720e-03
2.6715536102068574e-03
2.6745309642089397e-03
2.6775083093451522e-03
2.6802180557801152e-03
2.6829277948723250e-03
2.6855001347857216e-03
2.6880724680824553e-03
2.6903614980410950e-03
2.6926505227604985e-03
2.6948750053445150e-03
2.6970994829803355e-03
2.6990304697059632e-03
2.7009614527035430e-03
2.7028872906544820e-03
2.7048131248974738e-03
2.7064393088089608e-03
2.7080654900759754e-03
2.7097350295244328e-03
2.7114045661844575e-03
2.7127711946015364e-03
2.7141378211520610e-03
2.7155874788445692e-03
2.7170371344355198e-03
2.7181826774538751e-03
2.7193282191591466e-03
2.7205892963598046e-03
2.7218503719697012e-03
2.7228075501171444e-03
2.7237647273474106e-03
2.7248641156188691e-03
2.7259635026818728e-03
2.7267601561652257e-03
2.7275568090141403e-03
2.7285176014352516e-03
2.7294783929337047e-03
2.7301382174135802e-03
2.7307980414593633e-03
2.7316400613191616e-03
2.7324820804684987e-03
2.7330252502756076e-03
2.7335684197871508e-03
2.7343086774059139e-03
2.7350489344761071e-03
2.7354926308225790e-03
2.7359363269724183e-03
2.7365894140456968e-03
2.7372425006929844e-03
2.7376013596323604e-03
2.7379602184433565e-03
2.7385386481541163e-03
2.7391170775306136e-03
2.7394035700593709e-03
2.7396900625070650e-03
2.7402045626246934e-03
2.7407190624773379e-03
2.7409438172380377e-03
2.7411685719483216e-03
2.7416283372497826e-03
2.7420881023401083e-03
2.7422601797074705e-03
2.7424322570455332e-03
2.7428451665468972e-03
2.7432580758775136e-03
2.7433852008774276e-03
2.7435123258605521e-03
2.7438851296653207e-03
2.7442579333316996e-03
2.7443466936435119e-03
2.7444354539478298e-03
2.7447739338695800e-03
2.7451124136759846e-03
2.7451684280316085e-03
2.7452244423835808e-03
2.7455335499555942e-03
