0.0000000000000000e+00
1.0000000000565927e-04
2.0000000000928119e-04
2.9999000101309345e-04
4.0000000008233764e-04
4.9999999815223306e-04
5.9998999722191127e-04
7.0384614981790379e-04
8.2869813422674615e-04
9.7374827879674142e-04
1.1382195670986645e-03
1.2002324723138459e-03
1.2598253930470179e-03
1.3171398017346001e-03
1.3722498103119199e-03
1.4252402030538994e-03
1.4761925037036245e-03
1.5251851004251910e-03
1.5722933664487483e-03
1.6175897760374513e-03
1.6611440159817229e-03
1.7030230928081779e-03
1.7432914358715156e-03
1.7820109964734269e-03
1.8192413431722179e-03
1.8550397534291719e-03
1.8894613017235858e-03
1.9225589442888576e-03
1.9543836005766983e-03
1.9849842316002979e-03
2.0144079152553903e-03
2.0426999187510000e-03
2.0699037682475729e-03
2.0960613158246474e-03
2.1212128038642286e-03
2.1453969269644088e-03
2.1686508914717921e-03
2.1910104727166473e-03
2.2125100700557654e-03
2.2331827597951068e-03
2.2530603460729107e-03
2.2721734097928699e-03
2.2905513556700616e-03
2.3082224574670993e-03
2.3252139014959200e-03
2.3415518284402221e-03
2.3572613735726184e-03
2.3723667054256258e-03
2.3868910629717935e-03
2.4008567913764707e-03
2.4142853763765761e-03
2.4271974773339951e-03
2.4396129590206006e-03
2.4515509221772281e-03
2.4634887428210315e-03
2.4741167904563099e-03
2.4847447251369814e-03
2.4953725468662607e-03
2.5047902895629286e-03
2.5142079435662955e-03
2.5236255088790507e-03
2.5320446054147550e-03
2.5404636310705085e-03
2.5488825858464466e-03
2.5562844844939430e-03
2.5636863283542161e-03
2.5710881174273183e-03
2.5778036795412792e-03
2.5845191965572717e-03
2.5912346684754291e-03
2.5969741063901711e-03
2.6027135113645124e-03
2.6084528833984618e-03
2.6141922224915759e-03
2.6192010208682141e-03
2.6242097941562826e-03
2.6292185423571830e-03
2.6337331919704678e-03
2.6382478212011538e-03
2.6427624300500749e-03
2.6466734193888930e-03
2.6505843934328905e-03
2.6544953521809326e-03
2.6584062956336628e-03
2.6616931404414624e-03
2.6649799744452004e-03
2.6682667976461439e-03
2.6715536100440683e-03
2.6745309642163127e-03
2.6775083095241670e-03
2.6802180557816495e-03
2.6829277946966781e-03
2.6855001347917363e-03
2.6880724682699221e-03
2.6903614980423886e-03
2.6926505225756191e-03
2.6948750053501377e-03
2.6970994831767505e-03
2.6990304697064255e-03
2.7009614525073974e-03
2.7028872906591380e-03
2.7048131251018208e-03
2.7064393088091169e-03
2.7080654898712165e-03
2.7097350295288013e-03
2.7114045663986855e-03
2.7127711946021218e-03
2.7141378209385066e-03
2.7155874788487673e-03
2.7170371346576586e-03
2.7181826774530602e-03
2.7193282189357884e-03
2.7205892963631595e-03
2.7218503722006644e-03
2.7228075501173066e-03
2.7237647271179527e-03
2.7248641156235121e-03
2.7259635029198846e-03
2.7267601561657331e-03
2.7275568087766471e-03
2.7285176014393078e-03
2.7294783931793116e-03
2.7301382174147589e-03
2.7307980412151741e-03
2.7316400613231883e-03
2.7324820807221721e-03
2.7330252502765356e-03
2.7335684195361368e-03
2.7343086774106371e-03
2.7350489347373495e-03
2.7354926308247062e-03
2.7359363267157322e-03
2.7365894140520212e-03
2.7372425009616046e-03
2.7376013596356473e-03
2.7379602181804236e-03
2.7385386481605998e-03
2.7391170778056388e-03
2.7394035700627874e-03
2.7396900622380124e-03
2.7402045626310784e-03
2.7407190627599079e-03
2.7409438172417856e-03
2.7411685716733697e-03
2.7416283372572636e-03
2.7420881026291575e-03
2.7422601797114686e-03
2.7424322567633705e-03
2.7428451665541800e-03
2.7432580761742155e-03
2.7433852008817454e-03
2.7435123255728088e-03
2.7438851296728295e-03
2.7442579336339873e-03
2.7443466936481337e-03
2.7444354536546576e-03
2.7447739338773360e-03
2.7451124139854714e-03
2.7451684280368443e-03
2.7452244420840687e-03
2.7455335499648754e-03
