0.0000000000000000e+00
0.0000000000000000e+00
0.0000000000000000e+00
0.0000000000000000e+00
0.0000000000000000e+00
0.0000000000000000e+00
0.0000000000000000e+00
7.6923120361595862e-06
5.7396602926664294e-05
1.4749686991148695e-04
2.7643942372365785e-04
4.0043681939148739e-04
5.1965079009521947e-04
6.3427960752364138e-04
7.4449962427168516e-04
8.5048040948123541e-04
9.5238501052865069e-04
1.0503702037366514e-03
1.1445867355686817e-03
1.2351795545466626e-03
1.3222880342488651e-03
1.4060461877307457e-03
1.4865828736988921e-03
1.5640219947554985e-03
1.6384826880175593e-03
1.7100795084049711e-03
1.7789226048786902e-03
1.8451178899009902e-03
1.9087672023774967e-03
1.9699684643326187e-03
2.0288158315587340e-03
2.0853998384714211e-03
2.1398075373930633e-03
2.1921226324797360e-03
2.2424256084965528e-03
2.2907938546406219e-03
2.3373017836013678e-03
2.3820209460415336e-03
2.4250201406750844e-03
2.4663655201115084e-03
2.5061206926289960e-03
2.5443468200335075e-03
2.5811027117536877e-03
2.6164449153169185e-03
2.6504278033457453e-03
2.6831036572078273e-03
2.7145227474489044e-03
2.7447334111320920e-03
2.7737821262028028e-03
2.8017135829929473e-03
2.8285707529755468e-03
2.8543949548744960e-03
2.8792259182320134e-03
2.9031018445310423e-03
2.9261629248972932e-03
2.9482335822127799e-03
2.9694591941078754e-03
2.9899638029308603e-03
3.0095805802366044e-03
3.0284398420965235e-03
3.0466527796989490e-03
3.0640892115866144e-03
3.0808631119006091e-03
3.0970717282023039e-03
3.1125689697747219e-03
3.1274592486650434e-03
3.1418316536512472e-03
3.1556073594401404e-03
3.1688739463757738e-03
3.1817061417146438e-03
3.1939482135073570e-03
3.2056867743422380e-03
3.2169957257453469e-03
3.2279381236266030e-03
3.2384020421333372e-03
3.2484577074222069e-03
3.2581650394222610e-03
3.2674663841362789e-03
3.2764213279378933e-03
3.2850807124429450e-03
3.2933468390262694e-03
3.3012774247002203e-03
3.3089217160625116e-03
3.3163217323945358e-03
3.3233862812403056e-03
3.3301645975980171e-03
3.3366986908518674e-03
3.3430244051864300e-03
3.3490619281864829e-03
3.3548535557892936e-03
3.3604361113368005e-03
3.3658402797556893e-03
3.3710002691011752e-03
3.3759519157164049e-03
3.3807229958794107e-03
3.3853400105756672e-03
3.3897500102469925e-03
3.3939833767935579e-03
3.3980609392212564e-03
3.4020055640689387e-03
3.4057745808942401e-03
3.4093937621357639e-03
3.4128786174340633e-03
3.4162488609593886e-03
3.4194700586596119e-03
3.4225640845905840e-03
3.4255423890248429e-03
3.4284219555805748e-03
3.4311749573236448e-03
3.4338199689210938e-03
3.4363653547271429e-03
3.4388257360394581e-03
3.4411785923727303e-03
3.4434397040601136e-03
3.4456151000531255e-03
3.4477173601236643e-03
3.4497282309096256e-03
3.4516611246408241e-03
3.4535203121499845e-03
3.4553166106438592e-03
3.4570352025593666e-03
3.4586874920367258e-03
3.4602764346463128e-03
3.4618113272183917e-03
3.4632801223393570e-03
3.4646925203871098e-03
3.4660505003680495e-03
3.4673620486964829e-03
3.4686173545273157e-03
3.4698246719244369e-03
3.4709852614618667e-03
3.4721059809227242e-03
3.4731788278197862e-03
3.4742108278481587e-03
3.4752027190810492e-03
3.4761603878774132e-03
3.4770772960438551e-03
3.4779594255330035e-03
3.4788071399321271e-03
3.4796254899858259e-03
3.4804091249929668e-03
3.4811631396624750e-03
3.4818876342876471e-03
3.4825869412128669e-03
3.4832566742488366e-03
3.4839011735947494e-03
3.4845203592228265e-03
3.4851179461556437e-03
3.4856903328468400e-03
3.4862412176257986e-03
3.4867704015605419e-03
3.4872810694481613e-03
3.4877702590889554e-03
3.4882411225787744e-03
3.4886933870925036e-03
3.4891297821977420e-03
3.4895478675014821e-03
3.4899503301046107e-03
3.4903368558676061e-03
3.4907097836640263e-03
3.4910670996801296e-03
