0.0000000000000000e+00
7.4285577069685568e-11
9.0183751180335365e-10
-8.8026394366523923e-03
8.2476780665981065e-09
5.2993433617902083e-06
-8.7920463052160100e-03
-3.6228857277404559e-06
-1.1429583090640908e-04
-1.0524557877539736e-04
-9.7228430692396797e-05
-4.3404457190411748e-03
-1.5938408191843229e-06
-1.3105675619771128e-06
-1.2606861331144007e-06
-1.1654532689154804e-06
-1.0775926353917745e-06
-9.9621047066476475e-07
-9.2114016333668317e-07
-8.5167879705971253e-07
-7.8735047682603585e-07
-7.2798767020153785e-07
-6.7312731234000594e-07
-6.2225501926521030e-07
-5.7540494048414895e-07
-5.3191421430103153e-07
-4.9185142424034081e-07
-4.5471410435368844e-07
-4.2040651632158475e-07
-3.8866710948987530e-07
-3.5944126031976866e-07
-3.3232804191852232e-07
-3.0740884138852644e-07
-2.8423395722335799e-07
-2.6279177086600352e-07
-2.4308196072722352e-07
-2.2469988693126627e-07
-2.0777250463583538e-07
-1.9216677697366420e-07
-1.7771037735446551e-07
-1.6438861849291745e-07
-1.5208596477992015e-07
-1.4060526603897381e-07
-1.3003248687823777e-07
-1.2022473696252732e-07
-1.1111661412398739e-07
-1.0281752671033583e-07
-9.5051887488528009e-08
-8.7905528897349472e-08
-8.1301834448653807e-08
-7.5239667769652875e-08
-6.9667372796538491e-08
-6.4382530101271885e-08
-5.9548380629080954e-08
3.5803000790654703e-02
-4.4514646242298974e-07
1.3383485201999964e-03
3.4361517996613446e-02
-3.7985144286849924e-07
-1.0628180169777414e-03
2.6281791188393813e-02
-2.5893920587851101e-07
2.8441313659342713e-03
3.0536069005265662e-02
-2.6827657963150721e-07
-3.8495337730992240e-03
1.5068366145392253e-02
-1.2268966598989609e-07
7.3167457751679823e-03
3.3730972027311172e-02
-2.4663241582382960e-07
-1.1588581799111833e-02
-4.2857007919510255e-03
1.9133936129818455e-02
-1.3990025571707424e-07
-1.1798953940155661e-03
1.2958192978218047e-02
-6.1408086633942259e-08
2.2761318459166499e-03
1.7549741777454466e-02
-9.9692528048927336e-08
-2.7914941313519192e-03
7.0087080970105678e-03
2.7551658533333519e-02
-8.7025492170372523e-08
-1.4961485134226543e-02
-1.9180948520793311e-02
-1.4235621281607217e-02
-3.7399155504153411e-08
2.5052029233498578e-02
2.4101242457471533e-08
-1.7205733029226837e-02
-2.3423100911043458e-09
2.6370656026155501e-02
2.3156694247138742e-08
-1.9593744401949643e-02
8.6362276691326770e-09
2.7364029218592656e-02
2.2477360256648477e-08
-2.1516188516198236e-02
1.5544853034066359e-08
2.8107810179011979e-02
2.2116035508032546e-08
-2.3065902468122432e-02
1.9918465823324547e-08
2.8660631040031911e-02
2.1773890049840191e-08
-2.4316883056092732e-02
2.2567804568157525e-08
2.9067851255928444e-02
2.1869432160341379e-08
-2.5328160968332451e-02
2.4248374205454760e-08
2.9364497028808830e-02
2.1987989733720418e-08
-2.6146870644648320e-02
2.5252373276769005e-08
2.9577557388150755e-02
2.1929585243275332e-08
-2.6810684559351074e-02
2.5467921242521909e-08
2.9727779353997286e-02
2.1968326663180423e-08
-2.7349741368185264e-02
2.5834128709373840e-08
2.9831067500480785e-02
2.2077100791071021e-08
-2.7788180596102569e-02
2.5709991000030798e-08
2.9899575854962491e-02
2.2186541277844308e-08
-2.8145356338577308e-02
2.5561009289496319e-08
2.9942559054863590e-02
2.2280413371790568e-08
-2.8436805560589591e-02
2.5584784031731619e-08
2.9967034847623225e-02
2.2457548307551168e-08
-2.8675015246570304e-02
2.5417250551919481e-08
2.9978297316048362e-02
2.2625630241352219e-08
-2.8870034345845872e-02
2.5432797776192410e-08
2.9980318694526175e-02
2.2861443295820398e-08
-2.9029960462249722e-02
2.5381821321228895e-08
2.9976057499002055e-02
2.3049508183904428e-08
-2.9161327507606902e-02
2.5142363269444328e-08
2.9967698958071970e-02
2.2958090559387991e-08
-2.9269415397103305e-02
2.5012481019491608e-08
2.9956840771702478e-02
2.3043850306397578e-08
-2.9358496708245935e-02
2.4737398092882503e-08
