2.9999999999999983e+02
2.9999999999999983e+02
2.9999999999999983e+02
2.9999999999999983e+02
2.9999999999999983e+02
2.9999999999999983e+02
2.9999999999999983e+02
3.0792308139724418e+02
3.5142618897830448e+02
3.9452517308216687e+02
4.3723573652388035e+02
4.3601050024957408e+02
4.3480349440658836e+02
4.3365720565413079e+02
4.3255500547619397e+02
4.3149519749398712e+02
4.3047615136327408e+02
4.2949629932010072e+02
4.2855413389909000e+02
4.2764820561438097e+02
4.2677712072966801e+02
4.2593953911380248e+02
4.2513417217911297e+02
4.2435978089927198e+02
4.2361517390258666e+02
4.2289920563956127e+02
4.2221077462007935e+02
4.2154882171932888e+02
4.2091232854783141e+02
4.2030031588510030e+02
4.1971184217287640e+02
4.1914600206682985e+02
4.1860192504343422e+02
4.1807877406106314e+02
4.1757574427171448e+02
4.1709206178328839e+02
4.1662698246878654e+02
4.1617979082141210e+02
4.1574979885380287e+02
4.1533634503976856e+02
4.1493879329635740e+02
4.1455653200551524e+02
4.1418897307279144e+02
4.1383555102273829e+02
4.1349572212919850e+02
4.1316896357831649e+02
4.1285477266454376e+02
4.1255266601714953e+02
4.1226217885679443e+02
4.1198286427993310e+02
4.1171429257186583e+02
4.1145605054518330e+02
4.1120774090447816e+02
4.1096898163495933e+02
4.1084596811316976e+02
4.1051766478187017e+02
4.1030938771833235e+02
4.1020352291090768e+02
4.0990419471284349e+02
4.0971245712281359e+02
4.0961252099339396e+02
4.0935910823526308e+02
4.0919979367101126e+02
4.0912076814776452e+02
4.0887431066565910e+02
4.0871405635027264e+02
4.0862735459573963e+02
4.0844392657209886e+02
4.0833280532690594e+02
4.0828337959030949e+02
4.0806051819793316e+02
4.0790916406514754e+02
4.0781882317546945e+02
4.0778054159005330e+02
4.0761597977073353e+02
4.0750939651153408e+02
4.0745228318272427e+02
4.0732533623810423e+02
4.0724758363975332e+02
4.0721180587833857e+02
4.0706653175411134e+02
4.0696890841495792e+02
4.0691194284416542e+02
4.0688966830385982e+02
4.0676613728297878e+02
4.0668325428565254e+02
4.0663505397940673e+02
4.0661644649015329e+02
4.0650938084564700e+02
4.0643723427648979e+02
4.0639563888761018e+02
4.0637937681156080e+02
4.0628999741852022e+02
4.0623020408672335e+02
4.0619277003938663e+02
4.0617721501352565e+02
4.0610249997873512e+02
4.0605286785037191e+02
4.0601939060433511e+02
4.0600479176974972e+02
4.0594225425213040e+02
4.0590099410559401e+02
4.0587121382132227e+02
4.0585770935410699e+02
4.0580529946001116e+02
4.0577094846868926e+02
4.0574457610500377e+02
4.0573222522315046e+02
4.0568825046278010e+02
4.0565961066508157e+02
4.0563634644786453e+02
4.0562515339349551e+02
4.0558821410445671e+02
4.0556430280918636e+02
4.0554384899460700e+02
4.0553378087424807e+02
4.0550271771324816e+02
4.0548272747042353e+02
4.0546479687366093e+02
4.0545579681318884e+02
4.0542964799228815e+02
4.0541291423846053e+02
4.0539723564897895e+02
4.0538923238862947e+02
4.0536719879114810e+02
4.0535317365936601e+02
4.0533949499197996e+02
4.0533240978932633e+02
4.0531382646665253e+02
4.0530205755485434e+02
4.0529014738128586e+02
4.0528389888853940e+02
4.0526821173165348e+02
4.0525832486381796e+02
4.0524797280532226e+02
4.0524248043268494e+02
4.0522922704775664e+02
4.0522091225513861e+02
4.0521192859708549e+02
4.0520711475327403e+02
4.0519590875693126e+02
4.0518890885938157e+02
4.0518112365380091e+02
4.0517691516160431e+02
4.0516743326343646e+02
4.0516153455375570e+02
4.0515479640475996e+02
4.0515112531748997e+02
4.0514309667659944e+02
4.0513812130773272e+02
4.0513229598155709e+02
4.0512909997106408e+02
4.0512229741346289e+02
4.0511809716718324e+02
4.0511306612650287e+02
4.0511028857117014e+02
4.0510452132878567e+02
4.0510097250626495e+02
4.0509663143902316e+02
4.0509422130634152e+02
4.0508932900650836e+02
