0.0000000000000000e+00
-4.4000000002269850e+01
-8.8000000001335735e+01
-1.3202200836403799e+02
-1.7600000001151182e+02
-2.1999998328894972e+02
-2.6402197491662872e+02
-3.0800000814052510e+02
-3.5200026930339760e+02
-3.9600024702683640e+02
-4.4000022798953688e+02
-4.4001920888918630e+02
-4.4000000390135142e+02
-4.4000000303988344e+02
-4.4000000297956990e+02
-4.4000000275424907e+02
-4.4000000254613730e+02
-4.4000000235366400e+02
-4.4000000217586421e+02
-4.4000000201143934e+02
-4.4000000185943981e+02
-4.4000000171904043e+02
-4.4000000158919443e+02
-4.4000000146904711e+02
-4.4000000135817561e+02
-4.4000000125554817e+02
-4.4000000116071806e+02
-4.4000000107305152e+02
-4.4000000099196234e+02
-4.4000000091703936e+02
-4.4000000084786939e+02
-4.4000000078384045e+02
-4.4000000072476206e+02
-4.4000000067004657e+02
-4.4000000061943859e+02
-4.4000000057272621e+02
-4.4000000052946723e+02
-4.4000000048956872e+02
-4.4000000045266518e+02
-4.4000000041855668e+02
-4.4000000038701108e+02
-4.4000000035788230e+02
-4.4000000033092726e+02
-4.4000000030592645e+02
-4.4000000028287502e+02
-4.4000000026149149e+02
-4.4000000024183396e+02
-4.4000000022351185e+02
-4.4000000020674503e+02
-4.4000000019118255e+02
-4.4000000017685397e+02
-4.4000000016359320e+02
-4.4000000015117547e+02
-4.4000000013981969e+02
-4.4007179436139779e+02
-4.4000000104919093e+02
-4.4000264131091768e+02
-4.4006879942226294e+02
-4.4000000089509689e+02
-4.3999791836182925e+02
-4.4005276699925503e+02
-4.4000000061009416e+02
-4.4000558065869012e+02
-4.4006094936083019e+02
-4.4000000063171450e+02
-4.3999249837073233e+02
-4.4003060276613894e+02
-4.4000000028922227e+02
-4.4001422804493620e+02
-4.4006671003553231e+02
-4.4000000057969993e+02
-4.3997762039034922e+02
-4.3999306613362023e+02
-4.4004078889003364e+02
-4.4000000033198341e+02
-4.3999515348132530e+02
-4.4002097538429331e+02
-4.4000000014086680e+02
-4.4000952078694058e+02
-4.4004506326026001e+02
-4.4000000024405330e+02
-4.3998447415681619e+02
-4.3999415129814815e+02
-4.4002533397147255e+02
-4.4000000018223159e+02
-4.3999986174420127e+02
-4.4002122183154705e+02
-4.4006092615603484e+02
-4.4000000016513468e+02
-4.3996071781289527e+02
-4.3999999997684802e+02
-4.4005498533430955e+02
-4.4000000011201126e+02
-4.3996335259597242e+02
-4.3999999997492046e+02
-4.4005020885539284e+02
-4.4000000007267931e+02
-4.3996533759758370e+02
-4.3999999997393979e+02
-4.4004636359019230e+02
-4.4000000004559575e+02
-4.3996682392559205e+02
-4.3999999997337608e+02
-4.4004326385699068e+02
-4.4000000002671430e+02
-4.3996792869279841e+02
-4.3999999997331872e+02
-4.4004076165242270e+02
-4.4000000001344563e+02
-4.3996874251260311e+02
-4.3999999997302723e+02
-4.4003873890483118e+02
-4.4000000000387740e+02
-4.3996933536269637e+02
-4.3999999997292718e+02
-4.4003710133579358e+02
-4.3999999999706188e+02
-4.3996976116968068e+02
-4.3999999997299574e+02
-4.4003577359348736e+02
-4.3999999999234558e+02
-4.3997006139004606e+02
-4.3999999997328683e+02
-4.4003469539119061e+02
-4.3999999998863046e+02
-4.3997026780662145e+02
-4.3999999997335681e+02
-4.4003381844558623e+02
-4.3999999998616153e+02
-4.3997040470945620e+02
-4.3999999997354394e+02
-4.4003310404252846e+02
-4.3999999998427631e+02
-4.3997049059479622e+02
-4.3999999997373050e+02
-4.4003252110520492e+02
-4.3999999998264707e+02
-4.3997053948749192e+02
-4.3999999997386072e+02
-4.4003204465631262e+02
-4.3999999998149059e+02
-4.3997056197086351e+02
-4.3999999997395975e+02
-4.4003165459574149e+02
-4.3999999998057103e+02
-4.3997056598347780e+02
-4.3999999997404518e+02
-4.4003133472684920e+02
-4.3999999997976175e+02
-4.3997055743929172e+02
-4.3999999997406616e+02
-4.4003107198013743e+02
-4.3999999997928506e+02
-4.3997054070703871e+02
-4.3999999997442092e+02
-4.4003085579539152e+02
-4.3999999997888733e+02
-4.3997051897989320e+02
-4.3999999997461447e+02
-4.4003067762625108e+02
-4.3999999997872453e+02
