0.0000000000000000e+00
7.6904062990227029e-11
8.8388450175422823e-10
-8.8026394877570094e-03
8.2046344427899974e-09
5.2993381505851388e-06
-8.7920462209292033e-03
-3.6229530021330327e-06
-1.1429582251687486e-04
-1.0524553033105084e-04
-9.7228408145838481e-05
-4.3404456765212167e-03
-1.5937813153709674e-06
-1.3104648337843703e-06
-1.2606321633112261e-06
-1.1654460678376303e-06
-1.0775603307808902e-06
-9.9618298802225262e-07
-9.2103523614044237e-07
-8.5150418170973340e-07
-7.8721656908152716e-07
-7.2787427765645034e-07
-6.7305831942267670e-07
-6.2218570190700347e-07
-5.7542260890956715e-07
-5.3196003161725939e-07
-4.9185252065080457e-07
-4.5471100177904130e-07
-4.2030562336250245e-07
-3.8855848264525290e-07
-3.5937038504759038e-07
-3.3226471154538834e-07
-3.0738548678602745e-07
-2.8413815180773958e-07
-2.6272572783312703e-07
-2.4298098931279573e-07
-2.2463388726541665e-07
-2.0770962223426687e-07
-1.9205626225090591e-07
-1.7763540208001107e-07
-1.6433887949163953e-07
-1.5197836367738507e-07
-1.4059228066973453e-07
-1.3000567303738638e-07
-1.2021296115625972e-07
-1.1107785411467265e-07
-1.0278490881906639e-07
-9.5031419404520248e-08
-8.7939186390554429e-08
-8.1338285665860844e-08
-7.5225852057672998e-08
-6.9662737335961264e-08
-6.4371835159235563e-08
-5.9551871141674166e-08
3.5803000698230072e-02
-4.4523974694900519e-07
1.3383484665407408e-03
3.4361517910161871e-02
-3.7992309618840208e-07
-1.0628180842504797e-03
2.6281791068026389e-02
-2.5899143251664544e-07
2.8441312880032928e-03
3.0536068909823747e-02
-2.6834003439756486e-07
-3.8495338452593127e-03
1.5068366080147883e-02
-1.2275495476585353e-07
7.3167456793113610e-03
3.3730971820297814e-02
-2.4675480226325965e-07
-1.1588581759273223e-02
-4.2857006031663094e-03
1.9133936441195230e-02
-1.3993304654301516e-07
-1.1798957450823292e-03
1.2958192328632424e-02
-6.1391506593522133e-08
2.2761325369761651e-03
1.7549743238387705e-02
-9.9666339755220054e-08
-2.7914955797473315e-03
7.0087051876633463e-03
2.7551654131473421e-02
-8.6674475203655786e-08
-1.4961480003083444e-02
-1.9180938721751452e-02
-1.4235606752981602e-02
-3.7846342301618682e-08
2.5052013741235286e-02
2.4158725269093976e-08
-1.7205717354954096e-02
-2.6161869062629150e-09
2.6370639804216459e-02
2.3364635777959105e-08
-1.9593727818735619e-02
8.4159260894096301e-09
2.7364012230400258e-02
2.2739274513610654e-08
-2.1516170988853663e-02
1.5409754918319609e-08
2.8107792541054812e-02
2.2457844739567447e-08
-2.3065884110983884e-02
1.9868467369748221e-08
2.8660612554443070e-02
2.2093842011045609e-08
-2.4316863875807358e-02
2.2575225422328263e-08
2.9067832123728335e-02
2.2349067145270996e-08
-2.5328140912896889e-02
2.4366185492345442e-08
2.9364477155648012e-02
2.2435474892687763e-08
-2.6146849971071084e-02
2.5314593424623044e-08
2.9577536915851552e-02
2.2402105540208839e-08
-2.6810663158818283e-02
2.5606025391072090e-08
2.9727758210941813e-02
2.2343570746624768e-08
-2.7349719383817830e-02
2.5989357247164922e-08
2.9831045732513425e-02
2.2532790475286757e-08
-2.7788157991575812e-02
2.5820263849609850e-08
2.9899553432866502e-02
2.2536267295576875e-08
-2.8145333183208367e-02
2.5591139990616422e-08
2.9942535953571499e-02
2.2526206788901475e-08
-2.8436781928075028e-02
2.5513161474840506e-08
2.9967011108362140e-02
2.2635932101761873e-08
-2.8674991112411036e-02
2.5325687054691376e-08
2.9978272971353873e-02
2.2811444057490096e-08
-2.8870009669371088e-02
2.5277242451616103e-08
2.9980293758829352e-02
2.3027145025187453e-08
-2.9029935140443795e-02
2.5232530787377989e-08
2.9976031901502428e-02
2.3145258710993311e-08
-2.9161301673134132e-02
2.4995259613339736e-08
2.9967672908732968e-02
2.3057909781408356e-08
-2.9269389087926229e-02
2.4817076540736064e-08
2.9956814067300018e-02
2.3127739351305710e-08
-2.9358469827636791e-02
2.4435620786486482e-08
