0.0000000000000000e+00
4.4000000002345438e+01
8.8000000002228603e+01
1.3201320572457576e+02
1.7600000001973805e+02
2.1999998858829042e+02
2.6401318287036554e+02
3.0800000451760565e+02
3.5200015500757098e+02
3.9600014178128203e+02
4.4000013076111736e+02
4.4001486844348869e+02
4.4000000230754057e+02
4.4000000172936706e+02
4.4000000171891054e+02
4.4000000158879919e+02
4.4000000146856070e+02
4.4000000135746711e+02
4.4000000125477681e+02
4.4000000115984795e+02
4.4000000107215635e+02
4.4000000099110963e+02
4.4000000091610161e+02
4.4000000084682682e+02
4.4000000078276202e+02
4.4000000072361109e+02
4.4000000066886616e+02
4.4000000061833896e+02
4.4000000057160639e+02
4.4000000052842682e+02
4.4000000048846357e+02
4.4000000045154411e+02
4.4000000041736484e+02
4.4000000038586035e+02
4.4000000035667978e+02
4.4000000032969456e+02
4.4000000030480021e+02
4.4000000028182751e+02
4.4000000026055363e+02
4.4000000024088371e+02
4.4000000022264754e+02
4.4000000020585003e+02
4.4000000019032876e+02
4.4000000017590764e+02
4.4000000016265602e+02
4.4000000015039467e+02
4.4000000013903269e+02
4.4000000012847033e+02
4.4000000011882264e+02
4.4000000010986241e+02
4.4000000010162159e+02
4.4000000009392818e+02
4.4000000008679854e+02
4.4000000008026950e+02
4.4010759736214231e+02
4.4000000060399810e+02
4.4000397965941130e+02
4.4010316094021630e+02
4.4000000051520942e+02
4.3999685554377879e+02
4.4007904879038324e+02
4.4000000035112896e+02
4.4000842479001687e+02
4.4009148542978778e+02
4.4000000036340612e+02
4.3998864883692318e+02
4.4004567113225198e+02
4.4000000016650029e+02
4.4002154479066343e+02
4.4010044100745625e+02
4.4000000033300620e+02
4.3996603180856971e+02
4.3998878043292285e+02
4.4005992282631928e+02
4.4000000019206664e+02
4.3999397358575595e+02
4.4003393357694699e+02
4.4000000007946699e+02
4.4001179691913245e+02
4.4006261300276799e+02
4.4000000014437398e+02
4.3998168266196024e+02
4.4000116000479045e+02
4.4005288562780487e+02
4.4000000009538132e+02
4.3998490026163256e+02
4.4000204088792572e+02
4.4004669054201753e+02
4.4000000012751212e+02
4.3998576983438272e+02
4.4000000000097793e+02
4.4003777960911759e+02
4.4000000010953232e+02
4.3998972324388785e+02
4.3999999999818107e+02
4.4003061511928257e+02
4.4000000008120560e+02
4.3999270161830793e+02
4.3999999999654790e+02
4.4002484741043946e+02
4.4000000006107314e+02
4.3999493172695236e+02
4.3999999999566325e+02
4.4002019796370132e+02
4.4000000004660779e+02
4.3999658931459533e+02
4.3999999999525272e+02
4.4001644477895672e+02
4.4000000003601707e+02
4.3999781035429316e+02
4.3999999999513653e+02
4.4001341075389075e+02
4.4000000002818456e+02
4.3999869984978875e+02
4.3999999999513869e+02
4.4001095447548562e+02
4.4000000002234526e+02
4.3999933871683254e+02
4.3999999999516143e+02
4.4000896291962835e+02
4.4000000001788260e+02
4.3999978915882838e+02
4.3999999999544264e+02
4.4000734566081439e+02
4.4000000001454214e+02
4.4000009886323801e+02
4.3999999999566177e+02
4.4000603027629234e+02
4.4000000001192655e+02
4.4000030427409990e+02
4.3999999999590523e+02
4.4000495869776762e+02
4.4000000000985239e+02
4.4000043314230049e+02
4.3999999999613374e+02
4.4000408431146053e+02
4.4000000000819585e+02
4.4000050651046968e+02
4.3999999999640767e+02
4.4000336965313323e+02
4.4000000000686214e+02
4.4000054025600718e+02
4.3999999999667847e+02
4.4000278457373378e+02
4.4000000000592581e+02
4.4000054628970457e+02
4.3999999999698946e+02
4.4000230477904768e+02
4.4000000000506913e+02
4.4000053348399217e+02
4.3999999999716351e+02
4.4000191066554709e+02
4.4000000000435409e+02
4.4000050839297216e+02
4.3999999999742903e+02
4.4000158639314873e+02
4.4000000000380197e+02
4.4000047580731228e+02
4.3999999999770023e+02
4.4000131914298333e+02
4.4000000000331107e+02
