0.0000000000000000e+00
0.0000000000000000e+00
0.0000000000000000e+00
0.0000000000000000e+00
0.0000000000000000e+00
0.0000000000000000e+00
0.0000000000000000e+00
2.5641040120108850e-02
1.9132200975471911e-01
4.9165623303707062e-01
9.2146474574406989e-01
1.1937161018359710e+00
1.3144711950803218e+00
1.3144711950803232e+00
1.3144711950803232e+00
1.3144711950803227e+00
1.3144711950803236e+00
1.3144711950803261e+00
1.3144711950803272e+00
1.3144711950803289e+00
1.3144711950803289e+00
1.3144711950803281e+00
1.3144711950803274e+00
1.3144711950803285e+00
1.3144711950803309e+00
1.3144711950803303e+00
1.3144711950803309e+00
1.3141084617497005e+00
1.1727345424545956e+00
8.9577240751150511e-01
4.8843698686658871e-01
2.3779351801626042e-01
1.3781639588121983e-01
1.3781639588121963e-01
1.3781639588121949e-01
1.3781639588121952e-01
1.3781639588121947e-01
1.3781639588121938e-01
1.3781639588121922e-01
1.3781639588121927e-01
1.3781639588121933e-01
1.3781639588121930e-01
1.3781639588121913e-01
1.3781639588121886e-01
1.3781639588121880e-01
1.3781639588121880e-01
1.3781639588121897e-01
1.3781639588121886e-01
2.3129872267213969e-01
4.6221146892665105e-01
8.2526855987792769e-01
1.0333358385492932e+00
1.0923754542356576e+00
1.0923754542356565e+00
1.0923754542356574e+00
1.0923754542356590e+00
1.0923754542356585e+00
1.0923754542356601e+00
1.0923754542356590e+00
1.0923754542356598e+00
1.0923754542356594e+00
1.0923754542356596e+00
1.0923754542356587e+00
1.0923754542356583e+00
1.0923754542356592e+00
1.0923754542356603e+00
1.0923754542356603e+00
1.0923754542356607e+00
1.0146000918519560e+00
7.9879078262524628e-01
4.5025615477236236e-01
2.5615189436874936e-01
2.1053937898964026e-01
2.1053937898964031e-01
2.1053937898964037e-01
2.1053937898964012e-01
2.1053937898963990e-01
2.1053937898963992e-01
2.1053937898964031e-01
2.1053937898964023e-01
2.1053937898964023e-01
2.1053937898964015e-01
2.1053937898963992e-01
2.1053937898964004e-01
2.1053937898964054e-01
2.1053937898964020e-01
2.1053937898964042e-01
2.1053937898964031e-01
2.5034932848486002e-01
4.2965421574471890e-01
7.4308836419903823e-01
9.0344126143941272e-01
9.1660165066461541e-01
9.1660165066461297e-01
9.1660165066461285e-01
9.1660165066461419e-01
9.1660165066461374e-01
9.1660165066461463e-01
9.1660165066461530e-01
9.1660165066461485e-01
9.1660165066461752e-01
9.1660165066461741e-01
9.1660165066461907e-01
9.1660165066461896e-01
9.1660165066461941e-01
9.1660165066461863e-01
9.1660165066461852e-01
9.1660165066461763e-01
8.8632105096439551e-01
7.1617992542092723e-01
4.1155701172404863e-01
2.5967554172658058e-01
2.5466185091968557e-01
2.5466185091968574e-01
2.5466185091968624e-01
2.5466185091968602e-01
2.5466185091968591e-01
2.5466185091968624e-01
2.5466185091968607e-01
2.5466185091968652e-01
2.5466185091968663e-01
2.5466185091968702e-01
2.5466185091968674e-01
2.5466185091968718e-01
2.5466185091968718e-01
2.5466185091968707e-01
2.5466185091968735e-01
2.5466185091968740e-01
2.5466185091968702e-01
3.9561204788190174e-01
6.7216668616596542e-01
7.9705850565340053e-01
7.9705850565340031e-01
7.9705850565340097e-01
7.9705850565339942e-01
7.9705850565339875e-01
7.9705850565339831e-01
7.9705850565339620e-01
7.9705850565339587e-01
7.9705850565339720e-01
7.9705850565339809e-01
7.9705850565339764e-01
7.9705850565339764e-01
7.9705850565339664e-01
7.9705850565339542e-01
7.9705850565339476e-01
7.9705850565339409e-01
7.9705850565339231e-01
7.9705850565339253e-01
6.6164263829150372e-01
3.9040943622183116e-01
2.7063344920869520e-01
2.7063344920869542e-01
2.7063344920869520e-01
2.7063344920869531e-01
2.7063344920869536e-01
2.7063344920869536e-01
2.7063344920869592e-01
2.7063344920869609e-01
2.7063344920869631e-01
2.7063344920869609e-01
