0.0000000000000000e+00
-4.0000000002112087e-04
-8.0000000001558002e-04
-1.2001600640379319e-03
-1.6000000001408577e-03
-1.9999998721695537e-03
-2.4001598081218583e-03
-2.8076923695709724e-03
-3.2573985316104847e-03
-3.7474986372184708e-03
-4.2764410544056221e-03
-3.9581148310025823e-03
-3.5943436251452427e-03
-3.1943429435748127e-03
-2.7945021985766472e-03
-2.3943413586625679e-03
-1.9943405833971538e-03
-1.5944997447789632e-03
-1.1943413586609610e-03
-7.9434303522953509e-04
-3.9434135853936853e-04
5.6586414618551271e-06
4.0565864146132724e-04
8.0549870543300409e-04
1.2056586413363864e-03
1.6056585133158920e-03
2.0054984493682315e-03
2.4057674612232970e-03
2.8481776813145620e-03
3.3312664533608899e-03
3.8534672139062076e-03
3.5286619441431246e-03
3.1586528574200500e-03
2.7586540104611911e-03
2.3584951003984833e-03
1.9586550810971565e-03
1.5586551258036222e-03
1.1584951065175000e-03
7.5865508109658410e-04
3.5865511967798637e-04
-4.1344918778289265e-05
-4.4134491877816578e-04
-8.4134491877907729e-04
-1.2415049828069318e-03
-1.6413449189041540e-03
-2.0413447909266020e-03
-2.4415047268739345e-03
-2.8413449189035856e-03
-3.2693904764621966e-03
-3.7386652836694967e-03
-4.2475822684211340e-03
-3.9100007520144866e-03
-3.5277148308707172e-03
-3.1277130182350375e-03
-2.7278711430764515e-03
-2.3277126364075161e-03
-1.9277141925210621e-03
-1.5278756834183247e-03
-1.1277126364126263e-03
-7.2770965582066166e-04
-3.2771263628453328e-04
7.2287363714411163e-05
4.7228736371517836e-04
8.7212742768800523e-04
1.2722873635907152e-03
1.6722872355681958e-03
2.0721271716202202e-03
2.4722873635904391e-03
2.8956193774194294e-03
3.3603608762668886e-03
3.8649214035705263e-03
3.5231544312416220e-03
3.1368360273335630e-03
2.7368379659356229e-03
2.3366798420631097e-03
1.9368381861686202e-03
1.5368365929724242e-03
1.1366749344736021e-03
7.3683818616345810e-04
3.3684150447819879e-04
-6.3161813706777930e-05
-4.6316181370878001e-04
-8.6316181370778115e-04
-1.2633218777352113e-03
-1.6631618138325795e-03
-2.0631616858560412e-03
-2.4633216218045723e-03
-2.8631618138333995e-03
-3.2751049544402378e-03
-3.7288981649434378e-03
-4.2229282624966381e-03
-3.8710323788774372e-03
-3.4749826370499958e-03
-3.0749805152285007e-03
-2.6751383311315003e-03
-2.2749804953342227e-03
-1.8749827217827723e-03
-1.4751448824786473e-03
-1.0749804953405586e-03
-6.7497617568932505e-04
-2.7498049521150150e-04
1.2501950478563043e-04
5.2501950478696347e-04
9.2485956876040996e-04
1.3250195046620916e-03
1.7250193766386339e-03
2.1248593126901912e-03
2.5250195046627698e-03
2.9341035945191327e-03
3.3851440843567226e-03
3.8765311010273426e-03
3.5220973370353906e-03
3.1235993335838519e-03
2.7236014425035121e-03
2.3234434890830203e-03
1.9236014445903112e-03
1.5235994624849252e-03
1.1234374147655656e-03
7.2360144458379679e-04
3.2360554165001681e-04
-7.6398555285888677e-05
-4.7639855528829972e-04
-8.7639855528738348e-04
-1.2765586193143634e-03
-1.6763985554121138e-03
-2.0763984274358963e-03
-2.4765583633855242e-03
-2.8763985554121347e-03
-3.2763986835698030e-03
-3.7186855553878453e-03
-4.2016517988527199e-03
-3.8391175521405802e-03
-3.4391192462808109e-03
-3.0392808750952047e-03
-2.6391175518346065e-03
-2.2391142952074418e-03
-1.8392709772120609e-03
-1.4391175518255735e-03
-1.0391241851572851e-03
-6.3911755170965748e-04
-2.3911755170591235e-04
1.6088244829267503e-04
5.6088244829300392e-04
9.6072251226543852e-04
1.3608824481679211e-03
1.7608823201450483e-03
2.1607222561974872e-03
2.5608824481669224e-03
2.9608825760069003e-03
3.4015053919052348e-03
3.8828753387434903e-03
3.5188099647913223e-03
3.1188084255125729e-03
2.7186468209737529e-03
2.3188099650991627e-03
1.9188131757637756e-03
1.5186563249701603e-03
1.1188099651073598e-03
7.1880366417927794e-04
3.1880996522464861e-04
-8.1190034771619178e-05
