0.0000000000000000e+00
1.0000000000576372e-04
2.0000000000826177e-04
2.9999000101181930e-04
4.0000000008097507e-04
4.9999999815124048e-04
5.9998999722175460e-04
7.0384614981753180e-04
8.2869813422719045e-04
9.7374827879722508e-04
1.1382195670993243e-03
1.0790574153861964e-03
9.9717048439348097e-04
8.9717058174730937e-04
7.9716067811988413e-04
6.9717067934515868e-04
5.9717068157030470e-04
4.9716068279514829e-04
3.9717067934442671e-04
2.9717067689275477e-04
1.9717067927164871e-04
9.7170679271654705e-05
-2.8293207281122013e-06
-1.0283932172870232e-04
-2.0282932065549672e-04
-3.0282931858118033e-04
-4.0283931750739228e-04
-5.0288373064441430e-04
-6.2408998810950078e-04
-7.6563429398834220e-04
-9.2673459498698700e-04
-8.6433097218451731e-04
-7.7932773490252492e-04
-6.7932760885518315e-04
-5.7933748183311613e-04
-4.7932754053398653e-04
-3.7932760022279404e-04
-2.7933765889917735e-04
-1.7932754053273686e-04
-7.9327423189983417e-05
2.0672459394413641e-05
1.2067245939444477e-04
2.2067245939452886e-04
3.2066246039452631e-04
4.2067245946789556e-04
5.2067245754175645e-04
6.2066245661661780e-04
7.2067245946869107e-04
8.3469473391106232e-04
9.6933155790619133e-04
1.1237901334055363e-03
1.0550003758971103e-03
9.6385612969961511e-04
8.6385629511255839e-04
7.6384645955920015e-04
6.6385631822111764e-04
5.6385617785524480e-04
4.6384603646093661e-04
3.6385631822401492e-04
2.6385660104305552e-04
1.6385631814848858e-04
6.3856318149810987e-05
-3.6143681850520045e-05
-1.3615368285106752e-04
-2.3614368177780554e-04
-3.3614367970399693e-04
-4.3615367863005877e-04
-5.3614368177683106e-04
-6.4781003777652688e-04
-7.8018154357654024e-04
-9.3246172519427354e-04
-8.6157721572828602e-04
-7.6841928197959961e-04
-6.6841910757080986e-04
-5.6842893219752799e-04
-4.6841909306481039e-04
-3.6841925489963502e-04
-2.6842941570228817e-04
-1.6841909306106469e-04
-6.8418771484063788e-05
3.1580906863504368e-05
1.3158090686432356e-04
2.3158090686458226e-04
3.3157090786470653e-04
4.3158090693816317e-04
5.3158090501090414e-04
6.3157090408403889e-04
7.3158090693788732e-04
8.3755238577033308e-04
9.6444796517641156e-04
1.1114630996528815e-03
1.0355161893333858e-03
9.3749006388198350e-04
8.3749024656571769e-04
7.3748042828588527e-04
6.3749024768710390e-04
5.3749006805220564e-04
4.3747988738047808e-04
3.3749024769089912e-04
2.3749060907305775e-04
1.3749024761424469e-04
3.7490247615547487e-05
-6.2509752384739601e-05
-1.6251975338596924e-04
-2.6250975231224496e-04
-3.6250975023819563e-04
-4.6251974916345972e-04
-5.6250975231134635e-04
-6.6705185016427697e-04
-7.9257317658833659e-04
-9.3826660074428233e-04
-8.6104866862315727e-04
-7.6180090717143105e-04
-6.6180072256045270e-04
-5.6181053698582163e-04
-4.6180072227237521e-04
-3.6180090852218328e-04
-2.6181109373454246e-04
-1.6180072226850147e-04
-6.1800351876365120e-05
3.8199277655057289e-05
1.3819927765600971e-04
2.3819927765581184e-04
3.3818927865613443e-04
4.3819927773056561e-04
5.3819927580470021e-04
6.3818927487896589e-04
7.3819927773081343e-04
8.3819927958246631e-04
9.5934163660056529e-04
1.1008248446362180e-03
1.0195587759680902e-03
9.1955867146011018e-04
8.1954856593084019e-04
7.1955877594305875e-04
6.1955898699784379e-04
5.1954919709422929e-04
4.1955877593782560e-04
3.1955835569716785e-04
2.1955877587033205e-04
1.1955877586734976e-04
1.9558775867870417e-05
-8.0441224132405179e-05
-1.8045122513257240e-04
-2.8044122405900738e-04
-3.8044122198575744e-04
-4.8045122091162798e-04
-5.8044122406019575e-04
-6.8044122620821270e-04
-8.0075375933952384e-04
-9.4143874021785983e-04
-8.5940498249881129e-04
-7.5940508029423426e-04
-6.5941517706964400e-04
-5.5940498252476847e-04
-4.5940478901828989e-04
-3.5941459455068441e-04
-2.5940498253003295e-04
-1.5940537143195122e-04
-5.9404982598534475e-05
4.0595017399229735e-05
