0.0000000000000000e+00
1.0000000000497821e-04
2.0000000000899816e-04
2.9999000101259922e-04
4.0000000008217208e-04
4.9999999815235623e-04
5.9998999722321133e-04
7.0384614981831471e-04
8.2869813422751712e-04
9.7374827879764933e-04
1.1382195670999067e-03
1.0790574153877179e-03
9.9717048439436329e-04
8.9717058174696557e-04
7.9716067811903574e-04
6.9717067934524206e-04
5.9717068157125641e-04
4.9716068279762179e-04
3.9717067934410958e-04
2.9717067689053139e-04
1.9717067927197296e-04
9.7170679271655030e-05
-2.8293207282603762e-06
-1.0283932172827086e-04
-2.0282932065520109e-04
-3.0282931858178341e-04
-4.0283931750831900e-04
-5.0288373064444358e-04
-6.2408998810942445e-04
-7.6563429398852109e-04
-9.2673459498650095e-04
-8.6433097218477383e-04
-7.7932773490323214e-04
-6.7932760885600714e-04
-5.7933748183415827e-04
-4.7932754053408222e-04
-3.7932760022178563e-04
-2.7933765889741211e-04
-1.7932754053214659e-04
-7.9327423190847025e-05
2.0672459394999565e-05
1.2067245939519371e-04
2.2067245939543602e-04
3.2066246039547959e-04
4.2067245946884733e-04
5.2067245754249783e-04
6.2066245661649929e-04
7.2067245946860672e-04
8.3469473391140970e-04
9.6933155790660311e-04
1.1237901334064106e-03
1.0550003758976413e-03
9.6385612969960785e-04
8.6385629511284451e-04
7.6384645955883011e-04
6.6385631822116914e-04
5.6385617785527733e-04
4.6384603646064626e-04
3.6385631822359837e-04
2.6385660104300419e-04
1.6385631814900447e-04
6.3856318149309001e-05
-3.6143681850812638e-05
-1.3615368285179678e-04
-2.3614368177815812e-04
-3.3614367970447712e-04
-4.3615367862999025e-04
-5.3614368177724088e-04
-6.4781003777681940e-04
-7.8018154357731100e-04
-9.3246172519488016e-04
-8.6157721572862928e-04
-7.6841928198002397e-04
-6.6841910757179615e-04
-5.6842893219827913e-04
-4.6841909306517495e-04
-3.6841925490038301e-04
-2.6842941570284589e-04
-1.6841909306190692e-04
-6.8418771485853196e-05
3.1580906862737525e-05
1.3158090686438747e-04
2.3158090686381671e-04
3.3157090786322340e-04
4.3158090693735083e-04
5.3158090501137750e-04
6.3157090408507441e-04
7.3158090693725914e-04
8.3755238576963453e-04
9.6444796517602775e-04
1.1114630996514737e-03
1.0355161893322693e-03
9.3749006388082643e-04
8.3749024656448734e-04
7.3748042828445780e-04
6.3749024768541753e-04
5.3749006805002618e-04
4.3747988737830279e-04
3.3749024768919009e-04
2.3749060907215226e-04
1.3749024761335177e-04
3.7490247613863816e-05
-6.2509752386383672e-05
-1.6251975338676494e-04
-2.6250975231325094e-04
-3.6250975023959539e-04
-4.6251974916467853e-04
-5.6250975231232733e-04
-6.6705185016554299e-04
-7.9257317658954071e-04
-9.3826660074602030e-04
-8.6104866862463309e-04
-7.6180090717176152e-04
-6.6180072256124850e-04
-5.6181053698721266e-04
-4.6180072227377513e-04
-3.6180090852311558e-04
-2.6181109373507475e-04
-1.6180072226932597e-04
-6.1800351878005654e-05
3.8199277653940832e-05
1.3819927765548967e-04
2.3819927765498809e-04
3.3818927865472508e-04
4.3819927772918048e-04
5.3819927580392609e-04
6.3818927487804475e-04
7.3819927773015749e-04
8.3819927958050445e-04
9.5934163659900371e-04
1.1008248446344874e-03
1.0195587759666916e-03
9.1955867145753509e-04
8.1954856592769665e-04
7.1955877593989027e-04
6.1955898699479295e-04
5.1954919709150003e-04
4.1955877593435642e-04
3.1955835569380753e-04
2.1955877586595470e-04
1.1955877586337417e-04
1.9558775863964145e-05
-8.0441224136361297e-05
-1.8045122513650485e-04
-2.8044122406329394e-04
-3.8044122199047356e-04
-4.8045122091698415e-04
-5.8044122406440831e-04
-6.8044122621172595e-04
-8.0075375934384894e-04
-9.4143874022312190e-04
-8.5940498250371101e-04
-7.5940508029922668e-04
-6.5941517707520064e-04
-5.5940498253006013e-04
-4.5940478902385510e-04
-3.5941459455626692e-04
-2.5940498253513699e-04
-1.5940537143653826e-04
-5.9404982603572363e-05
4.0595017394655771e-05
