0.0000000000000000e+00
4.4000000002331312e+01
8.8000000002138293e+01
1.3201320572442393e+02
1.7600000001958779e+02
2.1999998858827405e+02
2.6401318287029801e+02
3.0800000451747076e+02
3.5200015500743569e+02
3.9600014178114219e+02
4.4000013076101317e+02
3.9600000004957946e+02
3.5200018231425980e+02
3.0800013090315184e+02
2.6401327382407300e+02
2.2000000001950360e+02
1.7599993199198960e+02
1.3201305830144480e+02
8.8000000019263553e+01
4.4000147341469713e+01
2.1976152080292365e-09
4.3999999997939966e+01
8.7999999997877609e+01
1.3198680571541342e+02
1.7599999998046695e+02
2.1999998853216533e+02
2.6398678281028083e+02
3.0799999996963737e+02
3.5199984279050875e+02
3.9599985310420470e+02
4.3999986386251209e+02
3.9599999995032090e+02
3.5199982140136314e+02
3.0799991177682136e+02
2.6398679651336084e+02
2.1999999998048713e+02
1.7600000916722567e+02
1.3198681263354541e+02
8.7999999980324773e+01
4.3999993049406292e+01
2.2230334016304067e-09
4.4000000002215174e+01
8.8000000002315474e+01
1.3201320572478352e+02
1.7600000001978486e+02
2.1999998858824793e+02
2.6401318287016198e+02
3.0800000001974519e+02
3.5200006909492595e+02
3.9600014788905798e+02
4.4000013638949315e+02
3.9600000004957417e+02
3.5200017654231971e+02
3.0800003158674332e+02
2.6401308104405058e+02
2.2000000001945463e+02
1.7600012460525883e+02
1.3201344336150137e+02
8.8000000020162588e+01
4.3999762616150804e+01
2.2791017345330579e-09
4.3999999997560749e+01
8.7999999997640884e+01
1.3198680571532088e+02
1.7599999998028929e+02
2.1999998853181381e+02
2.6398678280986064e+02
3.0799999998018609e+02
3.5199995217470882e+02
3.9599984793832147e+02
4.3999985906040729e+02
3.9599999995047796e+02
3.5199982662767684e+02
3.0799998187670377e+02
2.6398693154304209e+02
2.1999999998065334e+02
1.7599987402086103e+02
1.3198654222361418e+02
8.7999999979877188e+01
4.4000263692847923e+01
2.0791908657386567e-09
4.4000000002343192e+01
8.8000000002263079e+01
1.3201320572464564e+02
1.7600000001969792e+02
2.1999998858820635e+02
2.6401318287014783e+02
3.0800000001975167e+02
3.5200001253039289e+02
3.9600015250690296e+02
4.4000014064671439e+02
3.9600000004940568e+02
3.5200017231554637e+02
3.0800000167142230e+02
2.6401302546226145e+02
2.2000000001939242e+02
1.7600018013896531e+02
1.3201355438110184e+02
8.8000000020287885e+01
4.3999651692628817e+01
2.1899465363978825e-09
4.3999999997484814e+01
8.7999999997609081e+01
1.3198680571533868e+02
1.7599999998020280e+02
2.1999998853162205e+02
2.6398678280958080e+02
3.0799999998017881e+02
3.5199999275046292e+02
3.9599984400995572e+02
4.3999985542032653e+02
3.9599999995048404e+02
3.5199983048300209e+02
3.0799999982218048e+02
2.6398696359066105e+02
2.1999999998052738e+02
1.7599984194521798e+02
1.3198647804457505e+02
8.7999999979569367e+01
4.4000327926936890e+01
2.2464100199872705e-09
4.4000000002551850e+01
8.8000000002428493e+01
1.3201320572481458e+02
1.7600000001996855e+02
2.1999998858860704e+02
2.6401318287070040e+02
3.0800000002001684e+02
3.5200001146078375e+02
3.9600015579866704e+02
4.4000014385463703e+02
3.9600000004948720e+02
3.5200013993706813e+02
3.0801347398613115e+02
2.6400000002028025e+02
2.1999973200992369e+02
1.7601265851483871e+02
1.3200000001904658e+02
8.8000546771061266e+01
4.4000000002848310e+01
2.2962525255629471e-09
4.3999999997567684e+01
8.7999999997624272e+01
1.3198680571520006e+02
1.7599999998016628e+02
2.1999998853172488e+02
2.6398678280982733e+02
3.0799999998017552e+02
3.5200001141909934e+02
3.9599985378622745e+02
4.3999985262336554e+02
3.9599999995058761e+02
3.5199987310003542e+02
3.0798654041688275e+02
2.6399999997995701e+02
2.2000026548989837e+02
1.7598732550690852e+02
1.3199999998111605e+02
8.7999479722777551e+01
4.3999999997462737e+01
2.0317494146196137e-09
