2.9999999999999983e+02
2.9999999999999983e+02
2.9999999999999983e+02
2.9999999999999983e+02
2.9999999999999983e+02
2.9999999999999983e+02
2.9999999999999983e+02
3.0792308139711065e+02
3.5142618897817158e+02
3.9452517308203102e+02
4.3723573652378082e+02
3.9241885174407196e+02
3.4805676872901961e+02
3.1183024075572104e+02
3.1183024075572104e+02
3.1183024075572104e+02
3.1183024075572104e+02
3.1183024075572104e+02
3.1183024075572104e+02
3.1183024075572104e+02
3.1183024075572104e+02
3.1183024075572104e+02
3.1183024075572104e+02
3.1183024075572104e+02
3.1183024075572104e+02
3.1183024075572104e+02
3.1183024075572104e+02
3.1194232535488607e+02
3.5551804641787220e+02
3.9868717032673931e+02
4.4146517482311157e+02
3.9671338050436964e+02
3.5241327058900720e+02
3.2242013394851034e+02
3.2242013394851034e+02
3.2242013394851034e+02
3.2242013394851034e+02
3.2242013394851034e+02
3.2242013394851034e+02
3.2242013394851034e+02
3.2242013394851034e+02
3.2242013394851034e+02
3.2242013394851034e+02
3.2242013394851034e+02
3.2242013394851034e+02
3.2242013394851034e+02
3.2242013394851034e+02
3.2242013394851034e+02
3.5130617292690920e+02
3.9461351348227748e+02
4.3752433070985910e+02
3.9289999253392580e+02
3.4872305017961224e+02
3.3101116547370032e+02
3.3101116547370032e+02
3.3101116547370032e+02
3.3101116547370032e+02
3.3101116547370032e+02
3.3101116547370032e+02
3.3101116547370032e+02
3.3101116547370032e+02
3.3101116547370032e+02
3.3101116547370032e+02
3.3101116547370032e+02
3.3101116547370032e+02
3.3101116547370032e+02
3.3101116547370032e+02
3.3101116547370032e+02
3.5504375245026495e+02
3.9839622028619755e+02
4.4135062752472442e+02
3.9676845563358432e+02
3.5263144476464623e+02
3.3894769015091390e+02
3.3894769015091390e+02
3.3894769015091390e+02
3.3894769015091390e+02
3.3894769015091390e+02
3.3894769015091390e+02
3.3894769015091390e+02
3.3894769015091390e+02
3.3894769015091390e+02
3.3894769015091390e+02
3.3894769015091390e+02
3.3894769015091390e+02
3.3894769015091390e+02
3.3894769015091390e+02
3.3894769015091390e+02
3.5124896454493802e+02
3.9471118985966842e+02
4.3777087555411663e+02
3.9328967626508711e+02
3.4925036736355173e+02
3.4530225059598979e+02
3.4530225059598979e+02
3.4530225059598979e+02
3.4530225059598979e+02
3.4530225059598979e+02
3.4530225059598979e+02
3.4530225059598979e+02
3.4530225059598979e+02
3.4530225059598979e+02
3.4530225059598979e+02
3.4530225059598979e+02
3.4530225059598979e+02
3.4530225059598979e+02
3.4530225059598979e+02
3.4530225059598979e+02
3.5465895590335703e+02
3.9814838378621937e+02
4.4123452645549963e+02
3.9677902657566500e+02
3.5276381603576220e+02
3.5125970879369322e+02
3.5125970879369322e+02
3.5125970879369322e+02
3.5125970879369322e+02
3.5125970879369322e+02
3.5125970879369322e+02
3.5125970879369322e+02
3.5125970879369322e+02
3.5125970879369322e+02
3.5125970879369322e+02
3.5125970879369322e+02
3.5125970879369322e+02
3.5125970879369322e+02
3.5125970879369322e+02
3.5125970879369322e+02
3.5125970879369322e+02
3.9481331965502022e+02
4.3798364379613804e+02
3.9360882453252572e+02
3.5614127868629697e+02
3.5614127868629697e+02
3.5614127868629697e+02
3.5614127868629697e+02
3.5614127868629697e+02
3.5614127868629697e+02
3.5614127868629697e+02
3.5614127868629697e+02
3.5614127868629697e+02
3.5614127868629697e+02
3.5614127868629697e+02
3.5614127868629697e+02
3.5614127868629697e+02
3.5614127868629697e+02
3.5614127868629697e+02
3.5614127868629697e+02
3.5614127868629697e+02
3.9798478170110354e+02
4.4117108093203268e+02
3.9681190029821568e+02
3.6087910419429664e+02
3.6087910419429664e+02
3.6087910419429664e+02
3.6087910419429664e+02
3.6087910419429664e+02
3.6087910419429664e+02
3.6087910419429664e+02
3.6087910419429664e+02
3.6087910419429664e+02
