0.0000000000000000e+00
0.0000000000000000e+00
-6.9333333459933435e+00
-2.0052202087469169e+01
-2.2677107593082425e+01
-2.3202449257513983e+01
-2.3202449257513983e+01
-2.3202449257513983e+01
-2.3202449257513983e+01
-2.3202449257513901e+01
-2.3202449257513919e+01
-2.3202449257513919e+01
-2.3202449257513919e+01
-1.3814910539848682e+01
-1.1939254779519834e+01
-1.1564307817732159e+01
-1.1564307817732159e+01
-1.1564307817732152e+01
-1.1564307817732152e+01
-1.1564307817732146e+01
-1.1564307817732159e+01
-1.1564307817732159e+01
-1.1564307817732159e+01
-1.1564307817732159e+01
-1.1564307817732153e+01
-1.1564307817732168e+01
-1.1564307817732168e+01
-1.1564307817732168e+01
-1.1564307817732168e+01
-1.1564307817732143e+01
-1.1564307817732139e+01
-1.1564307817732139e+01
-1.1564307817732139e+01
-1.1494082184418184e+01
-1.1480246609970406e+01
-1.1469509400547794e+01
-1.1469509400547793e+01
-1.1469509400547793e+01
-1.1469509400547796e+01
-1.1469509400547809e+01
-1.1469509400547803e+01
-1.1469509400547803e+01
-1.1469509400547805e+01
-1.1469509400547805e+01
-1.1469509400547793e+01
-1.1469509400547780e+01
-1.1469509400547780e+01
-1.1469509400547780e+01
-1.1469509400547780e+01
-1.1469509400547796e+01
-1.1469509400547812e+01
-1.1469509400547812e+01
-1.1469509400547812e+01
-1.1469509400547812e+01
-1.1469509400547805e+01
-1.1469509400547821e+01
-1.1469509400547821e+01
-1.1469509400547823e+01
-1.1469509400547823e+01
-1.1469509400547826e+01
-1.1469509400547828e+01
-1.1469509400547828e+01
-1.1469509400547828e+01
-1.1469509400547828e+01
-1.1469509400547825e+01
-1.1469509400547818e+01
-1.1469509400547818e+01
-1.1469509400547818e+01
-1.1469509400547818e+01
-1.1469509400547816e+01
-1.1469509400547809e+01
-1.1469509400547809e+01
-1.1469509400547809e+01
-1.1469509400547809e+01
-1.1469509400547809e+01
-1.1469509400547818e+01
-1.1469509400547818e+01
-1.1469509400547810e+01
-1.1469509400547807e+01
-1.1469509400547798e+01
-1.1469509400547819e+01
