0.0000000000000000e+00
0.0000000000000000e+00
3.4666666729966717e+00
1.0026101043734570e+01
1.1338553796541193e+01
1.1601224628756965e+01
1.1601224628756958e+01
1.1601224628756947e+01
1.1601224628756944e+01
1.1601224628756922e+01
1.1601224628756944e+01
1.1601224628756929e+01
1.1601224628756933e+01
6.9074552699239815e+00
5.9696273897593404e+00
5.7821539088654887e+00
5.7821539088654941e+00
5.7821539088654941e+00
5.7821539088654896e+00
5.7821539088654950e+00
5.7821539088654843e+00
5.7821539088654852e+00
5.7821539088654745e+00
5.7821539088654719e+00
5.7821539088654665e+00
5.7821539088654825e+00
5.7821539088654843e+00
5.7821539088654861e+00
5.7821539088654941e+00
5.7821539088654896e+00
5.7821539088654887e+00
5.7821539088654905e+00
5.7821539088654852e+00
5.7470410922085131e+00
5.7401233049846239e+00
5.7347547002733119e+00
5.7347547002733155e+00
5.7347547002733128e+00
5.7347547002733119e+00
5.7347547002733208e+00
5.7347547002733270e+00
5.7347547002733306e+00
5.7347547002733270e+00
5.7347547002733217e+00
5.7347547002733261e+00
5.7347547002733030e+00
5.7347547002733155e+00
5.7347547002733155e+00
5.7347547002733137e+00
5.7347547002733243e+00
5.7347547002733315e+00
5.7347547002733394e+00
5.7347547002733483e+00
5.7347547002733457e+00
5.7347547002733457e+00
5.7347547002733528e+00
5.7347547002733421e+00
5.7347547002733430e+00
5.7347547002733412e+00
5.7347547002733466e+00
5.7347547002733377e+00
5.7347547002733323e+00
5.7347547002733315e+00
5.7347547002733350e+00
5.7347547002733350e+00
5.7347547002733199e+00
5.7347547002733323e+00
5.7347547002733270e+00
5.7347547002733332e+00
5.7347547002733537e+00
5.7347547002733545e+00
5.7347547002733430e+00
5.7347547002733457e+00
5.7347547002733510e+00
5.7347547002733492e+00
5.7347547002733448e+00
5.7347547002733474e+00
5.7347547002733528e+00
5.7347547002733483e+00
5.7347547002733332e+00
5.7347547002733439e+00
