0.0000000000000000e+00
0.0000000000000000e+00
3.4666666729966717e+00
1.0026101043734570e+01
1.1338553796541220e+01
1.1601224628756974e+01
1.1601224628756970e+01
1.1601224628756963e+01
1.1601224628756949e+01
1.1601224628756903e+01
1.1601224628756910e+01
1.1601224628756903e+01
1.1601224628756903e+01
6.9074552699245917e+00
5.9696273897603884e+00
5.7821539088665688e+00
5.7821539088665777e+00
5.7821539088665830e+00
5.7821539088665821e+00
5.7821539088665812e+00
5.7821539088665928e+00
5.7821539088665954e+00
5.7821539088665821e+00
5.7821539088665812e+00
5.7821539088665714e+00
5.7821539088665759e+00
5.7821539088665785e+00
5.7821539088665812e+00
5.7821539088665901e+00
5.7821539088665848e+00
5.7821539088665705e+00
5.7821539088665705e+00
5.7821539088665661e+00
5.7470410922095914e+00
5.7401233049856950e+00
5.7347547002743822e+00
5.7347547002743848e+00
5.7347547002743857e+00
5.7347547002743839e+00
5.7347547002743866e+00
5.7347547002743973e+00
5.7347547002743990e+00
5.7347547002743955e+00
5.7347547002743919e+00
5.7347547002744008e+00
5.7347547002743990e+00
5.7347547002744079e+00
5.7347547002744061e+00
5.7347547002744017e+00
5.7347547002744079e+00
5.7347547002744133e+00
5.7347547002744284e+00
5.7347547002744346e+00
5.7347547002744435e+00
5.7347547002744452e+00
5.7347547002744488e+00
5.7347547002744363e+00
5.7347547002744363e+00
5.7347547002744346e+00
5.7347547002744310e+00
5.7347547002744284e+00
5.7347547002744239e+00
5.7347547002744239e+00
5.7347547002744275e+00
5.7347547002744257e+00
5.7347547002744319e+00
5.7347547002744408e+00
5.7347547002744390e+00
5.7347547002744488e+00
5.7347547002744479e+00
5.7347547002744399e+00
5.7347547002744301e+00
5.7347547002744310e+00
5.7347547002744381e+00
5.7347547002744381e+00
5.7347547002744443e+00
5.7347547002744488e+00
5.7347547002744506e+00
5.7347547002744479e+00
5.7347547002744452e+00
5.7347547002744328e+00
