0.0000000000000000e+00
-1.6000000054194063e-03
-4.2400000026514336e-03
-7.0077583406432074e-03
-7.4015661763981739e-03
-7.4804181760395943e-03
-5.8803675162033865e-03
-4.2803673925149105e-03
-3.4803673886271798e-03
-3.4803673886273771e-03
-3.4803673886270097e-03
-1.8803673940106652e-03
-2.8036739260616509e-04
1.9277264923076593e-03
2.2091117657403762e-03
2.2653279160852230e-03
6.6535368944085340e-04
-9.3464617662046188e-04
-1.7346461726588994e-03
-1.7346461726584020e-03
-1.7346461726580268e-03
-3.3346461780777055e-03
-4.9346461766656916e-03
-5.7352004163091740e-03
-5.7352004246043935e-03
-5.7352004328997779e-03
-4.1346461780487863e-03
-2.5346461751043310e-03
-1.7346461726579509e-03
-1.7346461726587023e-03
-1.7346461726587691e-03
-1.3464617804161258e-04
1.4653538233620803e-03
2.2755021077414056e-03
2.2775577851181263e-03
2.2796134582682855e-03
6.7957345032913395e-04
-9.2042641497342077e-04
-1.7204264100814236e-03
-1.7204264100811649e-03
-1.7204264100810437e-03
-3.3204264155005884e-03
-4.9204264140887419e-03
-5.7204264102744028e-03
-5.7204264102748079e-03
-5.7204264102751158e-03
-4.1204264154652117e-03
-2.5204264140616358e-03
-1.7204264100815310e-03
-1.7204264100814798e-03
-1.7204264100808820e-03
-1.2042641546466015e-04
1.4795735859394013e-03
2.2795735881719478e-03
2.2795735881532015e-03
2.2795735881342210e-03
6.7957358450035008e-04
-9.2042641408794407e-04
-1.7204264100796271e-03
-1.7204264100796770e-03
-1.7204264100799556e-03
-3.3204264154988094e-03
-4.9204264140864798e-03
-5.7204264102720410e-03
-5.7204264102720410e-03
-5.7204264102717773e-03
-4.1204264154624543e-03
-2.5204264140587245e-03
-1.7204264100790614e-03
-1.7204264100784460e-03
-1.7204264100784210e-03
-1.2042641546237680e-04
1.4795735859414454e-03
2.2795735881741700e-03
2.2795735881549631e-03
2.2795735881364614e-03
6.7957358450230533e-04
-9.2042641408558224e-04
-1.7204264100781936e-03
-1.7204264100779752e-03
-1.7204264100783595e-03
