0.0000000000000000e+00
4.0000000143567934e-04
1.3200000012759082e-03
2.5038907158216467e-03
2.7007830754193630e-03
2.7401636801025735e-03
2.3401837698068333e-03
1.9401836965174538e-03
1.7401836943124747e-03
1.7401836943120366e-03
1.7401836943118179e-03
1.3401836957368453e-03
9.4018369664721445e-04
3.5923543829115524e-05
-1.0455588933481959e-04
-1.3268710735694840e-04
2.6732316650503711e-04
6.6732308861011474e-04
8.6732308632934399e-04
8.6732308632997380e-04
8.6732308632967488e-04
1.2673230877653162e-03
1.6673230886787150e-03
1.8672881133313275e-03
1.8672881129777495e-03
1.8672881126240422e-03
1.4673230877556298e-03
1.0673230877638192e-03
8.6732308632864684e-04
8.6732308632888201e-04
8.6732308632984142e-04
4.6732308775464682e-04
6.7323088664672954e-05
-1.3790768100450254e-04
-1.3894714831458603e-04
-1.3998661670509523e-04
2.6021328621240135e-04
6.6021320698311488e-04
8.6021320504172001e-04
8.6021320504186800e-04
8.6021320504215196e-04
1.2602132064776428e-03
1.6602132073907853e-03
1.8602132051550183e-03
1.8602132051556352e-03
1.8602132051557480e-03
1.4602132064668433e-03
1.0602132073771230e-03
8.6021320504246583e-04
8.6021320504261979e-04
8.6021320504290797e-04
4.6021320646671623e-04
6.0213207377339673e-05
-1.3978679494454311e-04
-1.3978679494483729e-04
-1.3978679494485653e-04
2.6021320647859623e-04
6.6021320739195971e-04
8.6021320504318152e-04
8.6021320504339348e-04
8.6021320504274100e-04
1.2602132064800516e-03
1.6602132073934835e-03
1.8602132051586131e-03
1.8602132051585589e-03
1.8602132051581490e-03
1.4602132064692364e-03
1.0602132073799250e-03
8.6021320504426268e-04
8.6021320504407826e-04
8.6021320504345430e-04
4.6021320646784619e-04
6.0213207379567743e-05
-1.3978679494365678e-04
-1.3978679494385698e-04
-1.3978679494364987e-04
2.6021320647855899e-04
6.6021320739135516e-04
8.6021320504256374e-04
8.6021320504271889e-04
8.6021320504194195e-04
