0.0000000000000000e+00
4.0000000143567934e-04
1.3200000012759082e-03
2.5038907158216467e-03
2.7007830754194151e-03
2.7401636801024820e-03
2.3401837698067934e-03
1.9401836965173029e-03
1.7401836943128682e-03
1.7401836943123294e-03
1.7401836943120644e-03
1.3401836957375852e-03
9.4018369664831730e-04
3.5923543829748623e-05
-1.0455588933378003e-04
-1.3268710735628520e-04
2.6732316650519258e-04
6.6732308861097820e-04
8.6732308632962870e-04
8.6732308632983665e-04
8.6732308632992642e-04
1.2673230877655501e-03
1.6673230886787588e-03
1.8672881133314416e-03
1.8672881129776758e-03
1.8672881126236161e-03
1.4673230877558893e-03
1.0673230877642917e-03
8.6732308633004557e-04
8.6732308632958782e-04
8.6732308632974666e-04
4.6732308775486941e-04
6.7323088666252040e-05
-1.3790768100352071e-04
-1.3894714831395587e-04
-1.3998661670453128e-04
2.6021328621334732e-04
6.6021320698390873e-04
8.6021320504213938e-04
8.6021320504210187e-04
8.6021320504137426e-04
1.2602132064782295e-03
1.6602132073918936e-03
1.8602132051560812e-03
1.8602132051557690e-03
1.8602132051564312e-03
1.4602132064677883e-03
1.0602132073787430e-03
8.6021320504343240e-04
8.6021320504422777e-04
8.6021320504489922e-04
4.6021320646973910e-04
6.0213207380103915e-05
-1.3978679494269303e-04
-1.3978679494346341e-04
-1.3978679494309042e-04
2.6021320648060477e-04
6.6021320739398078e-04
8.6021320504544121e-04
8.6021320504520073e-04
8.6021320504456301e-04
1.2602132064812534e-03
1.6602132073946876e-03
1.8602132051594388e-03
1.8602132051595628e-03
1.8602132051597881e-03
1.4602132064712170e-03
1.0602132073814978e-03
8.6021320504652769e-04
8.6021320504648074e-04
8.6021320504677196e-04
4.6021320647124408e-04
6.0213207381826407e-05
-1.3978679494097788e-04
-1.3978679494155063e-04
-1.3978679494187806e-04
2.6021320648184109e-04
6.6021320739506693e-04
8.6021320504538234e-04
8.6021320504568928e-04
8.6021320504484316e-04
