0.0000000000000000e+00
0.0000000000000000e+00
1.0400000018990010e-03
3.0078303131203746e-03
3.4015661389623633e-03
3.4803673886270965e-03
3.4803673886270965e-03
3.4803673886270965e-03
3.4803673886270965e-03
3.4803673886270965e-03
3.4803673886270965e-03
3.4803673886270965e-03
3.4803673886270965e-03
4.8884981962768826e-03
5.1698465603262096e-03
5.2260886045943609e-03
5.2260886045943609e-03
5.2260886045943609e-03
5.2260886045943609e-03
5.2260886045943609e-03
5.2260886045943609e-03
5.2260886045943609e-03
5.2260886045943609e-03
5.2260886045943609e-03
5.2260886045943609e-03
5.2260886045943609e-03
5.2260886045943609e-03
5.2260886045943609e-03
5.2260886045943609e-03
5.2260886045943609e-03
5.2260886045943609e-03
5.2260886045943609e-03
5.2260886045943609e-03
5.2366224495914533e-03
5.2386977857586236e-03
5.2403083671720141e-03
5.2403083671720141e-03
5.2403083671720141e-03
5.2403083671720141e-03
5.2403083671720141e-03
5.2403083671720141e-03
5.2403083671720141e-03
5.2403083671720141e-03
5.2403083671720141e-03
5.2403083671720141e-03
5.2403083671720141e-03
5.2403083671720141e-03
5.2403083671720141e-03
5.2403083671720141e-03
5.2403083671720141e-03
5.2403083671720141e-03
5.2403083671720141e-03
5.2403083671720141e-03
5.2403083671720141e-03
5.2403083671720141e-03
5.2403083671720141e-03
5.2403083671720141e-03
5.2403083671720141e-03
5.2403083671720141e-03
5.2403083671720141e-03
5.2403083671720141e-03
5.2403083671720141e-03
5.2403083671720141e-03
5.2403083671720141e-03
5.2403083671720141e-03
5.2403083671720141e-03
5.2403083671720141e-03
5.2403083671720141e-03
5.2403083671720141e-03
5.2403083671720141e-03
5.2403083671720141e-03
5.2403083671720141e-03
5.2403083671720141e-03
5.2403083671720141e-03
5.2403083671720141e-03
5.2403083671720141e-03
5.2403083671720141e-03
5.2403083671720141e-03
5.2403083671720141e-03
5.2403083671720141e-03
5.2403083671720141e-03
