0.0000000000000000e+00
1.4225670483189354e-08
2.4354210085019584e-08
-1.1347809672754463e-03
-6.0204605739629285e-07
-5.7571472918336083e-03
7.6734772984463914e-06
2.1681428214790017e-07
-1.3146370343392564e-10
-2.4128048543895317e-10
-2.7638778181763722e-10
1.3718187211081468e-08
2.3579592145614940e-07
-3.5900187451577359e-02
-3.7502103320240373e-07
-2.9341839858599648e-03
8.0433099677462851e-06
2.2719552987125571e-07
7.6340800399271472e-14
4.8421007517334781e-11
6.0772155040008203e-11
1.4274000744895753e-08
2.3710827880215485e-07
-3.0541968311195756e-02
-3.0542395544568772e-02
-3.0542822850070574e-02
1.3825095289353456e-08
1.4481387571707338e-07
-1.0108530365743482e-11
-9.3907551193590355e-11
-4.7778828938831504e-11
1.3902947467895228e-08
2.3600469879718854e-07
-1.0601533301283350e-02
-1.1783183995693019e-02
-3.3414419940751769e-02
8.1442674970350598e-06
1.2656754452983683e-07
8.4383385590528485e-11
1.0245787961593343e-10
5.3559563880186585e-11
1.4390723335544805e-08
2.3727108335684028e-07
1.1574734938445342e-08
1.1558732449301530e-08
1.1626652311815582e-08
1.4048456988071977e-08
2.3607488060766066e-07
1.6464586843126717e-10
2.9202305464519753e-10
4.0480002422741392e-10
1.4241977025724029e-08
2.3624435662565443e-07
-7.4288992521549508e-08
-7.5227996780602776e-08
-7.6008575802748764e-08
1.4687605073021119e-08
2.3757424598753980e-07
5.9197451550723772e-10
5.8549525650770598e-10
4.5913102455573516e-10
1.4894310997149424e-08
2.3777479132759942e-07
1.2191399470564620e-08
1.2204154008316303e-08
1.2211945498550996e-08
1.4622336026908253e-08
2.3661969993677135e-07
7.3709302001776018e-10
7.6116180004416756e-10
7.6225382537706812e-10
1.4594245500753823e-08
2.3667117329550026e-07
-7.3916000900086179e-08
-7.4859788785364550e-08
-7.5707681672667046e-08
1.4883269127877924e-08
2.3773909605399953e-07
5.5890271946416328e-10
6.1215269117292514e-10
4.5025028563063872e-10
