0.0000000000000000e+00
1.7600000060324743e+02
3.5200000009495000e+02
4.3999151563702787e+02
4.4000000381691416e+02
4.4000270804173078e+02
2.6400001787013849e+02
8.8000000536081217e+01
5.1466661469643815e-11
6.1807101768620223e-11
7.1924345091541535e-11
1.7599999940093068e+02
3.5199999944438594e+02
4.4001388815503100e+02
4.3999999828099976e+02
4.3999861685391375e+02
2.6399998080941077e+02
8.7999999450733384e+01
4.2514926958658920e-11
3.7802622672127949e-11
5.0771941553234910e-11
1.7600000060314966e+02
3.5200000055925261e+02
4.4004569581732414e+02
4.4004569651617044e+02
4.4004569721501832e+02
2.6400000059972893e+02
8.8000000341337127e+01
1.0246421280828892e-10
1.4177607418584236e-11
5.9599488245755949e-11
1.7599999940101384e+02
3.5199999944440020e+02
4.3996288866108682e+02
4.3996131701947468e+02
4.4002109272847269e+02
2.6399998057305720e+02
8.7999999398610640e+01
2.2338908872392912e-11
7.8948621055499420e-11
9.1555294885804882e-11
1.7600000060328568e+02
3.5200000055940490e+02
4.4000000002698630e+02
4.4000000002703138e+02
4.4000000002708902e+02
2.6400000059920433e+02
8.8000000555830511e+01
3.4158068431967621e-11
1.4550540844185182e-11
-3.4104499040396422e-12
1.7599999940080005e+02
3.5199999944420910e+02
4.3999999984502534e+02
4.3999999984342975e+02
4.3999999984175992e+02
2.6399999939670670e+02
8.7999999440565631e+01
8.2047284723524593e-11
5.8844363167892596e-11
7.2050493056263151e-11
1.7600000060329975e+02
3.5200000055937983e+02
4.4000000002701415e+02
4.4000000002701586e+02
4.4000000002698147e+02
2.6400000059914538e+02
8.8000000555765808e+01
-5.4157826580619103e-11
-3.8381364833120894e-11
-3.3853617654175696e-11
1.7599999940089793e+02
3.5199999944426997e+02
4.3999999984516143e+02
4.3999999984348688e+02
4.3999999984185689e+02
2.6399999939683983e+02
8.7999999440765379e+01
-1.1441056795029967e-11
4.4988258529602672e-11
1.3260249926671892e-10
