2.9999999999999983e+02
2.9999999999999983e+02
3.4160000007595983e+02
4.0991321250582473e+02
4.0598434242729064e+02
4.0519903415546025e+02
4.0441102165881273e+02
4.0441102165881273e+02
4.0441102165881273e+02
4.0441102165881273e+02
4.0441102165881273e+02
4.0441102165881273e+02
4.0441102165881273e+02
4.6073625396480412e+02
4.5790888045027930e+02
4.5734507858051222e+02
4.5678265813783059e+02
4.5678265813783059e+02
4.5678265813783059e+02
4.5678265813783059e+02
4.5678265813783059e+02
4.5678265813783059e+02
4.5678265813783059e+02
4.5678265813783059e+02
4.5678265813783059e+02
4.5678265813783059e+02
4.5678265813783059e+02
4.5678265813783059e+02
4.5678265813783059e+02
4.5678265813783059e+02
4.5678265813783059e+02
4.5678265813783059e+02
4.5678265813783059e+02
4.5720401193771431e+02
4.5718168693443022e+02
4.5722535682929430e+02
4.5720925101516019e+02
4.5720925101516019e+02
4.5720925101516019e+02
4.5720925101516019e+02
4.5720925101516019e+02
4.5720925101516019e+02
4.5720925101516019e+02
4.5720925101516019e+02
4.5720925101516019e+02
4.5720925101516019e+02
4.5720925101516019e+02
4.5720925101516019e+02
4.5720925101516019e+02
4.5720925101516019e+02
4.5720925101516019e+02
4.5720925101516019e+02
4.5720925101516019e+02
4.5720925101516019e+02
4.5720925101516019e+02
4.5720925101516019e+02
4.5720925101516019e+02
4.5720925101516019e+02
4.5720925101516019e+02
4.5720925101516019e+02
4.5720925101516019e+02
4.5720925101516019e+02
4.5720925101516019e+02
4.5720925101516019e+02
4.5720925101516019e+02
4.5720925101516019e+02
4.5720925101516019e+02
4.5720925101516019e+02
4.5720925101516019e+02
4.5720925101516019e+02
4.5720925101516019e+02
4.5720925101516019e+02
4.5720925101516019e+02
4.5720925101516019e+02
4.5720925101516019e+02
4.5720925101516019e+02
4.5720925101516019e+02
4.5720925101516019e+02
4.5720925101516019e+02
4.5720925101516019e+02
4.5720925101516019e+02
