0.0000000000000000e+00
1.4225670483189354e-08
2.4354210085019584e-08
-1.1347809672754463e-03
-6.0204913379713482e-07
-5.7571472819964156e-03
7.6734855339404940e-06
2.1684595578671910e-07
-1.5263777952275144e-10
-2.6991034244843297e-10
-2.7605502543692294e-10
1.3654817729969297e-08
2.3572889454888168e-07
-3.5900187472953246e-02
-3.7509268179480849e-07
-2.9341840142458595e-03
8.0433029442835242e-06
2.2712718234287970e-07
3.5116755874256609e-12
7.3561970723725123e-11
6.0954167191669343e-11
1.4286045254131905e-08
2.3713669282012785e-07
-3.0541968291107953e-02
-3.0542395506902784e-02
-3.0542822804817071e-02
1.3824425358223210e-08
1.4480105545477605e-07
-7.5891329747629225e-11
-9.7162431366074213e-11
2.6899558490129479e-11
1.3965443764365743e-08
2.3596302612309514e-07
-1.0601533292354505e-02
-1.1783183961212987e-02
-3.3414419888468418e-02
8.1442555082519975e-06
1.2658247836148050e-07
1.2217234567017923e-10
1.5891460534515206e-10
1.5061012041440154e-10
1.4384481682373787e-08
2.3721815943901140e-07
1.1524825819620760e-08
1.1560099862819865e-08
1.1609982657481739e-08
1.4027393577901685e-08
2.3600956616153040e-07
1.7648769552946269e-10
2.1023288332162754e-10
3.1849627029956885e-10
1.4065133115232988e-08
2.3610256064353648e-07
-7.4347638056935578e-08
-7.5238037552620895e-08
-7.6050230539343276e-08
1.4628393722174489e-08
2.3747647045361530e-07
4.8425812261664250e-10
5.0877802331638229e-10
3.9736426621967532e-10
1.4874417187110485e-08
2.3776037233372215e-07
1.2208138654695851e-08
1.2202782729535298e-08
1.2195036618176691e-08
1.4571322708725578e-08
2.3659037805052980e-07
6.5959892998596726e-10
6.4569012307698655e-10
6.2109687972650215e-10
1.4435256512416796e-08
2.3659486703096626e-07
-7.4023416342692246e-08
-7.4925708358881909e-08
-7.5734551162807735e-08
1.4776029816365810e-08
2.3756393568250945e-07
4.8341024360577482e-10
5.4592895157839924e-10
4.0466088116379129e-10
