0.0000000000000000e+00
-1.7600000058902179e+02
-3.5200000007059555e+02
-4.3999265041799515e+02
-4.4000000441896191e+02
-4.4000846518901761e+02
-2.6400001019665689e+02
-8.8000000319251072e+01
-8.1386076450093179e-11
-1.8048271372032929e-10
-1.5858669718116896e-10
1.7599999941461724e+02
3.5199999968014828e+02
4.3997798796756888e+02
4.3999999790594268e+02
4.3999568266991389e+02
2.6399998885271714e+02
8.7999999677894806e+01
7.9734054147806945e-11
1.4337113754127083e-10
1.8325953123362594e-10
-1.7600000058886957e+02
-3.5200000032213012e+02
-4.4007623778562532e+02
-4.4007623891169624e+02
-4.4007624003784554e+02
-2.6400000058590422e+02
-8.8000000196529641e+01
1.5866789166974517e-10
5.0137552770447528e-11
8.4724636620484921e-11
1.7599999941494809e+02
3.5199999968038401e+02
4.3995228712779016e+02
4.3994953383549614e+02
4.3998767830855820e+02
2.6399998871731879e+02
8.7999999525185672e+01
8.2589622471042573e-11
1.1505666838900764e-10
1.1119720270112164e-10
-1.7600000058889805e+02
-3.5200000032216025e+02
-4.4000000001543640e+02
-4.4000000001547193e+02
-4.4000000001547102e+02
-2.6400000058516639e+02
-8.8000000319788342e+01
8.7492226950477859e-11
1.6439522083172553e-10
2.8311151911796513e-10
1.7599999941495366e+02
3.5199999968038270e+02
4.3999999977070689e+02
4.3999999976819652e+02
4.3999999976573076e+02
2.6399999941136491e+02
8.7999999678091001e+01
5.2403819650680462e-10
5.3178068072292559e-10
4.4772528481557564e-10
-1.7600000058841550e+02
-3.5200000032161216e+02
-4.4000000001481453e+02
-4.4000000001481243e+02
-4.4000000001477787e+02
-2.6400000058454862e+02
-8.8000000319160833e+01
6.6093104161158099e-10
7.4667406793896215e-10
7.4531197206716258e-10
1.7599999941541267e+02
3.5199999968090316e+02
4.3999999977119154e+02
4.3999999976859425e+02
4.3999999976613560e+02
2.6399999941166942e+02
8.7999999678416913e+01
6.7604030853280143e-10
7.3679632303674425e-10
6.1368568832940505e-10
