0.0000000000000000e+00
-3.1818181819013376e-04
-6.3636363636971867e-04
-9.5464672644260807e-04
-1.2727272727833796e-03
-1.5909090265510473e-03
-1.9091920521713645e-03
-2.2275764141299606e-03
-2.5454545456798203e-03
-3.0136609028499016e-03
-3.8319606440690855e-03
-4.3320203635747127e-03
-4.8323302679159604e-03
-5.3320959895580711e-03
-5.8321116018687242e-03
-6.3323773548714275e-03
-6.8321857125718055e-03
-7.3322440035910284e-03
-7.8325524780148131e-03
-8.3323436843014010e-03
-8.8323848067486475e-03
-9.3326760954189902e-03
-9.8324595505297693e-03
-1.0332492914047682e-02
-1.0832776436023230e-02
-1.1332601355417957e-02
-1.1832676224699331e-02
-1.2332623854409029e-02
-1.2832821556778912e-02
-1.3332685306115881e-02
-1.3832799044185620e-02
-1.4332729928714415e-02
-1.4832910869147885e-02
-1.5332781839671749e-02
-1.5832902806154060e-02
-1.6332830576680512e-02
-1.6833008399996408e-02
-1.7332880713309965e-02
-1.7833003023925178e-02
-1.8332930215491341e-02
-1.8833107459267480e-02
-1.9332980022142905e-02
-1.9833102582568818e-02
-2.0333029666624342e-02
-2.0833206802781602e-02
-2.1333079411908384e-02
-2.1833202018633115e-02
-2.2333129082855029e-02
-2.2833306199159506e-02
-2.3333178816726165e-02
-2.3833301431899111e-02
-2.4333228492593895e-02
-2.4833405605366985e-02
-2.5333278224343943e-02
-2.5833400840928500e-02
-2.6333327901127031e-02
-2.6833505013403546e-02
-2.7333377632482555e-02
-2.7833500249168256e-02
-2.8333427309435034e-02
-2.8833604421780710e-02
-2.9333477040717496e-02
-2.9833599657261393e-02
-3.0333526717702480e-02
-3.0833703830221416e-02
-3.1333576448970911e-02
-3.1833699065327611e-02
-3.2333626125960246e-02
-3.2833803238673478e-02
-3.3333675857227359e-02
-3.3833798473388361e-02
-3.4333725534218443e-02
-3.4833902647127268e-02
-3.5333775265483980e-02
-3.5833897881447370e-02
-3.6333824942474433e-02
-3.6834002055580642e-02
-3.7333874673740573e-02
-3.7833997289506718e-02
-3.8333924350731172e-02
-3.8834101464035001e-02
-3.9333974081996806e-02
-3.9834096697565005e-02
-4.0334023758987002e-02
-4.0834200872488575e-02
-4.1334073490253323e-02
-4.1834196105624118e-02
-4.2334123167243616e-02
-4.2834300280943323e-02
-4.3334172898510437e-02
-4.3834295513684104e-02
-4.4334222575500425e-02
-4.4834399689397786e-02
-4.5334272306766718e-02
-4.5834394921741087e-02
-4.6334321983756879e-02
-4.6834499097852075e-02
-4.7334371715023790e-02
-4.7834494329801303e-02
-4.8334421392013480e-02
-4.8834598506306337e-02
-4.9334471123280189e-02
-4.9834593737860172e-02
-5.0334520800269927e-02
-5.0834697914761307e-02
-5.1334570531537921e-02
-5.1834693145920069e-02
-5.2334620208528443e-02
-5.2834797323216366e-02
-5.3334669939796478e-02
-5.3834792553980840e-02
-5.4334719616784967e-02
-5.4834896731670496e-02
-5.5334769348053377e-02
-5.5834891962040133e-02
-5.6334819025042095e-02
-5.6834996140124966e-02
-5.7334868756309915e-02
-5.7834991370099259e-02
-5.8334918433298258e-02
-5.8835095548579033e-02
-5.9334968164566758e-02
-5.9835090778159149e-02
-6.0335017841555878e-02
-6.0835194957034107e-02
-6.1335067572824371e-02
-6.1835190186218095e-02
-6.2335117249812701e-02
-6.2835294365488958e-02
-6.3335166981080826e-02
-6.3835289594277214e-02
-6.4335216658069738e-02
-6.4835393773943623e-02
-6.5335266389338675e-02
-6.5835389002337388e-02
-6.6335316066326880e-02
-6.6835493182398398e-02
-6.7335365797596650e-02
-6.7835488410398548e-02
-6.8335415474584549e-02
-6.8835592590852840e-02
-6.9335465205853708e-02
-6.9835587818457875e-02
-7.0335514882841579e-02
-7.0835691999307476e-02
-7.1335564614110586e-02
-7.1835687226517064e-02
-7.2335614291098291e-02
-7.2835791407761974e-02
-7.3335664022366909e-02
-7.3835786634575407e-02
-7.4335713699354669e-02
-7.4835890816216499e-02
-7.5335763430624883e-02
-7.5835886042635248e-02
-7.6335813107611464e-02
-7.6835990224671136e-02
-7.7335862838882372e-02
-7.7835985450695713e-02
-7.8335912515869313e-02
-7.8836089633127229e-02
