0.0000000000000000e+00
7.9545454547507379e-05
1.5909090909433182e-04
2.3863003666529578e-04
3.1818181821517054e-04
3.9772727178164521e-04
4.7726639837237546e-04
5.5679919899378420e-04
6.3636363649420319e-04
7.9090999246019303e-04
1.1204640290024285e-03
1.3705264894967664e-03
1.6205264343885988e-03
1.8705934495017477e-03
2.1205979467365521e-03
2.3705399573436181e-03
2.6206383111041535e-03
2.8706741313170945e-03
3.1206474492468887e-03
3.3707172969064838e-03
3.6207246252705533e-03
3.8706694655933041e-03
4.1207752301076536e-03
4.3708184573684550e-03
4.6207991786430137e-03
4.8708461324101860e-03
5.1208305783284717e-03
5.3708573818176692e-03
5.6208216875305783e-03
5.8708881077708637e-03
6.1208920104303616e-03
6.3709104189591682e-03
6.6208663339065244e-03
6.8709363745551467e-03
7.1209438958120541e-03
7.3709607429396405e-03
7.6209150972666112e-03
7.8709858113755957e-03
8.1209940057565301e-03
8.3710105623442058e-03
8.6209646262769626e-03
8.8710354657921767e-03
9.1210437855177382e-03
9.3710602879102448e-03
9.6210142976767554e-03
9.8710851606751467e-03
1.0121093503871257e-02
1.0371109996026150e-02
1.0621063995558414e-02
1.0871134863084326e-02
1.1121143210806221e-02
1.1371159700896496e-02
1.1621113698365389e-02
1.1871184566894295e-02
1.2121192915617460e-02
1.2371209405164198e-02
1.2621163402089769e-02
1.2871234270965114e-02
1.3121242620034531e-02
1.3371259109318790e-02
1.3621213105981743e-02
1.3871283975081807e-02
1.4121292324376060e-02
1.4371308813450979e-02
1.4621262809904723e-02
1.4871333679207158e-02
1.5121342028704236e-02
1.5371358517580865e-02
1.5621312513834936e-02
1.5871383383336282e-02
1.6121391733030312e-02
1.6371408221708503e-02
1.6621362217765983e-02
1.6871433087463653e-02
1.7121441437355982e-02
1.7371457925836810e-02
1.7621411921697250e-02
1.7871482791592543e-02
1.8121491141681784e-02
1.8371507629965120e-02
1.8621461625628340e-02
1.8871532495720864e-02
1.9121540846007604e-02
1.9371557334093636e-02
1.9621511329559534e-02
1.9871582199850076e-02
2.0121590550334113e-02
2.0371607038222637e-02
2.0621561033490683e-02
2.0871631903978085e-02
2.1121640254658930e-02
2.1371656742351010e-02
2.1621610737423240e-02
2.1871681608107096e-02
2.2121689958984947e-02
2.2371706446479189e-02
2.2621660441354371e-02
2.2871731312236146e-02
2.3121739663310190e-02
2.3371756150607513e-02
2.3621710145284421e-02
2.3871781016363600e-02
2.4121789367634917e-02
2.4371805854735806e-02
2.4621759849215281e-02
2.4871830720491848e-02
2.5121839071961357e-02
2.5371855558864141e-02
2.5621809553148290e-02
2.5871880424620824e-02
2.6121888776286940e-02
2.6371905262993038e-02
2.6621859257079557e-02
2.6871930128749680e-02
2.7121938480613499e-02
2.7371954967121966e-02
2.7621908961010556e-02
2.7871979832878244e-02
2.8121988184939592e-02
2.8372004671250287e-02
2.8621958664942056e-02
2.8872029537007370e-02
2.9122037889265595e-02
2.9372054375378490e-02
2.9622008368872115e-02
2.9872079241134761e-02
3.0122087593590429e-02
3.0372104079506558e-02
3.0622058072802990e-02
3.0872128945263547e-02
3.1122137297916269e-02
3.1372153783634830e-02
3.1622107776734305e-02
3.1872178649391805e-02
3.2122187002241787e-02
3.2372203487762798e-02
3.2622157480665624e-02
3.2872228353519765e-02
3.3122236706567040e-02
3.3372253191891903e-02
3.3622207184597401e-02
3.3872278057648995e-02
3.4122286410893016e-02
3.4372302896020807e-02
3.4622256888529088e-02
3.4872327761778558e-02
3.5122336115219879e-02
3.5372352600149787e-02
3.5622306592461045e-02
3.5872377465907115e-02
3.6122385819545501e-02
3.6372402304278413e-02
3.6622356296392745e-02
3.6872427170036214e-02
3.7122435523871941e-02
3.7372452008407754e-02
3.7622406000324592e-02
3.7872476874165055e-02
3.8122485228197375e-02
3.8372501712535922e-02
3.8622455704255182e-02
