0.0000000000000000e+00
7.9545454547507379e-05
1.5909090909433182e-04
2.3863003666516758e-04
3.1818181821536521e-04
3.9772727178236003e-04
4.7726639837309884e-04
5.5679919899454325e-04
6.3636363649460651e-04
7.9090999246028628e-04
1.1204640290023821e-03
1.3705264894961450e-03
1.6205264343884997e-03
1.8705934495013435e-03
2.1205979467358005e-03
2.3705399573430092e-03
2.6206383111038413e-03
2.8706741313176041e-03
3.1206474492467720e-03
3.3707172969061829e-03
3.6207246252710403e-03
3.8706694655936723e-03
4.1207752301079502e-03
4.3708184573685556e-03
4.6207991786435167e-03
4.8708461324115911e-03
5.1208305783299836e-03
5.3708573818191671e-03
5.6208216875312635e-03
5.8708881077713555e-03
6.1208920104305724e-03
6.3709104189588958e-03
6.6208663339065461e-03
6.8709363745547520e-03
7.1209438958108520e-03
7.3709607429384236e-03
7.6209150972656901e-03
7.8709858113749642e-03
8.1209940057565509e-03
8.3710105623431286e-03
8.6209646262752210e-03
8.8710354657910127e-03
9.1210437855165898e-03
9.3710602879101008e-03
9.6210142976762177e-03
9.8710851606745066e-03
1.0121093503870186e-02
1.0371109996025541e-02
1.0621063995558620e-02
1.0871134863084407e-02
1.1121143210805092e-02
1.1371159700895431e-02
1.1621113698364020e-02
1.1871184566892646e-02
1.2121192915616762e-02
1.2371209405161549e-02
1.2621163402085925e-02
1.2871234270961738e-02
1.3121242620032511e-02
1.3371259109315661e-02
1.3621213105977695e-02
1.3871283975078228e-02
1.4121292324372930e-02
1.4371308813447215e-02
1.4621262809901617e-02
1.4871333679204214e-02
1.5121342028701440e-02
1.5371358517577262e-02
1.5621312513832166e-02
1.5871383383332598e-02
1.6121391733026517e-02
1.6371408221703982e-02
1.6621362217761514e-02
1.6871433087459937e-02
1.7121441437352145e-02
1.7371457925832990e-02
1.7621411921692202e-02
1.7871482791588358e-02
1.8121491141678256e-02
1.8371507629961332e-02
1.8621461625623274e-02
1.8871532495716485e-02
1.9121540846003857e-02
1.9371557334090034e-02
1.9621511329555343e-02
1.9871582199845920e-02
2.0121590550330699e-02
2.0371607038218921e-02
2.0621561033487199e-02
2.0871631903975087e-02
2.1121640254656210e-02
2.1371656742347509e-02
2.1621610737418827e-02
2.1871681608102891e-02
2.2121689958980985e-02
2.2371706446474758e-02
2.2621660441348949e-02
2.2871731312231157e-02
2.3121739663307387e-02
2.3371756150603905e-02
2.3621710145280552e-02
2.3871781016359252e-02
2.4121789367632051e-02
2.4371805854731865e-02
2.4621759849210258e-02
2.4871830720487070e-02
2.5121839071957780e-02
2.5371855558859506e-02
2.5621809553141639e-02
2.5871880424615464e-02
2.6121888776282978e-02
2.6371905262987931e-02
2.6621859257072895e-02
2.6871930128744684e-02
2.7121938480609467e-02
2.7371954967116627e-02
2.7621908961003229e-02
2.7871979832872706e-02
2.8121988184935720e-02
2.8372004671244844e-02
2.8621958664935377e-02
2.8872029537002530e-02
2.9122037889262105e-02
2.9372054375374226e-02
2.9622008368867317e-02
2.9872079241131146e-02
3.0122087593587307e-02
3.0372104079502263e-02
3.0622058072798837e-02
3.0872128945259609e-02
3.1122137297911790e-02
3.1372153783630299e-02
3.1622107776730385e-02
3.1872178649387323e-02
3.2122187002236936e-02
3.2372203487758225e-02
3.2622157480660469e-02
3.2872228353515401e-02
3.3122236706562884e-02
3.3372253191886539e-02
3.3622207184591413e-02
3.3872278057643965e-02
3.4122286410888755e-02
3.4372302896015554e-02
3.4622256888523051e-02
3.4872327761771633e-02
3.5122336115213308e-02
3.5372352600143903e-02
3.5622306592455216e-02
3.5872377465900780e-02
3.6122385819538749e-02
3.6372402304271689e-02
3.6622356296385800e-02
3.6872427170028539e-02
3.7122435523864246e-02
3.7372452008399518e-02
3.7622406000316133e-02
3.7872476874157242e-02
3.8122485228190256e-02
3.8372501712528012e-02
3.8622455704246390e-02
