0.0000000000000000e+00
0.0000000000000000e+00
0.0000000000000000e+00
0.0000000000000000e+00
0.0000000000000000e+00
0.0000000000000000e+00
0.0000000000000000e+00
0.0000000000000000e+00
0.0000000000000000e+00
1.5000964994543227e-04
6.5006179407271379e-04
1.1501306141275106e-03
1.6502778069638277e-03
2.1502778074728316e-03
2.6502854354507684e-03
3.1503675302587812e-03
3.6503675306439852e-03
4.1504032281741068e-03
4.6505255017952087e-03
5.1505255022666193e-03
5.6505438803639840e-03
6.1506413681273898e-03
6.6506413685728369e-03
7.1506704204395283e-03
7.6507831729942218e-03
8.1507831733983703e-03
8.6508056724413709e-03
9.1508056725525897e-03
9.6508671239421608e-03
1.0150867124208270e-02
1.0650911746668481e-02
1.1150911746819592e-02
1.1650963657546493e-02
1.2150963657787263e-02
1.2651012394619635e-02
1.3151012394778085e-02
1.3651062531193773e-02
1.4151062531429890e-02
1.4651112033426826e-02
1.5151112033587152e-02
1.5651161840028443e-02
1.6151161840263564e-02
1.6651211484560280e-02
1.7151211484720277e-02
1.7651261229794751e-02
1.8151261230029549e-02
1.8651310900790266e-02
1.9151310900950822e-02
1.9651360634613483e-02
2.0151360634848004e-02
2.0651410310529635e-02
2.1151410310690191e-02
2.1651460042230383e-02
2.2151460042465425e-02
2.2651509719062931e-02
2.3151509719223456e-02
2.3651559450369088e-02
2.4151559450604321e-02
2.4651609127371771e-02
2.5151609127532018e-02
2.5651658858604154e-02
2.6151658858839084e-02
2.6651708535637642e-02
2.7151708535798135e-02
2.7651758266857056e-02
2.8151758267091799e-02
2.8651807943896258e-02
2.9151807944056734e-02
2.9651857675113583e-02
3.0151857675348465e-02
3.0651907352153476e-02
3.1151907352313803e-02
3.1651957083370166e-02
3.2151957083604923e-02
3.2652006760409982e-02
3.3152006760570327e-02
3.3652056491626524e-02
3.4152056491861399e-02
3.4652106168666610e-02
3.5152106168826969e-02
3.5652155899883339e-02
3.6152155900118006e-02
3.6652205576922767e-02
3.7152205577083146e-02
3.7652255308139884e-02
3.8152255308375002e-02
3.8652304985179992e-02
3.9152304985340267e-02
3.9652354716397241e-02
4.0152354716632227e-02
4.0652404393437001e-02
4.1152404393597325e-02
4.1652454124654688e-02
4.2152454124889147e-02
4.2652503801692873e-02
4.3152503801853315e-02
4.3652553532911025e-02
4.4152553533145886e-02
4.4652603209949904e-02
4.5152603210110311e-02
4.5652652941167972e-02
4.6152652941402597e-02
4.6652702618206227e-02
4.7152702618366876e-02
4.7652752349424829e-02
4.8152752349659614e-02
4.8652802026463375e-02
4.9152802026624309e-02
4.9652851757682664e-02
5.0152851757917685e-02
5.0652901434721134e-02
5.1152901434881437e-02
5.1652951165939626e-02
5.2152951166174882e-02
5.2653000842978442e-02
5.3153000843138808e-02
5.3653050574196816e-02
5.4153050574431830e-02
5.4653100251235362e-02
5.5153100251395457e-02
5.5653149982453708e-02
5.6153149982688950e-02
5.6653199659492635e-02
5.7153199659652938e-02
5.7653249390711286e-02
5.8153249390946404e-02
5.8653299067749333e-02
5.9153299067909532e-02
5.9653348798968338e-02
6.0153348799203255e-02
6.0653398476005829e-02
6.1153398476166347e-02
6.1653448207225521e-02
6.2153448207460459e-02
6.2653497884262832e-02
6.3153497884423107e-02
6.3653547615482392e-02
6.4153547615717565e-02
6.4653597292520237e-02
6.5153597292680596e-02
6.5653647023739617e-02
6.6153647023974874e-02
6.6653696700777407e-02
6.7153696700937848e-02
6.7653746431997105e-02
6.8153746432232126e-02
6.8653796109034312e-02
6.9153796109194740e-02
6.9653845840254497e-02
7.0153845840489226e-02
7.0653895517290802e-02
7.1153895517451340e-02
7.1653945248511375e-02
7.2153945248746382e-02
7.2653994925547818e-02
7.3153994925708080e-02
7.3654044656768058e-02
7.4154044657003329e-02
7.4654094333804905e-02
7.5154094333965166e-02
7.5654144065025491e-02
