2.9999999999999983e+02
2.9999999999999983e+02
2.9999999999999983e+02
2.9999999999999983e+02
2.9999999999999983e+02
2.9999999999999983e+02
2.9999999999999983e+02
2.9999999999999983e+02
2.9999999999999983e+02
3.1500096499454310e+02
3.5000521441272792e+02
3.5000688200547950e+02
3.5001471928363139e+02
3.5000000005090010e+02
3.5000076279779347e+02
3.5000820948080121e+02
3.5000000003852000e+02
3.5000356975301167e+02
3.5001222736211008e+02
3.5000000004714065e+02
3.5000183780973595e+02
3.5000974877634064e+02
3.5000000004454421e+02
3.5000290518666918e+02
3.5001127525546866e+02
3.5000000004041425e+02
3.5000224990430013e+02
3.5000000001112187e+02
3.5000614513895698e+02
3.5000000002660965e+02
3.5000446224602172e+02
3.5000000001511017e+02
3.5000519107269014e+02
3.5000000002407717e+02
3.5000487368323644e+02
3.5000000001584442e+02
3.5000501364156861e+02
3.5000000002361190e+02
3.5000495019969395e+02
3.5000000001603178e+02
3.5000498064412909e+02
3.5000000002351163e+02
3.5000496442967159e+02
3.5000000001599977e+02
3.5000497450744740e+02
3.5000000002347963e+02
3.5000496707607044e+02
3.5000000001605554e+02
3.5000497336626586e+02
3.5000000002345121e+02
3.5000496756816398e+02
3.5000000001605537e+02
3.5000497315401753e+02
3.5000000002350458e+02
3.5000496765974975e+02
3.5000000001605167e+02
3.5000497311456331e+02
3.5000000002352238e+02
3.5000496767674582e+02
3.5000000001602450e+02
3.5000497310721357e+02
3.5000000002349350e+02
3.5000496767985453e+02
3.5000000001604900e+02
3.5000497310589139e+02
3.5000000002347565e+02
3.5000496768044417e+02
3.5000000001604860e+02
3.5000497310568335e+02
3.5000000002348821e+02
3.5000496768050039e+02
3.5000000001603468e+02
3.5000497310563395e+02
3.5000000002347662e+02
3.5000496768050630e+02
3.5000000001603269e+02
3.5000497310562196e+02
3.5000000002348594e+02
3.5000496768051977e+02
3.5000000001603479e+02
3.5000497310563657e+02
3.5000000002346599e+02
3.5000496768047674e+02
3.5000000001603678e+02
3.5000497310567243e+02
3.5000000002351152e+02
3.5000496768049845e+02
3.5000000001602984e+02
3.5000497310569705e+02
3.5000000002349816e+02
3.5000496768047708e+02
3.5000000001603246e+02
3.5000497310573513e+02
3.5000000002344649e+02
3.5000496768037289e+02
3.5000000001604457e+02
3.5000497310576827e+02
3.5000000002348708e+02
3.5000496768040193e+02
3.5000000001603951e+02
3.5000497310576526e+02
3.5000000002346468e+02
3.5000496768035907e+02
3.5000000001606702e+02
3.5000497310579647e+02
3.5000000002347554e+02
3.5000496768037902e+02
3.5000000001609277e+02
3.5000497310583660e+02
3.5000000002350043e+02
3.5000496768034662e+02
3.5000000001603024e+02
3.5000497310582080e+02
3.5000000002351896e+02
3.5000496768035799e+02
3.5000000001603962e+02
3.5000497310579880e+02
3.5000000002349799e+02
3.5000496768035384e+02
3.5000000001600978e+02
3.5000497310582477e+02
3.5000000002352414e+02
3.5000496768036783e+02
3.5000000001603001e+02
3.5000497310583319e+02
3.5000000002350947e+02
3.5000496768029308e+02
3.5000000001602461e+02
3.5000497310587656e+02
3.5000000002349179e+02
3.5000496768025943e+02
3.5000000001604758e+02
3.5000497310591766e+02
3.5000000002349555e+02
3.5000496768023771e+02
3.5000000001602729e+02
3.5000497310592874e+02
3.5000000002351521e+02
3.5000496768027085e+02
3.5000000001603382e+02
3.5000497310590032e+02
3.5000000002352499e+02
3.5000496768025727e+02
3.5000000001604161e+02
3.5000497310592800e+02
3.5000000002349981e+02
3.5000496768021867e+02
3.5000000001604474e+02
3.5000497310597331e+02
3.5000000002347053e+02
3.5000496768016114e+02
3.5000000001604627e+02
3.5000497310600582e+02
3.5000000002350231e+02
3.5000496768014511e+02
3.5000000001602541e+02
3.5000497310599854e+02
3.5000000002352249e+02
3.5000496768015842e+02
3.5000000001602973e+02
3.5000497310601253e+02
