0.0000000000000000e+00
3.5000000000912415e+01
7.0000000000836536e+01
1.0500835515349588e+02
1.4000000000789487e+02
1.7499999425333277e+02
2.1000834364790137e+02
2.4502505395495271e+02
2.8000000003137774e+02
3.1500096499454287e+02
3.5000521441272809e+02
3.5000688200547950e+02
3.5001471928363134e+02
3.5000000005090027e+02
3.5000076279779347e+02
3.5000820948080093e+02
3.5000000003852006e+02
3.5000356975301179e+02
3.5001222736211008e+02
3.5000000004714042e+02
3.5000183780973589e+02
3.5000974877634053e+02
3.5000000004454432e+02
3.5000290518666895e+02
3.5001127525546872e+02
3.5000000004041442e+02
3.5000224990430013e+02
3.5000000001112159e+02
3.5000614513895704e+02
3.5000000002660954e+02
3.5000446224602172e+02
3.5000000001510989e+02
3.5000519107269037e+02
3.5000000002407705e+02
3.5000487368323638e+02
3.5000000001584431e+02
3.5000501364156861e+02
3.5000000002361179e+02
3.5000495019969372e+02
3.5000000001603178e+02
3.5000498064412920e+02
3.5000000002351163e+02
3.5000496442967159e+02
3.5000000001599983e+02
3.5000497450744717e+02
3.5000000002347952e+02
3.5000496707607073e+02
3.5000000001605571e+02
3.5000497336626563e+02
3.5000000002345121e+02
3.5000496756816398e+02
3.5000000001605537e+02
3.5000497315401753e+02
3.5000000002350481e+02
3.5000496765974975e+02
3.5000000001605167e+02
3.5000497311456314e+02
3.5000000002352215e+02
3.5000496767674599e+02
3.5000000001602450e+02
3.5000497310721352e+02
3.5000000002349356e+02
3.5000496767985459e+02
3.5000000001604934e+02
3.5000497310589128e+02
3.5000000002347565e+02
3.5000496768044417e+02
3.5000000001604838e+02
3.5000497310568358e+02
3.5000000002348821e+02
3.5000496768050033e+02
3.5000000001603451e+02
3.5000497310563395e+02
3.5000000002347667e+02
3.5000496768050630e+02
3.5000000001603280e+02
3.5000497310562167e+02
3.5000000002348594e+02
3.5000496768051977e+02
3.5000000001603496e+02
3.5000497310563657e+02
3.5000000002346610e+02
3.5000496768047685e+02
3.5000000001603678e+02
3.5000497310567221e+02
3.5000000002351163e+02
3.5000496768049868e+02
3.5000000001602984e+02
3.5000497310569705e+02
3.5000000002349833e+02
3.5000496768047719e+02
3.5000000001603235e+02
3.5000497310573530e+02
3.5000000002344649e+02
3.5000496768037277e+02
3.5000000001604491e+02
3.5000497310576816e+02
3.5000000002348725e+02
3.5000496768040199e+02
3.5000000001603939e+02
3.5000497310576554e+02
3.5000000002346468e+02
3.5000496768035919e+02
3.5000000001606702e+02
3.5000497310579647e+02
3.5000000002347554e+02
3.5000496768037908e+02
3.5000000001609277e+02
3.5000497310583660e+02
3.5000000002350055e+02
3.5000496768034668e+02
3.5000000001603036e+02
3.5000497310582102e+02
3.5000000002351902e+02
3.5000496768035799e+02
3.5000000001603951e+02
3.5000497310579891e+02
3.5000000002349810e+02
3.5000496768035384e+02
3.5000000001601001e+02
3.5000497310582466e+02
3.5000000002352402e+02
3.5000496768036771e+02
3.5000000001603024e+02
3.5000497310583330e+02
3.5000000002350953e+02
3.5000496768029279e+02
3.5000000001602461e+02
3.5000497310587656e+02
3.5000000002349191e+02
3.5000496768025920e+02
3.5000000001604781e+02
3.5000497310591749e+02
3.5000000002349543e+02
3.5000496768023777e+02
3.5000000001602717e+02
3.5000497310592874e+02
3.5000000002351538e+02
3.5000496768027079e+02
3.5000000001603371e+02
3.5000497310590038e+02
3.5000000002352488e+02
3.5000496768025738e+02
3.5000000001604138e+02
3.5000497310592795e+02
3.5000000002349987e+02
3.5000496768021861e+02
3.5000000001604474e+02
3.5000497310597331e+02
3.5000000002347065e+02
3.5000496768016114e+02
3.5000000001604627e+02
3.5000497310600559e+02
3.5000000002350225e+02
3.5000496768014523e+02
3.5000000001602530e+02
3.5000497310599866e+02
3.5000000002352249e+02
3.5000496768015853e+02
3.5000000001602962e+02
3.5000497310601259e+02
