0.0000000000000000e+00
-4.5937191153597474e-12
3.3845626014860897e-10
-5.5695103799396264e-03
3.4196507461057566e-09
2.6653900869497897e-06
-5.5641819439682938e-03
-1.6703198738410838e-02
1.3136702053900591e-08
-1.3456499362428614e-03
-7.3181737791329551e-03
-1.9808674479148778e-03
-2.2102842247904653e-02
4.3011108208791076e-08
-2.3101638398494276e-04
-2.5742453209572629e-02
5.2878591590736327e-08
2.1689142275472901e-03
-2.1480044165716083e-02
4.6579236052788244e-08
-1.3281852383932268e-03
-2.8142451536270683e-02
5.8518624694433413e-08
4.8617795012226407e-03
-1.5967355497560884e-02
3.6424639928447231e-08
-7.0216882515009528e-03
1.3727979619028336e-08
-1.7684946233396892e-02
3.3512892767858378e-08
-6.2809617644369667e-03
1.3342270065423819e-08
-1.8004406970563606e-02
3.3522861866984782e-08
-6.1431711309586391e-03
1.3140159528764916e-08
-1.8063853478033253e-02
3.3538288505536393e-08
-6.1175103111802479e-03
1.3099258689489281e-08
-1.8074944332611850e-02
3.3511173480163172e-08
-6.1127025988528044e-03
1.3027999493953421e-08
-1.8077042266738830e-02
3.3540725508873291e-08
-6.1117733059081114e-03
1.3152542044594936e-08
-1.8077467683356819e-02
3.3633560300230994e-08
-6.1115649733427639e-03
1.3275969924816303e-08
-1.8077582026143395e-02
3.3727788954223969e-08
-6.1114909681452279e-03
1.3317213375636126e-08
-1.8077638414416560e-02
3.3847296066545814e-08
-6.1114417979774363e-03
1.3376781489996779e-08
-1.8077684379202499e-02
3.3720803185622997e-08
-6.1113975626215233e-03
1.3135517165076341e-08
-1.8077728430546079e-02
3.3530170274819295e-08
-6.1113540845155389e-03
1.3242804104142675e-08
-1.8077771914256337e-02
3.3560664890290176e-08
-6.1113107259536583e-03
1.3012870562294375e-08
-1.8077815330053496e-02
3.3455765653015471e-08
-6.1112672684606514e-03
1.3120293255168181e-08
-1.8077858674144222e-02
3.3526905633167503e-08
-6.1112238475182941e-03
1.3091295242474480e-08
-1.8077902086499679e-02
3.3571757208597424e-08
-6.1111803776965155e-03
1.3141739869117789e-08
-1.8077945418747913e-02
3.3733150805378213e-08
-6.1111367845660715e-03
1.3273659091486215e-08
-1.8077988818609933e-02
3.3709220157155540e-08
-6.1110934838808995e-03
1.3338598155542747e-08
-1.8078032019327298e-02
3.3771612751276496e-08
-6.1110499411054751e-03
1.3244727936683079e-08
-1.8078075512827627e-02
3.3766336480592744e-08
-6.1110066291986034e-03
1.3276323258035566e-08
-1.8078119015074931e-02
3.3758880078694383e-08
-6.1109633073516646e-03
1.3347462650490217e-08
-1.8078162499184862e-02
3.3651834312222025e-08
-6.1109198282770089e-03
1.3191685918828895e-08
-1.8078205755387190e-02
3.3585852451216833e-08
-6.1108765902502613e-03
1.3207847795886137e-08
-1.8078249179964381e-02
3.3636665803104033e-08
-6.1108330419041420e-03
1.3212041944064826e-08
-1.8078292693579794e-02
3.3636335911488848e-08
-6.1107895840645798e-03
1.3216290033028748e-08
-1.8078336032425719e-02
3.3718992172803029e-08
-6.1107461879538246e-03
1.3173191197142069e-08
-1.8078379575829039e-02
3.3595909986043779e-08
-6.1107028325374912e-03
1.3149438202117779e-08
-1.8078422986192284e-02
3.3690545040513200e-08
-6.1106593832842351e-03
1.3110309868529875e-08
-1.8078466426269202e-02
3.3549906461446115e-08
-6.1106161376024114e-03
1.2965143994619533e-08
-1.8078509930343604e-02
3.3386522966034597e-08
-6.1105729123476027e-03
1.2991610902400748e-08
-1.8078553320667309e-02
3.3437356533025490e-08
-6.1105295003851517e-03
1.3011425652844731e-08
-1.8078596674550706e-02
3.3515913072119134e-08
-6.1104859675416212e-03
1.3058575304344219e-08
-1.8078640007057580e-02
3.3542048413451326e-08
-6.1104425512386240e-03
1.3080940806735292e-08
-1.8078683413332228e-02
3.3485375696242318e-08
-6.1103991888663382e-03
1.3076529704500712e-08
-1.8078726881479126e-02
3.3428636930457405e-08
-6.1103558930623615e-03
1.2904667451140255e-08
-1.8078770534274077e-02
