0.0000000000000000e+00
-3.5000000000916984e+01
-7.0000000000498062e+01
-1.0501392466388170e+02
-1.4000000000446187e+02
-1.7499999158791027e+02
-2.1001390782981207e+02
-2.4504175715365102e+02
-2.8000000001821604e+02
-3.1500231064446382e+02
-3.5001253258649882e+02
-3.5000886287293565e+02
-3.5003682212587569e+02
-3.5000000000789248e+02
-3.5000099381419847e+02
-3.5003395193402247e+02
-3.4999999998564203e+02
-3.5000140083875908e+02
-3.5003370740626639e+02
-3.5000000000056173e+02
-3.5000316599495221e+02
-3.5003789122786344e+02
-3.4999999998602124e+02
-3.4999804340715980e+02
-3.5002724261094551e+02
-3.5000000000394141e+02
-3.5000927159250352e+02
-3.4999999999735508e+02
-3.5002383008518154e+02
-3.4999999999310091e+02
-3.5001074320779998e+02
-3.5000000000180353e+02
-3.5002319547967875e+02
-3.4999999999058298e+02
-3.5001101685441580e+02
-3.5000000000274434e+02
-3.5002307749507202e+02
-3.4999999999008566e+02
-3.5001106770999576e+02
-3.5000000000295739e+02
-3.5002305558850395e+02
-3.4999999999001250e+02
-3.5001107713228373e+02
-3.5000000000293824e+02
-3.5002305154970225e+02
-3.4999999998993337e+02
-3.5001107884939074e+02
-3.5000000000290231e+02
-3.5002305083391957e+02
-3.4999999998979501e+02
-3.5001107913316611e+02
-3.5000000000280380e+02
-3.5002305073607477e+02
-3.4999999998981298e+02
-3.5001107915071327e+02
-3.5000000000278453e+02
-3.5002305075306066e+02
-3.4999999998972089e+02
-3.5001107911855058e+02
-3.5000000000267698e+02
-3.5002305079166854e+02
-3.4999999998982298e+02
-3.5001107907744114e+02
-3.5000000000295074e+02
-3.5002305083432702e+02
-3.4999999998995821e+02
-3.5001107903453413e+02
-3.5000000000282790e+02
-3.5002305087758987e+02
-3.4999999998995219e+02
-3.5001107899125162e+02
-3.5000000000306397e+02
-3.5002305092100124e+02
-3.4999999999001659e+02
-3.5001107894776624e+02
-3.5000000000291925e+02
-3.5002305096434065e+02
-3.4999999998996879e+02
-3.5001107890433781e+02
-3.5000000000292522e+02
-3.5002305100777119e+02
-3.4999999998991433e+02
-3.5001107886085151e+02
-3.5000000000288401e+02
-3.5002305105109747e+02
-3.4999999998978547e+02
-3.5001107881725727e+02
-3.5000000000275116e+02
-3.5002305109450293e+02
-3.4999999998975460e+02
-3.5001107877392536e+02
-3.5000000000269608e+02
-3.5002305113779801e+02
-3.4999999998970446e+02
-3.5001107873032129e+02
-3.5000000000283057e+02
-3.5002305118134541e+02
-3.4999999998975557e+02
-3.5001107868700439e+02
-3.5000000000276094e+02
-3.5002305122479663e+02
-3.4999999998972811e+02
-3.5001107864364758e+02
-3.5000000000275111e+02
-3.5002305126836154e+02
-3.4999999998986243e+02
-3.5001107860020176e+02
-3.5000000000292778e+02
-3.5002305131169175e+02
-3.4999999998994610e+02
-3.5001107855691640e+02
-3.5000000000284837e+02
-3.5002305135507538e+02
-3.4999999998988187e+02
-3.5001107851336963e+02
-3.5000000000284831e+02
-3.5002305139857805e+02
-3.4999999998986505e+02
-3.5001107846987952e+02
-3.5000000000279215e+02
-3.5002305144189802e+02
-3.4999999998976199e+02
-3.5001107842646843e+02
-3.5000000000280306e+02
-3.5002305148538352e+02
-3.4999999998983702e+02
-3.5001107838303614e+02
-3.5000000000283819e+02
-3.5002305152883548e+02
-3.4999999998976887e+02
-3.5001107833963869e+02
-3.5000000000292749e+02
-3.5002305157231700e+02
-3.4999999998994645e+02
-3.5001107829638011e+02
-3.5000000000306068e+02
-3.5002305161587083e+02
-3.4999999999011914e+02
-3.5001107825317519e+02
-3.5000000000307205e+02
-3.5002305165926697e+02
-3.4999999999009390e+02
-3.5001107820973391e+02
-3.5000000000305670e+02
-3.5002305170264100e+02
-3.4999999999005342e+02
-3.5001107816624062e+02
-3.5000000000300639e+02
-3.5002305174597689e+02
-3.4999999998994821e+02
-3.5001107812274813e+02
-3.5000000000299394e+02
-3.5002305178944306e+02
-3.4999999999005945e+02
-3.5001107807936614e+02
-3.5000000000300247e+02
-3.5002305183292953e+02
-3.4999999999011339e+02
-3.5001107803604975e+02
-3.5000000000314981e+02
-3.5002305187659556e+02
