0.0000000000000000e+00
-4.5937191153597474e-12
3.3845626014860897e-10
-5.5695103916527638e-03
3.4463623492018332e-09
2.6654550985419521e-06
-5.5641818773666434e-03
-1.6703198658263505e-02
1.3187019824698289e-08
-1.3456499054368583e-03
-7.3181737623909298e-03
-1.9808674643904522e-03
-2.2102842241018657e-02
4.3004230264284940e-08
-2.3101642607424225e-04
-2.5742453233040280e-02
5.2877308174516239e-08
2.1689142776193308e-03
-2.1480044146874731e-02
4.6578063431290971e-08
-1.3281851936798226e-03
-2.8142451509213132e-02
5.8527344469359236e-08
4.8617795172686377e-03
-1.5967355456038557e-02
3.6521279528590480e-08
-7.0216881557878105e-03
1.3805180432500007e-08
-1.7684946215895996e-02
3.3504696129903742e-08
-6.2809617919967805e-03
1.3270401790096638e-08
-1.8004407006502576e-02
3.3465496365701335e-08
-6.1431712279172122e-03
1.3059790712355528e-08
-1.8063853529044643e-02
3.3513775389440850e-08
-6.1175102929725764e-03
1.3049501373666923e-08
-1.8074944417075443e-02
3.3487228048461985e-08
-6.1127026255111145e-03
1.3095161334421304e-08
-1.8077042242853090e-02
3.3551518709284651e-08
-6.1117733342212193e-03
1.3153985910461497e-08
-1.8077467624754675e-02
3.3678479302136397e-08
-6.1115650306808929e-03
1.3227158853184078e-08
-1.8077582088429744e-02
3.3656175874845076e-08
-6.1114909589084819e-03
1.3217273324019176e-08
-1.8077638580583279e-02
3.3755487355064373e-08
-6.1114418112457282e-03
1.3318465258786436e-08
-1.8077684530910014e-02
3.3620459783633269e-08
-6.1113976107093964e-03
1.3061716063408114e-08
-1.8077728440831942e-02
3.3504727312740714e-08
-6.1113540956855839e-03
1.3198389174869772e-08
-1.8077771898975113e-02
3.3511221959434129e-08
-6.1113107767479325e-03
1.2928259672909226e-08
-1.8077815404710755e-02
3.3464235387790430e-08
-6.1112672513935744e-03
1.3106891400803352e-08
-1.8077858764079763e-02
3.3507572652777667e-08
-6.1112237889649982e-03
1.3128170687329553e-08
-1.8077902183055460e-02
3.3531273125462396e-08
-6.1111803716546193e-03
1.3163666648207126e-08
-1.8077945431577851e-02
3.3719222329933088e-08
-6.1111367328078384e-03
1.3283706279242757e-08
-1.8077988793391134e-02
3.3778040284584547e-08
-6.1110934121245764e-03
1.3334037679161824e-08
-1.8078032106487486e-02
3.3711846020624930e-08
-6.1110499561006226e-03
1.3183308490465331e-08
-1.8078075641923225e-02
3.3697121056478466e-08
-6.1110065753256721e-03
1.3280175678528036e-08
-1.8078119047914707e-02
3.3714392797170790e-08
-6.1109632696977768e-03
1.3284378771367532e-08
-1.8078162630618344e-02
3.3574464058706698e-08
-6.1109198172634872e-03
1.3138071021010537e-08
-1.8078205955026527e-02
3.3522809354390238e-08
-6.1108765496643352e-03
1.3156204085480212e-08
-1.8078249328791898e-02
3.3637383753391772e-08
-6.1108329813487419e-03
1.3170507175982726e-08
-1.8078292864503753e-02
3.3629331455594716e-08
-6.1107894677228840e-03
1.3219205940413047e-08
-1.8078336114065077e-02
3.3805060788229912e-08
-6.1107460131811127e-03
1.3281036285803703e-08
-1.8078379524306118e-02
3.3749204979702578e-08
-6.1107026533081428e-03
1.3223074800740979e-08
-1.8078422931760776e-02
3.3755291234145368e-08
-6.1106593750269497e-03
1.3130090285966641e-08
-1.8078466372313785e-02
3.3547828175550048e-08
-6.1106161472599362e-03
1.2968340249796524e-08
-1.8078509953712039e-02
3.3405729532284449e-08
-6.1105728967210376e-03
1.2931686724544971e-08
-1.8078553412574114e-02
3.3424250296600169e-08
-6.1105294527691433e-03
1.2958018006996032e-08
-1.8078596751280408e-02
3.3376813663733342e-08
-6.1104860761086151e-03
1.3017570149265865e-08
-1.8078640000454903e-02
3.3502477760388982e-08
-6.1104426229456037e-03
1.3023578989247234e-08
-1.8078683461576414e-02
3.3400588483519252e-08
-6.1103992530366635e-03
1.2969495707067546e-08
-1.8078726980382254e-02
3.3389751324791349e-08
-6.1103558893229604e-03
1.2854528245620872e-08
-1.8078770631481667e-02
