0.0000000000000000e+00
0.0000000000000000e+00
0.0000000000000000e+00
0.0000000000000000e+00
0.0000000000000000e+00
0.0000000000000000e+00
0.0000000000000000e+00
-5.3339383874390691e+00
-3.4666666701434892e+01
-6.4000000264385918e+01
-9.3333333607747477e+01
-9.3333333607747477e+01
-9.3333333607747477e+01
-9.3333333607747477e+01
-9.3333333607747477e+01
-9.3333333607747477e+01
-9.3333333607747477e+01
-9.3333333607747477e+01
-9.3333333607747477e+01
-9.3333333607747477e+01
-9.3333333607747477e+01
-9.3333333607747477e+01
-9.3333333607747477e+01
-9.3333333607747477e+01
-8.2669139600211139e+01
-5.3333333346175735e+01
-2.4000000233367359e+01
5.3333330605677087e+00
3.4666666393902666e+01
6.3999999727237395e+01
9.3333333060572869e+01
9.3333333060572869e+01
9.3333333060572869e+01
9.3333333060572826e+01
9.3333333060572826e+01
9.3333333060572826e+01
9.3333333060572812e+01
9.3333333060572812e+01
9.3333333060572812e+01
9.3333333060572812e+01
9.3333333060572798e+01
9.3333333060572798e+01
9.3333333060572812e+01
9.3333333060572841e+01
8.2664227990933085e+01
5.3333333320678165e+01
2.3999999764898149e+01
-5.3333336077631150e+00
-3.4666666941094469e+01
-6.4000000274428444e+01
-9.3333333607767912e+01
-9.3333333607767912e+01
-9.3333333607767912e+01
-9.3333333607767912e+01
-9.3333333607767912e+01
-9.3333333607767912e+01
-9.3333333607767912e+01
-9.3333333607767912e+01
-9.3333333607767912e+01
-9.3333333607767912e+01
-9.3333333607767912e+01
-9.3333333607767912e+01
-9.3333333607767912e+01
-9.3333333607767912e+01
-8.2669139600230977e+01
-5.3333333346201826e+01
-2.4000000233398360e+01
5.3333330605267779e+00
3.4666666393868340e+01
6.3999999727204980e+01
9.3333333060529995e+01
9.3333333060530023e+01
9.3333333060530023e+01
9.3333333060529981e+01
9.3333333060530023e+01
9.3333333060530023e+01
9.3333333060529966e+01
9.3333333060529981e+01
9.3333333060529981e+01
9.3333333060529895e+01
9.3333333060529924e+01
9.3333333060529895e+01
9.3333333060529895e+01
9.3333333060529895e+01
8.2664227990954046e+01
5.3333333320709301e+01
2.3999999764923363e+01
-5.3333336077390134e+00
-3.4666666941076002e+01
-6.4000000274401316e+01
-9.3333333607729827e+01
-9.3333333607729827e+01
-9.3333333607729827e+01
-9.3333333607729827e+01
-9.3333333607729827e+01
-9.3333333607729827e+01
-9.3333333607729827e+01
-9.3333333607729827e+01
-9.3333333607729827e+01
-9.3333333607729827e+01
-9.3333333607729827e+01
-9.3333333607729827e+01
-9.3333333607729827e+01
-9.3333333607729827e+01
-8.2669139600226416e+01
-5.3333333346187004e+01
-2.4000000233383744e+01
5.3333330605303209e+00
3.4666666393869662e+01
6.3999999727205918e+01
9.3333333060539985e+01
9.3333333060539928e+01
9.3333333060539928e+01
9.3333333060539928e+01
9.3333333060539928e+01
9.3333333060539928e+01
9.3333333060539957e+01
9.3333333060539942e+01
9.3333333060539942e+01
9.3333333060539942e+01
9.3333333060539928e+01
9.3333333060539900e+01
9.3333333060539886e+01
9.3333333060539886e+01
8.2664227990963099e+01
5.3333333320706181e+01
2.3999999764928113e+01
-5.3333336077433406e+00
-3.4666666941067810e+01
-6.4000000274405011e+01
-9.3333333607736037e+01
-9.3333333607736037e+01
-9.3333333607736037e+01
-9.3333333607736037e+01
-9.3333333607736037e+01
-9.3333333607736037e+01
-9.3333333607736037e+01
-9.3333333607736037e+01
-9.3333333607736037e+01
-9.3333333607736037e+01
-9.3333333607736037e+01
-9.3333333607736037e+01
-9.3333333607736037e+01
-9.3333333607736037e+01
-8.2669139600237571e+01
-5.3333333346198756e+01
-2.4000000233399177e+01
5.3333330605337341e+00
3.4666666393876170e+01
6.3999999727204390e+01
9.3333333060534557e+01
9.3333333060534500e+01
9.3333333060534500e+01
9.3333333060534528e+01
9.3333333060534542e+01
9.3333333060534542e+01
9.3333333060534542e+01
9.3333333060534528e+01
9.3333333060534528e+01
9.3333333060534528e+01
9.3333333060534528e+01
