0.0000000000000000e+00
0.0000000000000000e+00
0.0000000000000000e+00
0.0000000000000000e+00
0.0000000000000000e+00
0.0000000000000000e+00
0.0000000000000000e+00
2.6669691937191433e+00
1.7333333350714287e+01
3.2000000132187857e+01
4.6666666803867173e+01
4.6666666803867187e+01
4.6666666803867223e+01
4.6666666803867251e+01
4.6666666803867301e+01
4.6666666803867237e+01
4.6666666803867287e+01
4.6666666803867216e+01
4.6666666803867251e+01
4.6666666803867251e+01
4.6666666803867180e+01
4.6666666803867209e+01
4.6666666803867209e+01
4.6666666803867159e+01
4.1334569800098166e+01
2.6666666673077032e+01
1.2000000116670094e+01
-2.6666665302999903e+00
-1.7333333196968738e+01
-3.1999999863638998e+01
-4.6666666530307523e+01
-4.6666666530307474e+01
-4.6666666530307417e+01
-4.6666666530307488e+01
-4.6666666530307552e+01
-4.6666666530307545e+01
-4.6666666530307637e+01
-4.6666666530307708e+01
-4.6666666530307666e+01
-4.6666666530307623e+01
-4.6666666530307666e+01
-4.6666666530307623e+01
-4.6666666530307609e+01
-4.6666666530307566e+01
-4.1332113995485280e+01
-2.6666666660355105e+01
-1.1999999882463459e+01
2.6666668038680439e+00
1.7333333470532427e+01
3.2000000137201667e+01
4.6666666803870328e+01
4.6666666803870292e+01
4.6666666803870307e+01
4.6666666803870406e+01
4.6666666803870413e+01
4.6666666803870413e+01
4.6666666803870413e+01
4.6666666803870399e+01
4.6666666803870484e+01
4.6666666803870491e+01
4.6666666803870484e+01
4.6666666803870484e+01
4.6666666803870562e+01
4.6666666803870505e+01
4.1334569800099018e+01
2.6666666673082744e+01
1.2000000116676929e+01
-2.6666665302874510e+00
-1.7333333196961593e+01
-3.1999999863631810e+01
-4.6666666530297150e+01
-4.6666666530297107e+01
-4.6666666530297093e+01
-4.6666666530297029e+01
-4.6666666530297000e+01
-4.6666666530297050e+01
-4.6666666530297135e+01
-4.6666666530297164e+01
-4.6666666530297135e+01
-4.6666666530297135e+01
-4.6666666530297157e+01
-4.6666666530297093e+01
-4.6666666530297121e+01
-4.6666666530297107e+01
-4.1332113995506283e+01
-2.6666666660377054e+01
-1.1999999882479260e+01
2.6666668038529968e+00
1.7333333470522717e+01
3.2000000137187783e+01
4.6666666803851591e+01
4.6666666803851648e+01
4.6666666803851577e+01
4.6666666803851641e+01
4.6666666803851712e+01
4.6666666803851719e+01
4.6666666803851733e+01
4.6666666803851690e+01
4.6666666803851690e+01
4.6666666803851804e+01
4.6666666803851911e+01
4.6666666803851953e+01
4.6666666803852010e+01
4.6666666803852081e+01
4.1334569800099601e+01
2.6666666673076588e+01
1.2000000116671600e+01
-2.6666665302884156e+00
-1.7333333196958542e+01
-3.1999999863630681e+01
-4.6666666530297164e+01
-4.6666666530297107e+01
-4.6666666530297036e+01
-4.6666666530296993e+01
-4.6666666530296986e+01
-4.6666666530296951e+01
-4.6666666530296979e+01
-4.6666666530297057e+01
-4.6666666530297029e+01
-4.6666666530297000e+01
-4.6666666530296986e+01
-4.6666666530297029e+01
-4.6666666530297064e+01
-4.6666666530297078e+01
-4.1332113995510383e+01
-2.6666666660385900e+01
-1.1999999882495912e+01
2.6666668038403500e+00
1.7333333470501248e+01
3.2000000137169010e+01
4.6666666803832392e+01
4.6666666803832392e+01
4.6666666803832385e+01
4.6666666803832406e+01
4.6666666803832392e+01
4.6666666803832392e+01
4.6666666803832463e+01
4.6666666803832527e+01
4.6666666803832527e+01
4.6666666803832605e+01
4.6666666803832655e+01
4.6666666803832662e+01
4.6666666803832662e+01
4.6666666803832648e+01
4.1334569800082811e+01
2.6666666673060494e+01
1.2000000116657301e+01
-2.6666665303089889e+00
-1.7333333196978682e+01
-3.1999999863641680e+01
-4.6666666530304568e+01
-4.6666666530304553e+01
-4.6666666530304560e+01
-4.6666666530304560e+01
-4.6666666530304497e+01
-4.6666666530304532e+01
-4.6666666530304440e+01
-4.6666666530304418e+01
-4.6666666530304390e+01
-4.6666666530304362e+01
-4.6666666530304418e+01
