0.0000000000000000e+00
0.0000000000000000e+00
0.0000000000000000e+00
0.0000000000000000e+00
0.0000000000000000e+00
0.0000000000000000e+00
0.0000000000000000e+00
2.6669691937199276e+00
1.7333333350720675e+01
3.2000000132198295e+01
4.6666666803880652e+01
4.6666666803880723e+01
4.6666666803880730e+01
4.6666666803880766e+01
4.6666666803880773e+01
4.6666666803880709e+01
4.6666666803880773e+01
4.6666666803880673e+01
4.6666666803880752e+01
4.6666666803880744e+01
4.6666666803880709e+01
4.6666666803880716e+01
4.6666666803880673e+01
4.6666666803880638e+01
4.1334569800113208e+01
2.6666666673099087e+01
1.2000000116697707e+01
-2.6666665302672188e+00
-1.7333333196933353e+01
-3.1999999863597864e+01
-4.6666666530264720e+01
-4.6666666530264706e+01
-4.6666666530264621e+01
-4.6666666530264749e+01
-4.6666666530264806e+01
-4.6666666530264777e+01
-4.6666666530264877e+01
-4.6666666530264976e+01
-4.6666666530264962e+01
-4.6666666530264891e+01
-4.6666666530264919e+01
-4.6666666530264891e+01
-4.6666666530264941e+01
-4.6666666530264905e+01
-4.1332113995447614e+01
-2.6666666660322953e+01
-1.1999999882434540e+01
2.6666668038952297e+00
1.7333333470562195e+01
3.2000000137226891e+01
4.6666666803897684e+01
4.6666666803897698e+01
4.6666666803897712e+01
4.6666666803897748e+01
4.6666666803897790e+01
4.6666666803897805e+01
4.6666666803897797e+01
4.6666666803897783e+01
4.6666666803897854e+01
4.6666666803897847e+01
4.6666666803897797e+01
4.6666666803897769e+01
4.6666666803897812e+01
4.6666666803897783e+01
4.1334569800132329e+01
2.6666666673119458e+01
1.2000000116721830e+01
-2.6666665302389574e+00
-1.7333333196906374e+01
-3.1999999863572754e+01
-4.6666666530232384e+01
-4.6666666530232362e+01
-4.6666666530232362e+01
-4.6666666530232277e+01
-4.6666666530232270e+01
-4.6666666530232362e+01
-4.6666666530232447e+01
-4.6666666530232476e+01
-4.6666666530232447e+01
-4.6666666530232462e+01
-4.6666666530232540e+01
-4.6666666530232483e+01
-4.6666666530232504e+01
-4.6666666530232504e+01
-4.1332113995447500e+01
-2.6666666660332037e+01
-1.1999999882443820e+01
2.6666668038863497e+00
1.7333333470553629e+01
3.2000000137213917e+01
4.6666666803878641e+01
4.6666666803878684e+01
4.6666666803878613e+01
4.6666666803878606e+01
4.6666666803878641e+01
4.6666666803878641e+01
4.6666666803878712e+01
4.6666666803878677e+01
4.6666666803878663e+01
4.6666666803878712e+01
4.6666666803878805e+01
4.6666666803878826e+01
4.6666666803878883e+01
4.6666666803878940e+01
4.1334569800127873e+01
2.6666666673111450e+01
1.2000000116713172e+01
-2.6666665302409038e+00
-1.7333333196910083e+01
-3.1999999863574129e+01
-4.6666666530241699e+01
-4.6666666530241642e+01
-4.6666666530241578e+01
-4.6666666530241535e+01
-4.6666666530241550e+01
-4.6666666530241514e+01
-4.6666666530241564e+01
-4.6666666530241613e+01
-4.6666666530241585e+01
-4.6666666530241542e+01
-4.6666666530241542e+01
-4.6666666530241585e+01
-4.6666666530241642e+01
-4.6666666530241635e+01
-4.1332113995451657e+01
-2.6666666660319105e+01
-1.1999999882431018e+01
2.6666668039042127e+00
1.7333333470567791e+01
3.2000000137237237e+01
4.6666666803904874e+01
4.6666666803904874e+01
4.6666666803904882e+01
4.6666666803904896e+01
4.6666666803904889e+01
4.6666666803904874e+01
4.6666666803904967e+01
4.6666666803905017e+01
4.6666666803905009e+01
4.6666666803905102e+01
4.6666666803905180e+01
4.6666666803905173e+01
4.6666666803905144e+01
4.6666666803905116e+01
4.1334569800156650e+01
2.6666666673140185e+01
1.2000000116743749e+01
-2.6666665302229084e+00
-1.7333333196895705e+01
-3.1999999863560912e+01
-4.6666666530228120e+01
-4.6666666530228113e+01
-4.6666666530228106e+01
-4.6666666530228092e+01
-4.6666666530228049e+01
-4.6666666530228063e+01
-4.6666666530227985e+01
-4.6666666530227943e+01
-4.6666666530227900e+01
-4.6666666530227886e+01
-4.6666666530227957e+01
