0.0000000000000000e+00
-4.0000000002097868e-04
-8.0000000001612494e-04
-1.2001600640391729e-03
-1.6000000001420945e-03
-1.9999998721693217e-03
-2.4001598081227035e-03
-3.0000413928144248e-03
-4.5000000017223207e-03
-6.0000000117777143e-03
-7.5000000122522302e-03
-7.1000000115213997e-03
-6.7001599468188983e-03
-6.3000000104328491e-03
-5.9000001379718135e-03
-5.5001602014367037e-03
-5.1000000104324704e-03
-4.6999998835576626e-03
-4.3000000103074216e-03
-3.9000000103075368e-03
-3.5000000103067915e-03
-3.1000000103065103e-03
-2.7000000103069846e-03
-2.3001599463351279e-03
-1.5001683264653063e-03
-6.3706376330257751e-13
1.4999999896909352e-03
2.9999999878258222e-03
4.4999999878254735e-03
5.9999999878253777e-03
7.4999999878255326e-03
7.0999999884276150e-03
6.6998399250032016e-03
6.2999999896289280e-03
5.9000001183297009e-03
5.4998401831064395e-03
5.0999999896288771e-03
4.6999998600201426e-03
4.2999999897537144e-03
3.8999999897538500e-03
3.4999999897534933e-03
3.0999999897533435e-03
2.6999999897529374e-03
2.2998399257249664e-03
1.4998334441831854e-03
-6.2660588957749414e-13
-1.5000000103926438e-03
-3.0000000122524812e-03
-4.5000000122525771e-03
-6.0000000122525793e-03
-7.5000000122524540e-03
-7.1000000115210076e-03
-6.7001599468182156e-03
-6.3000000104312826e-03
-5.9000001379699955e-03
-5.5001602014341728e-03
-5.1000000104312326e-03
-4.6999998835571977e-03
-4.3000000103060494e-03
-3.9000000103053727e-03
-3.5000000103052806e-03
-3.1000000103057028e-03
-2.7000000103060964e-03
-2.3001599463339248e-03
-1.5001683264642049e-03
-6.3668315628664240e-13
1.4999999896911189e-03
2.9999999878257545e-03
4.4999999878266028e-03
5.9999999878262954e-03
7.4999999878259333e-03
7.0999999884279134e-03
6.6998399250037862e-03
6.2999999896295794e-03
5.9000001183308840e-03
5.4998401831078889e-03
5.0999999896302233e-03
4.6999998600215070e-03
4.2999999897554353e-03
3.8999999897558688e-03
3.4999999897562871e-03
3.0999999897558294e-03
2.6999999897556037e-03
2.2998399257277056e-03
1.4998334441856250e-03
-6.2439049696680313e-13
-1.5000000103901879e-03
-3.0000000122507118e-03
-4.5000000122505787e-03
-6.0000000122501377e-03
-7.5000000122495900e-03
-7.1000000115185131e-03
-6.7001599468156960e-03
-6.3000000104287517e-03
-5.9000001379672287e-03
-5.5001602014315958e-03
-5.1000000104299437e-03
-4.6999998835567996e-03
-4.3000000103048646e-03
-3.9000000103049130e-03
-3.5000000103046578e-03
-3.1000000103052626e-03
-2.7000000103056267e-03
-2.3001599463330497e-03
-1.5001683264637255e-03
-6.3573110478819615e-13
1.4999999896921886e-03
2.9999999878265794e-03
4.4999999878266193e-03
5.9999999878265764e-03
7.4999999878266081e-03
7.0999999884284763e-03
6.6998399250042121e-03
6.2999999896301536e-03
5.9000001183309682e-03
5.4998401831076989e-03
5.0999999896305919e-03
4.6999998600220621e-03
4.2999999897555524e-03
3.8999999897554680e-03
3.4999999897560338e-03
3.0999999897560171e-03
2.6999999897559150e-03
2.2998399257285677e-03
1.4998334441869141e-03
-6.2372037763068285e-13
-1.5000000103894007e-03
-3.0000000122499147e-03
-4.5000000122496133e-03
-6.0000000122497170e-03
-7.5000000122491979e-03
-7.1000000115183518e-03
-6.7001599468152510e-03
-6.3000000104286484e-03
-5.9000001379682018e-03
-5.5001602014330894e-03
-5.1000000104298423e-03
-4.6999998835555584e-03
-4.3000000103049444e-03
-3.9000000103053900e-03
-3.5000000103047584e-03
-3.1000000103051685e-03
-2.7000000103053695e-03
-2.3001599463335128e-03
-1.5001683264642995e-03
-6.3637439339214448e-13
1.4999999896905540e-03
2.9999999878258556e-03
4.4999999878264415e-03
5.9999999878264472e-03
7.4999999878258136e-03
7.0999999884285179e-03
6.6998399250044853e-03
6.2999999896298656e-03
5.9000001183297599e-03
5.4998401831055643e-03
5.0999999896289500e-03
4.6999998600212372e-03
4.2999999897537864e-03
3.8999999897540725e-03
3.4999999897544981e-03
