0.0000000000000000e+00
1.0000000000568904e-04
2.0000000000893988e-04
2.9999000101229645e-04
4.0000000008175190e-04
4.9999999815219468e-04
5.9998999722285398e-04
8.0000295490102854e-04
1.4500000008256565e-03
2.1000000076002441e-03
2.7500000078607475e-03
2.6500000058712766e-03
2.5499900028812593e-03
2.4500000052254498e-03
2.3500000085709852e-03
2.2499900109165635e-03
2.1500000052252903e-03
2.0500000005326219e-03
1.9500000051518671e-03
1.8500000051517018e-03
1.7500000051514026e-03
1.6500000051517839e-03
1.5500000051512826e-03
1.4499900041519890e-03
1.1500129283217545e-03
5.0000000030260235e-04
-1.4999999320596398e-04
-7.9999999218353609e-04
-1.4499999921838442e-03
-2.0999999921841399e-03
-2.7499999921839669e-03
-2.6499999941079133e-03
-2.5500099950319160e-03
-2.4499999948056112e-03
-2.3499999955797534e-03
-2.2500099953535022e-03
-2.1499999948054425e-03
-2.0499999952571409e-03
-1.9499999948783468e-03
-1.8499999948781067e-03
-1.7499999948784948e-03
-1.6499999948783801e-03
-1.5499999948786194e-03
-1.4500099938783077e-03
-1.1499878119717545e-03
-4.9999999970069115e-04
1.5000000683740823e-04
8.0000000786017446e-04
1.4500000078597312e-03
2.1000000078597938e-03
2.7500000078599270e-03
2.6500000058705319e-03
2.5499900028811630e-03
2.4500000052261914e-03
2.3500000085716678e-03
2.2499900109177740e-03
2.1500000052256424e-03
2.0500000005328912e-03
1.9500000051527852e-03
1.8500000051531742e-03
1.7500000051530380e-03
1.6500000051534172e-03
1.5500000051524769e-03
1.4499900041527545e-03
1.1500129283225345e-03
5.0000000030396075e-04
-1.4999999320470419e-04
-7.9999999218146863e-04
-1.4499999921814568e-03
-2.0999999921818176e-03
-2.7499999921817703e-03
-2.6499999941069392e-03
-2.5500099950304996e-03
-2.4499999948042993e-03
-2.3499999955787277e-03
-2.2500099953520415e-03
-2.1499999948044590e-03
-2.0499999952563411e-03
-1.9499999948773966e-03
-1.8499999948773825e-03
-1.7499999948775589e-03
-1.6499999948772627e-03
-1.5499999948774461e-03
-1.4500099938778324e-03
-1.1499878119706959e-03
-4.9999999970012042e-04
1.5000000683917884e-04
8.0000000786108715e-04
1.4500000078614527e-03
2.1000000078614410e-03
2.7500000078611907e-03
2.6500000058722111e-03
2.5499900028825035e-03
2.4500000052274386e-03
2.3500000085725208e-03
2.2499900109195902e-03
2.1500000052275133e-03
2.0500000005353319e-03
1.9500000051549144e-03
1.8500000051549555e-03
1.7500000051547653e-03
1.6500000051549409e-03
1.5500000051544335e-03
1.4499900041535000e-03
1.1500129283239923e-03
5.0000000030463426e-04
-1.4999999320389055e-04
-7.9999999218033834e-04
-1.4499999921804563e-03
-2.0999999921810634e-03
-2.7499999921807910e-03
-2.6499999941054951e-03
-2.5500099950292996e-03
-2.4499999948030429e-03
-2.3499999955773087e-03
-2.2500099953509036e-03
-2.1499999948028179e-03
-2.0499999952549781e-03
-1.9499999948765731e-03
-1.8499999948770887e-03
-1.7499999948768813e-03
-1.6499999948772744e-03
-1.5499999948773162e-03
-1.4500099938764902e-03
-1.1499878119708771e-03
-4.9999999970027514e-04
1.5000000683863018e-04
8.0000000786139343e-04
1.4500000078608759e-03
2.1000000078607991e-03
2.7500000078607488e-03
2.6500000058718859e-03
2.5499900028823608e-03
2.4500000052271598e-03
2.3500000085719809e-03
2.2499900109173099e-03
2.1500000052254412e-03
2.0500000005336072e-03
1.9500000051530227e-03
1.8500000051535669e-03
1.7500000051538732e-03
1.6500000051537680e-03
1.5500000051536088e-03
1.4499900041536808e-03
1.1500129283240844e-03
5.0000000030450329e-04
-1.4999999320435288e-04
-7.9999999218089877e-04
-1.4499999921806974e-03
-2.0999999921801297e-03
-2.7499999921804766e-03
-2.6499999941043840e-03
-2.5500099950285433e-03
-2.4499999948024332e-03
-2.3499999955761543e-03
-2.2500099953501928e-03
-2.1499999948024319e-03
-2.0499999952549291e-03
-1.9499999948757532e-03
-1.8499999948758305e-03
-1.7499999948753105e-03
