0.0000000000000000e+00
1.0000000000565927e-04
2.0000000000928119e-04
2.9999000101309345e-04
4.0000000008233764e-04
4.9999999815223306e-04
5.9998999722191127e-04
8.0000295490134860e-04
1.4500000008264055e-03
2.1000000076009050e-03
2.7500000078615043e-03
2.6500000058717358e-03
2.5499900028816943e-03
2.4500000052264130e-03
2.3500000085722385e-03
2.2499900109187150e-03
2.1500000052274634e-03
2.0500000005355774e-03
1.9500000051539319e-03
1.8500000051543625e-03
1.7500000051545209e-03
1.6500000051542837e-03
1.5500000051543884e-03
1.4499900041547559e-03
1.1500129283238537e-03
5.0000000030526895e-04
-1.4999999320317039e-04
-7.9999999218042812e-04
-1.4499999921808965e-03
-2.0999999921806289e-03
-2.7499999921808270e-03
-2.6499999941046281e-03
-2.5500099950285819e-03
-2.4499999948026769e-03
-2.3499999955771938e-03
-2.2500099953508832e-03
-2.1499999948026228e-03
-2.0499999952547625e-03
-1.9499999948759960e-03
-1.8499999948757872e-03
-1.7499999948763021e-03
-1.6499999948764094e-03
-1.5499999948768890e-03
-1.4500099938766513e-03
-1.1499878119693510e-03
-4.9999999969781367e-04
1.5000000684043470e-04
8.0000000786290427e-04
1.4500000078631109e-03
2.1000000078625191e-03
2.7500000078633305e-03
2.6500000058735027e-03
2.5499900028836671e-03
2.4500000052288238e-03
2.3500000085746736e-03
2.2499900109206523e-03
2.1500000052298057e-03
2.0500000005377792e-03
1.9500000051565793e-03
1.8500000051571909e-03
1.7500000051575728e-03
1.6500000051565965e-03
1.5500000051567263e-03
1.4499900041569796e-03
1.1500129283265057e-03
5.0000000030722799e-04
-1.4999999320097269e-04
-7.9999999217807518e-04
-1.4499999921773832e-03
-2.0999999921779275e-03
-2.7499999921774187e-03
-2.6499999941021553e-03
-2.5500099950259434e-03
-2.4499999947997855e-03
-2.3499999955743172e-03
-2.2500099953486228e-03
-2.1499999948012462e-03
-2.0499999952537647e-03
-1.9499999948740573e-03
-1.8499999948740319e-03
-1.7499999948741879e-03
-1.6499999948744709e-03
-1.5499999948741748e-03
-1.4500099938742148e-03
-1.1499878119681363e-03
-4.9999999969807258e-04
1.5000000684098417e-04
8.0000000786338067e-04
1.4500000078637523e-03
2.1000000078628647e-03
2.7500000078632359e-03
2.6500000058737867e-03
2.5499900028834702e-03
2.4500000052295450e-03
2.3500000085752344e-03
2.2499900109222608e-03
2.1500000052293092e-03
2.0500000005356698e-03
1.9500000051558837e-03
1.8500000051562284e-03
1.7500000051565970e-03
1.6500000051559056e-03
1.5500000051566819e-03
1.4499900041562929e-03
1.1500129283262422e-03
5.0000000030707946e-04
-1.4999999320101806e-04
-7.9999999217729217e-04
-1.4499999921777640e-03
-2.0999999921774894e-03
-2.7499999921778468e-03
-2.6499999941027481e-03
-2.5500099950267760e-03
-2.4499999948003116e-03
-2.3499999955743627e-03
-2.2500099953479485e-03
-2.1499999948004834e-03
-2.0499999952534910e-03
-1.9499999948734594e-03
-1.8499999948736639e-03
-1.7499999948734036e-03
-1.6499999948727832e-03
-1.5499999948729967e-03
-1.4500099938729578e-03
-1.1499878119660147e-03
-4.9999999969543645e-04
1.5000000684253729e-04
8.0000000786539967e-04
1.4500000078652470e-03
2.1000000078652626e-03
2.7500000078657630e-03
2.6500000058763957e-03
2.5499900028864773e-03
2.4500000052311887e-03
2.3500000085765293e-03
2.2499900109230146e-03
2.1500000052317668e-03
2.0500000005392940e-03
1.9500000051582479e-03
1.8500000051581333e-03
1.7500000051588122e-03
1.6500000051587157e-03
1.5500000051585296e-03
1.4499900041582557e-03
1.1500129283284043e-03
5.0000000030947522e-04
-1.4999999319897114e-04
-7.9999999217609337e-04
-1.4499999921762491e-03
-2.0999999921758705e-03
-2.7499999921763801e-03
-2.6499999941011938e-03
-2.5500099950256784e-03
-2.4499999947990999e-03
-2.3499999955725426e-03
-2.2500099953468213e-03
-2.1499999947989434e-03
-2.0499999952515390e-03
-1.9499999948722883e-03
-1.8499999948720139e-03
-1.7499999948718263e-03
