0.0000000000000000e+00
0.0000000000000000e+00
0.0000000000000000e+00
0.0000000000000000e+00
0.0000000000000000e+00
0.0000000000000000e+00
0.0000000000000000e+00
2.0002268952896523e-04
1.3000000013038094e-03
2.4000000099144753e-03
3.5000000102905328e-03
3.5000000102905328e-03
3.5000000102905328e-03
3.5000000102905328e-03
3.5000000102905328e-03
3.5000000102905328e-03
3.5000000102905328e-03
3.5000000102905328e-03
3.5000000102905328e-03
3.5000000102905328e-03
3.5000000102905328e-03
3.5000000102905328e-03
3.5000000102905328e-03
3.5000000102905328e-03
3.8999072855731478e-03
5.0000000200994760e-03
6.1000000118297858e-03
7.2000000103523507e-03
8.3000000103524135e-03
9.4000000103524606e-03
1.0500000010352539e-02
1.0500000010352539e-02
1.0500000010352539e-02
1.0500000010352539e-02
1.0500000010352539e-02
1.0500000010352539e-02
1.0500000010352539e-02
1.0500000010352539e-02
1.0500000010352539e-02
1.0500000010352539e-02
1.0500000010352539e-02
1.0500000010352539e-02
1.0500000010352539e-02
1.0500000010352539e-02
1.0900091450464033e-02
1.2000000000598593e-02
1.3100000008940340e-02
1.4200000010415142e-02
1.5300000010415066e-02
1.6400000010415090e-02
1.7500000010415333e-02
1.7500000010415333e-02
1.7500000010415333e-02
1.7500000010415333e-02
1.7500000010415333e-02
1.7500000010415333e-02
1.7500000010415333e-02
1.7500000010415333e-02
1.7500000010415333e-02
1.7500000010415333e-02
1.7500000010415333e-02
1.7500000010415333e-02
1.7500000010415333e-02
1.7500000010415333e-02
1.7899907285697965e-02
1.9000000020224062e-02
2.0100000011954174e-02
2.1200000010476380e-02
2.2300000010476693e-02
2.3400000010476811e-02
2.4500000010476496e-02
2.4500000010476496e-02
2.4500000010476496e-02
2.4500000010476496e-02
2.4500000010476496e-02
2.4500000010476496e-02
2.4500000010476496e-02
2.4500000010476496e-02
2.4500000010476496e-02
2.4500000010476496e-02
2.4500000010476496e-02
2.4500000010476496e-02
2.4500000010476496e-02
2.4500000010476496e-02
2.4900091450585610e-02
2.6000000000719777e-02
2.7100000009061747e-02
2.8200000010536585e-02
2.9300000010536727e-02
3.0400000010536429e-02
3.1500000010536253e-02
3.1500000010536253e-02
3.1500000010536253e-02
3.1500000010536253e-02
3.1500000010536253e-02
3.1500000010536253e-02
3.1500000010536253e-02
3.1500000010536253e-02
3.1500000010536253e-02
3.1500000010536253e-02
3.1500000010536253e-02
3.1500000010536253e-02
3.1500000010536253e-02
3.1500000010536253e-02
3.1899907285817625e-02
3.3000000020344103e-02
3.4100000012074222e-02
3.5200000010596012e-02
3.6300000010596238e-02
3.7400000010596346e-02
3.8500000010596357e-02
3.8500000010596357e-02
3.8500000010596357e-02
3.8500000010596357e-02
3.8500000010596357e-02
3.8500000010596357e-02
3.8500000010596357e-02
3.8500000010596357e-02
3.8500000010596357e-02
3.8500000010596357e-02
3.8500000010596357e-02
3.8500000010596357e-02
3.8500000010596357e-02
3.8500000010596357e-02
3.8900091450705505e-02
4.0000000000840120e-02
4.1100000009181792e-02
4.2200000010656984e-02
4.3300000010656647e-02
4.4400000010656811e-02
4.5500000010656731e-02
4.5500000010656731e-02
4.5500000010656731e-02
4.5500000010656731e-02
4.5500000010656731e-02
4.5500000010656731e-02
4.5500000010656731e-02
4.5500000010656731e-02
4.5500000010656731e-02
4.5500000010656731e-02
4.5500000010656731e-02
4.5500000010656731e-02
4.5500000010656731e-02
4.5500000010656731e-02
4.5899907285937902e-02
4.7000000020464394e-02
4.8100000012194360e-02
4.9200000010716845e-02
5.0300000010717168e-02
5.1400000010717005e-02
5.2500000010716863e-02
5.2500000010716863e-02
5.2500000010716863e-02
5.2500000010716863e-02
5.2500000010716863e-02
5.2500000010716863e-02
5.2500000010716863e-02
5.2500000010716863e-02
5.2500000010716863e-02
5.2500000010716863e-02
5.2500000010716863e-02
