0.0000000000000000e+00
-4.4000000002269850e+01
-8.8000000001335735e+01
-1.3202200836403799e+02
-1.7600000001151182e+02
-2.1999998328894972e+02
-2.6402197491662872e+02
-3.0800320714166844e+02
-3.5200000003991272e+02
-3.9600000001333285e+02
-4.4000000001995312e+02
-3.9600000009855103e+02
-3.5202199182094569e+02
-3.0800000001165739e+02
-2.6400001655238651e+02
-2.2002202472331902e+02
-1.7600000001158210e+02
-1.3199998367703984e+02
-8.8000000001566093e+01
-4.4000000001576836e+01
-1.4815200889789496e-09
4.3999999998572598e+01
8.7999999998507306e+01
1.3197800835482656e+02
1.7598707927968044e+02
2.1999999998503569e+02
2.6400000000731137e+02
3.0799999998111412e+02
3.5199999998105989e+02
3.9599999998105216e+02
4.3999999998106966e+02
3.9599999989123296e+02
3.5197799143791894e+02
3.0799999998843924e+02
2.6400001690879554e+02
2.1997802547920901e+02
1.7599999998842384e+02
1.3199998284028476e+02
8.7999999998432841e+01
4.3999999998442135e+01
-1.6608530977003658e-09
-4.4000000001696307e+01
-8.8000000001792188e+01
-1.3202200836545904e+02
-1.7601286519137540e+02
-2.2000000001454890e+02
-2.6399999999421186e+02
-3.0800000001994505e+02
-3.5200000001995329e+02
-3.9600000001999172e+02
-4.4000000001991043e+02
-3.9600000009843671e+02
-3.5202199182075435e+02
-3.0800000001130337e+02
-2.6400001655198781e+02
-2.2002202472281942e+02
-1.7600000001127336e+02
-1.3199998367684213e+02
-8.8000000001184304e+01
-4.4000000001067519e+01
-1.0371890241357691e-09
4.3999999998888327e+01
8.7999999998811276e+01
1.3197800835515540e+02
1.7598707928001869e+02
2.1999999998527693e+02
2.6400000000753653e+02
3.0799999998138128e+02
3.5199999998153112e+02
3.9599999998145347e+02
4.3999999998146035e+02
3.9599999989150228e+02
3.5197799143827604e+02
3.0799999998881924e+02
2.6400001690920425e+02
2.1997802547964721e+02
1.7599999998876666e+02
1.3199998284064037e+02
8.7999999998882785e+01
4.3999999998919868e+01
-1.0282274673353125e-09
-4.4000000001077431e+01
-8.8000000001090200e+01
-1.3202200836479784e+02
-1.7601286519094845e+02
-2.2000000001427236e+02
-2.6399999999382624e+02
-3.0800000001966919e+02
-3.5200000001960575e+02
-3.9600000001963053e+02
-4.4000000001956801e+02
-3.9600000009810418e+02
-3.5202199182044205e+02
-3.0800000001096407e+02
-2.6400001655164812e+02
-2.2002202472241615e+02
-1.7600000001113511e+02
-1.3199998367685635e+02
-8.8000000001050353e+01
-4.4000000001043396e+01
-9.9961172182919271e-10
4.3999999998902467e+01
8.7999999998873562e+01
1.3197800835520073e+02
1.7598707928017370e+02
2.1999999998543626e+02
2.6400000000772161e+02
3.0799999998162122e+02
3.5199999998161456e+02
3.9599999998159853e+02
4.3999999998160632e+02
3.9599999989166952e+02
3.5197799143839711e+02
3.0799999998894316e+02
2.6400001690932726e+02
2.1997802547977591e+02
1.7599999998900796e+02
1.3199998284084438e+02
8.7999999999019678e+01
4.3999999998985984e+01
-9.2693532911787525e-10
-4.4000000000902702e+01
-8.8000000000942634e+01
-1.3202200836454313e+02
-1.7601286519067008e+02
-2.2000000001401241e+02
-2.6399999999361773e+02
-3.0800000001937326e+02
-3.5200000001938452e+02
-3.9600000001939247e+02
-4.4000000001930960e+02
-3.9600000009788397e+02
-3.5202199182018109e+02
-3.0800000001080696e+02
-2.6400001655166852e+02
-2.2002202472260529e+02
-1.7600000001101722e+02
-1.3199998367654334e+02
-8.8000000000974055e+01
-4.4000000001019913e+01
-8.8967414052249228e-10
4.3999999999060051e+01
8.7999999999026187e+01
1.3197800835529216e+02
1.7598707928026798e+02
2.1999999998552090e+02
2.6400000000770859e+02
3.0799999998162355e+02
3.5199999998170665e+02
3.9599999998178004e+02
4.3999999998167721e+02
3.9599999989189962e+02
3.5197799143861033e+02
3.0799999998906435e+02
2.6400001690938234e+02
2.1997802547963175e+02
1.7599999998895592e+02
1.3199998284093496e+02
8.7999999999004686e+01
4.3999999999041101e+01
-8.5442058370801570e-10
