0.0000000000000000e+00
7.6904062990227029e-11
8.8388450175422823e-10
-8.8026394877570094e-03
8.2046344427899974e-09
5.2993381505851388e-06
-8.7920462209292033e-03
-2.2995605251586201e-03
1.2217156188076459e-08
3.8322686623288592e-07
3.9165097058982828e-07
7.3673004028606396e-08
-8.7976056442589205e-03
7.9683168642041137e-09
-5.0149047037487710e-06
-8.8073945072856732e-03
8.0216649590029367e-09
4.7646373121973086e-06
5.8700938409853420e-10
5.5975923775402427e-10
5.7491420860230152e-10
6.2777981265148347e-10
5.8574548926685735e-10
-8.7973605613409240e-03
-9.2113200246744364e-03
4.2644293791753093e-09
3.5733034960988202e-07
3.9022890246915631e-07
3.9017968469851513e-07
3.9015650353609093e-07
3.9018396479169676e-07
7.8068932064486207e-08
-8.8028752276579757e-03
8.1259800108510145e-09
5.5346835692134080e-06
-8.7915753287677173e-03
8.1408187759183289e-09
-5.7741647329581248e-06
7.5880039989209670e-10
7.8825749027574522e-10
6.8356860862910247e-10
6.7251031371951329e-10
6.0370359533048356e-10
-8.8026405836656371e-03
-9.2071777471135867e-03
4.4360193395818963e-09
3.5843734386329844e-07
3.9169143924412280e-07
3.9166441840435578e-07
3.9165330966321153e-07
3.9172055873184401e-07
7.3737115922161766e-08
-8.7976055015182020e-03
8.2720622959808464e-09
-5.0145844026169222e-06
-8.8073940968778717e-03
8.3095848708168112e-09
4.7648204796730032e-06
9.4318179906502328e-10
1.0213962759556631e-09
1.0382923984010657e-09
9.9518698837665390e-10
9.1210740545561169e-10
-8.7973602874709261e-03
-9.2113197079578407e-03
4.5500404885861383e-09
3.5758429766286048e-07
3.9055490854119463e-07
3.9067841522558501e-07
3.9060406678502849e-07
3.9061413103483098e-07
7.8287154541298305e-08
-8.8028749243400841e-03
8.4295450218220062e-09
5.5349575254786112e-06
-8.7915750167677914e-03
8.3348359106022159e-09
-5.7740016242149271e-06
9.9955386365838364e-10
1.0071523764434280e-09
9.9497430525280209e-10
1.0006519448628827e-09
9.7752189092419369e-10
-8.8026403042979033e-03
-9.2071773541485998e-03
4.6877370805663999e-09
3.5880334404636649e-07
3.9192979780134303e-07
3.9200125192296358e-07
3.9197455103404037e-07
3.9201027214294698e-07
7.4100817109637954e-08
-8.7976051585018540e-03
8.6168930057619790e-09
-5.0142938811953577e-06
-8.8073936649212640e-03
8.5579396705583145e-09
4.7650631829401625e-06
1.2151665433187112e-09
1.2542499030252051e-09
1.2444124758922851e-09
1.2115266673857601e-09
1.1980470295618941e-09
-8.7973601251183659e-03
-9.2113195130894207e-03
4.6775830494939938e-09
3.5775434171946032e-07
3.9078244722412337e-07
3.9078340421776383e-07
3.9073432483191322e-07
3.9077345045485359e-07
7.8483451461372557e-08
-8.8028747774114430e-03
8.5854878566301020e-09
5.5351557980931312e-06
-8.7915748229211842e-03
8.6306208373487428e-09
-5.7737649289250908e-06
1.1692380577932461e-09
1.0855386053768805e-09
1.1425706096362773e-09
1.1281392707917263e-09
1.0927826807304331e-09
-8.8026400168866124e-03
-9.2071771748899241e-03
4.8679059603661157e-09
3.5896437472605813e-07
3.9221388561794119e-07
3.9217499628800265e-07
3.9217536383496413e-07
3.9224426652309577e-07
7.4315412098849062e-08
-8.7976049423222555e-03
8.7403843082000591e-09
-5.0142883740472593e-06
-8.8073939336542287e-03
8.4938574201359674e-09
4.7651330232795009e-06
1.1678399520461420e-09
1.1992721419218468e-09
1.3137369998787022e-09
1.2838620859798244e-09
1.2520926960904665e-09
-8.7973599932462277e-03
-9.2113194239469929e-03
4.7606375987122815e-09
3.5774201386572979e-07
3.9078254708529880e-07
3.9086268106089138e-07
3.9094176506970539e-07
3.9085295451963179e-07
7.8705974944048106e-08
-8.8028746188435793e-03
8.7012513007394733e-09
5.5353320377358161e-06
-8.7915747959436356e-03
8.6556993876913953e-09
-5.7737179754521766e-06
1.2476001733994388e-09
1.2556916826807237e-09
1.3482713077818471e-09
