0.0000000000000000e+00
4.4000000002345438e+01
8.8000000002228603e+01
1.3201320572457576e+02
1.7600000001973805e+02
2.1999998858829042e+02
2.6401318287036554e+02
3.0800090758115834e+02
3.5200000005215219e+02
3.9600000039657863e+02
4.4000000041162116e+02
3.9600000017222351e+02
3.5201319421529570e+02
3.0800000001963929e+02
2.6400001153749685e+02
2.2001321732885108e+02
1.7600000001964895e+02
1.3199998844174908e+02
8.8000000002176364e+01
4.4000000002192508e+01
2.1218793361721093e-09
4.3999999997899451e+01
8.7999999997859888e+01
1.3198680571533768e+02
1.7599629059968294e+02
2.1999999998073605e+02
2.6399999964994817e+02
3.0799999959085125e+02
3.5199999959085335e+02
3.9599999959085568e+02
4.3999999959085869e+02
3.9599999981313516e+02
3.5198679431311581e+02
3.0799999998030978e+02
2.6400001137412556e+02
2.1998681705454828e+02
1.7599999998029011e+02
1.3199998861448105e+02
8.7999999997699419e+01
4.3999999997680078e+01
2.3163715803305004e-09
4.4000000002330097e+01
8.8000000002337401e+01
1.3201320572481399e+02
1.7600365801360022e+02
2.2000000001898240e+02
2.6400000035265259e+02
3.0800000041164424e+02
3.5200000041164151e+02
3.9600000041164230e+02
4.4000000041165185e+02
3.9600000017219287e+02
3.5201319421526625e+02
3.0800000001958188e+02
2.6400001153742875e+02
2.2001321732872867e+02
1.7600000001963974e+02
1.3199998844177352e+02
8.8000000002187377e+01
4.4000000002157833e+01
2.1655790843919935e-09
4.3999999997831907e+01
8.7999999997821988e+01
1.3198680571534391e+02
1.7599629059965309e+02
2.1999999998069691e+02
2.6399999964990195e+02
3.0799999959078991e+02
3.5199999959080196e+02
3.9599999959080691e+02
4.3999999959079457e+02
3.9599999981315312e+02
3.5198679431314804e+02
3.0799999998034576e+02
2.6400001137420259e+02
2.1998681705465788e+02
1.7599999998043532e+02
1.3199998861467529e+02
8.7999999997877410e+01
4.3999999997906144e+01
2.0280337896415411e-09
4.4000000002051991e+01
8.8000000002064610e+01
1.3201320572449731e+02
1.7600365801356890e+02
2.2000000001893576e+02
2.6400000035261468e+02
3.0800000041160843e+02
3.5200000041161422e+02
3.9600000041160212e+02
4.4000000041159461e+02
3.9600000017220526e+02
3.5201319421525153e+02
3.0800000001959182e+02
2.6400001153738799e+02
2.2001321732879131e+02
1.7600000001970898e+02
1.3199998844189264e+02
8.8000000002283102e+01
4.4000000002301505e+01
2.2858863429483290e-09
4.3999999997694111e+01
8.7999999997642604e+01
1.3198680571527029e+02
1.7599629059965957e+02
2.1999999998071868e+02
2.6399999964992355e+02
3.0799999959079457e+02
3.5199999959080372e+02
3.9599999959080822e+02
4.3999999959080890e+02
3.9599999981316955e+02
3.5198679431315861e+02
3.0799999998034235e+02
2.6400001137415171e+02
2.1998681705457864e+02
1.7599999998038746e+02
1.3199998861465923e+02
8.7999999997831992e+01
4.3999999997869111e+01
2.1012596026661207e-09
4.4000000002090935e+01
8.8000000002095149e+01
1.3201320572455052e+02
1.7600365801355585e+02
2.2000000001894119e+02
2.6400000035260831e+02
3.0800000041161530e+02
3.5200000041160206e+02
3.9600000041160786e+02
4.4000000041160445e+02
3.9600000017222771e+02
3.5201319421525557e+02
3.0800000001956431e+02
2.6400001153741636e+02
2.2001321732876644e+02
1.7600000001962431e+02
1.3199998844177395e+02
8.8000000002214705e+01
4.4000000002267257e+01
2.2541324398153667e-09
4.3999999997718632e+01
8.7999999997707661e+01
1.3198680571523880e+02
1.7599629059964238e+02
2.1999999998070055e+02
2.6399999964990025e+02
3.0799999959079946e+02
3.5199999959081299e+02
3.9599999959080549e+02
4.3999999959080094e+02
3.9599999981320252e+02
3.5198679431323978e+02
3.0799999998036424e+02
2.6400001137404513e+02
2.1998681705442240e+02
1.7599999998028662e+02
1.3199998861464729e+02
8.7999999997750237e+01
4.3999999997767439e+01
2.2078633813637413e-09
