0.0000000000000000e+00
7.4285577069685568e-11
9.0183751180335365e-10
-8.8026394366523923e-03
8.2476780665981065e-09
5.2993433617902083e-06
-8.7920463052160100e-03
-2.2995604948797509e-03
1.2261719989942664e-08
3.8326470610978524e-07
3.9168526577414810e-07
7.3672102088668771e-08
-8.7976056560992583e-03
7.9952501102424416e-09
-5.0148749698540678e-06
-8.8073944287470757e-03
8.1120165560996774e-09
4.7647813930175652e-06
6.3355637904733923e-10
6.7160677600241441e-10
7.0103201846630076e-10
7.1851576105026745e-10
7.0922270952096351e-10
-8.7973604610401164e-03
-9.2113199802525050e-03
4.3347524036888244e-09
3.5739597448183667e-07
3.9029686129217823e-07
3.9023301243446135e-07
3.9023668708039341e-07
3.9023804140008285e-07
7.8126755072838884e-08
-8.8028751662196300e-03
8.1326261833096863e-09
5.5346562795715347e-06
-8.7915753499845286e-03
8.1266213689861672e-09
-5.7742278024245570e-06
7.0797195274646637e-10
7.3589540724051817e-10
6.2608204303854330e-10
5.9512814870502561e-10
4.8672709815911341e-10
-8.8026407066476939e-03
-9.2071778032387849e-03
4.4308676435467522e-09
3.5844417268098873e-07
3.9170677128480540e-07
3.9171177786093047e-07
3.9164761589018517e-07
3.9176269517575769e-07
7.3774969863408123e-08
-8.7976054746628143e-03
8.2844290637782170e-09
-5.0145339830066485e-06
-8.8073940846441125e-03
8.4229499011101154e-09
4.7650423257501868e-06
1.0629471434695146e-09
1.1592289477459626e-09
1.2115054260332574e-09
1.1176754566505133e-09
1.0665636244155760e-09
-8.7973600896229347e-03
-9.2113195608957248e-03
4.6100311114337772e-09
3.5768481653832719e-07
3.9062795402837691e-07
3.9077942323914359e-07
3.9068910208827241e-07
3.9071772212630732e-07
7.8411239018210805e-08
-8.8028748193964088e-03
8.5172226879603474e-09
5.5350456212259381e-06
-8.7915750044779851e-03
8.3278996822314967e-09
-5.7740683472385058e-06
1.0112033814102815e-09
1.0202547858914536e-09
1.0042093754502849e-09
9.4846733154327359e-10
9.7133648818074276e-10
-8.8026402967447698e-03
-9.2071774051430237e-03
4.6390841381270438e-09
3.5877337128059716e-07
3.9194901567529785e-07
3.9201536676258446e-07
3.9196836274710569e-07
3.9204337438393067e-07
7.4101413204260446e-08
-8.7976052223844772e-03
8.6388505964179448e-09
-5.0142264086046488e-06
-8.8073935849776082e-03
8.5896539711449492e-09
4.7650092429200196e-06
1.2502367221357256e-09
1.2620227631781163e-09
1.3233437508359966e-09
1.2051897167543383e-09
1.2639743144230318e-09
-8.7973600141686131e-03
-9.2113194587611132e-03
4.7575096960128972e-09
3.5784169107901168e-07
3.9087040322787244e-07
3.9083830751909194e-07
3.9084609480531271e-07
3.9082159812430884e-07
7.8516674885073458e-08
-8.8028747457371721e-03
8.6163486822755704e-09
5.5351949520577908e-06
-8.7915747826617409e-03
8.6103877957346699e-09
-5.7738645028809694e-06
1.2062372013453417e-09
1.1482517322253722e-09
1.2035565300661558e-09
1.2483768725008951e-09
1.2121509349479767e-09
-8.8026399684367641e-03
-9.2071770537576880e-03
4.9896841260542931e-09
3.5901628566117393e-07
3.9227072848977038e-07
3.9225982665562266e-07
3.9225548823957738e-07
3.9234579923106736e-07
7.4372182318932704e-08
-8.7976049084816342e-03
8.7741688399383435e-09
-5.0142157376905750e-06
-8.8073937438241934e-03
8.7202734388391713e-09
4.7653282793125184e-06
1.3132941545950611e-09
1.2953516008459024e-09
1.4140090636869488e-09
1.3989540796839854e-09
1.3848744910309706e-09
-8.7973598998426841e-03
-9.2113193248982306e-03
4.8804930964780897e-09
3.5787456811211928e-07
3.9086601552606040e-07
3.9092453331455827e-07
3.9100748822499207e-07
3.9089984000319341e-07
7.8688092308187008e-08
-8.8028746401800327e-03
8.6988388768119443e-09
5.5353422515088324e-06
-8.7915747851080861e-03
8.6828864499132834e-09
-5.7737065802468043e-06
1.2612390248366260e-09
1.2916213674142154e-09
1.3583599064619099e-09
