0.0000000000000000e+00
0.0000000000000000e+00
0.0000000000000000e+00
0.0000000000000000e+00
0.0000000000000000e+00
0.0000000000000000e+00
0.0000000000000000e+00
-3.8096009386266882e-01
-2.7485201732559301e+00
-6.5347659399875839e+00
-1.1334411527556181e+01
-1.4763833683265014e+01
-1.7212315622738622e+01
-1.8961204478021777e+01
-2.0210397827883039e+01
-2.1102672086488191e+01
-2.1740007425623002e+01
-2.2195245211784076e+01
-2.2520414170944829e+01
-2.2752677260301184e+01
-2.2918579235985526e+01
-2.3037080529361795e+01
-2.3121724250239126e+01
-2.3182184020202509e+01
-2.3225369554535035e+01
-2.3256216356790144e+01
-2.3282526895122039e+01
-2.3297043044099972e+01
-2.3307223024145706e+01
-2.3315808828062792e+01
-2.3323808541439558e+01
-2.3331592783977612e+01
-2.3332090095838097e+01
-2.3332090095838097e+01
-2.3332272930065329e+01
-2.3334704689533083e+01
-2.3337963260614274e+01
-2.3341525807416652e+01
-2.3341525807416652e+01
-2.3341525807416652e+01
-2.3341525807416652e+01
-2.3342592894135642e+01
-2.3344121134231148e+01
-2.3345818916208991e+01
-2.3345818916208991e+01
-2.3345818916208991e+01
-2.3345818916208991e+01
-2.3345818916208991e+01
-2.3345818916208991e+01
-2.3345818916208991e+01
-2.3345818916208991e+01
-2.3345818916208991e+01
-2.3345818916208991e+01
-2.3345818916208991e+01
-2.3345818916208991e+01
-2.3345818916208991e+01
-2.3345818916208991e+01
-2.3345818916208991e+01
-2.3345818916208991e+01
-2.3345818916208991e+01
-2.3345818916208991e+01
-2.3345818916208991e+01
-2.3345818916208991e+01
-2.3345818916208991e+01
-2.3345818916208991e+01
-2.3345818916208991e+01
-2.3345818916208991e+01
-2.3345818916208991e+01
-2.3345818916208991e+01
-2.3345818916208991e+01
-2.3345818916208991e+01
-2.3345818916208991e+01
-2.3345818916208991e+01
-2.3345818916208991e+01
-2.3345818916208991e+01
-2.3345818916208991e+01
-2.3345818916208991e+01
-2.3345818916208991e+01
-2.3345818916208991e+01
-2.3345818916208991e+01
-2.3345818916208991e+01
-2.3345818916208991e+01
-2.3345818916208991e+01
-2.3345818916208991e+01
-2.3345818916208991e+01
-2.3345818916208991e+01
-2.3345818916208991e+01
-2.3345818916208991e+01
-2.3345818916208991e+01
-2.3345818916208991e+01
-2.3345818916208991e+01
-2.3345818916208991e+01
-2.3345818916208991e+01
-2.3345818916208991e+01
-2.3345818916208991e+01
-2.3345818916208991e+01
-2.3345818916208991e+01
-2.3345818916208991e+01
-2.3345818916208991e+01
-2.3345818916208991e+01
-2.3345818916208991e+01
-2.3345818916208991e+01
-2.3345818916208991e+01
-2.3345818916208991e+01
-2.3345818916208991e+01
-2.3345818916208991e+01
-2.3345818916208991e+01
-2.3345818916208991e+01
-2.3345818916208991e+01
-2.3345818916208991e+01
-2.3345818916208991e+01
-2.3345818916208991e+01
-2.3345818916208991e+01
-2.3345818916208991e+01
-2.3345818916208991e+01
-2.3345818916208991e+01
-2.3345818916208991e+01
-2.3345818916208991e+01
-2.3345818916208991e+01
-2.3345818916208991e+01
-2.3345818916208991e+01
-2.3345818916208991e+01
-2.3345818916208991e+01
-2.3345818916208991e+01
-2.3345818916208991e+01
-2.3345818916208991e+01
-2.3345818916208991e+01
-2.3345818916208991e+01
-2.3345818916208991e+01
-2.3345818916208991e+01
-2.3345818916208991e+01
-2.3345818916208991e+01
-2.3345818916208991e+01
-2.3345818916208991e+01
-2.3345818916208991e+01
-2.3345818916208991e+01
-2.3345818916208991e+01
-2.3345818916208991e+01
-2.3345818916208991e+01
-2.3345818916208991e+01
-2.3345818916208991e+01
-2.3345818916208991e+01
-2.3345818916208991e+01
-2.3345818916208991e+01
-2.3345818916208991e+01
-2.3345818916208991e+01
-2.3345818916208991e+01
-2.3345818916208991e+01
-2.3345818916208991e+01
-2.3345818916208991e+01
-2.3345818916208991e+01
-2.3345818916208991e+01
-2.3345818916208991e+01
-2.3345818916208991e+01
-2.3345818916208991e+01
-2.3345818916208991e+01
-2.3345818916208991e+01
-2.3345818916208991e+01
-2.3345818916208991e+01
-2.3345818916208991e+01
-2.3345818916208991e+01
