0.0000000000000000e+00
0.0000000000000000e+00
0.0000000000000000e+00
0.0000000000000000e+00
0.0000000000000000e+00
0.0000000000000000e+00
0.0000000000000000e+00
1.9048004693126930e-01
1.3742600866275270e+00
3.2673829699926165e+00
5.6672057637763453e+00
7.3819168416302006e+00
8.6061578113666908e+00
9.4806022390079718e+00
1.0105198913938377e+01
1.0551336043240774e+01
1.0870003712808053e+01
1.1097622605888478e+01
1.1260207085468785e+01
1.1376338630146904e+01
1.1459289617989050e+01
1.1518540264677132e+01
1.1560862125115790e+01
1.1591092010097453e+01
1.1612684777263709e+01
1.1628108178391255e+01
1.1641263447557158e+01
1.1648521522046115e+01
1.1653611512068959e+01
1.1657904414027495e+01
1.1661904270715873e+01
1.1665796391984914e+01
1.1666045047915153e+01
1.1666045047915148e+01
1.1666136465028773e+01
1.1667352344762669e+01
1.1668981630303271e+01
1.1670762903704436e+01
1.1670762903704436e+01
1.1670762903704420e+01
1.1670762903704411e+01
1.1671296447063922e+01
1.1672060567111661e+01
1.1672909458100571e+01
1.1672909458100563e+01
1.1672909458100564e+01
1.1672909458100559e+01
1.1672909458100552e+01
1.1672909458100552e+01
1.1672909458100545e+01
1.1672909458100523e+01
1.1672909458100536e+01
1.1672909458100536e+01
1.1672909458100525e+01
1.1672909458100511e+01
1.1672909458100504e+01
1.1672909458100520e+01
1.1672909458100525e+01
1.1672909458100509e+01
1.1672909458100488e+01
1.1672909458100488e+01
1.1672909458100499e+01
1.1672909458100497e+01
1.1672909458100488e+01
1.1672909458100484e+01
1.1672909458100463e+01
1.1672909458100458e+01
1.1672909458100449e+01
1.1672909458100454e+01
1.1672909458100461e+01
1.1672909458100463e+01
1.1672909458100467e+01
1.1672909458100452e+01
1.1672909458100445e+01
1.1672909458100435e+01
1.1672909458100433e+01
1.1672909458100435e+01
1.1672909458100429e+01
1.1672909458100408e+01
1.1672909458100403e+01
1.1672909458100399e+01
1.1672909458100408e+01
1.1672909458100408e+01
1.1672909458100403e+01
1.1672909458100404e+01
1.1672909458100429e+01
1.1672909458100435e+01
1.1672909458100424e+01
1.1672909458100429e+01
1.1672909458100452e+01
1.1672909458100445e+01
1.1672909458100454e+01
1.1672909458100460e+01
1.1672909458100472e+01
1.1672909458100460e+01
1.1672909458100460e+01
1.1672909458100472e+01
1.1672909458100499e+01
1.1672909458100515e+01
1.1672909458100506e+01
1.1672909458100509e+01
1.1672909458100518e+01
1.1672909458100504e+01
1.1672909458100523e+01
1.1672909458100518e+01
1.1672909458100515e+01
1.1672909458100502e+01
1.1672909458100488e+01
1.1672909458100499e+01
1.1672909458100509e+01
1.1672909458100502e+01
1.1672909458100499e+01
1.1672909458100502e+01
1.1672909458100516e+01
1.1672909458100508e+01
1.1672909458100529e+01
1.1672909458100538e+01
1.1672909458100523e+01
1.1672909458100518e+01
1.1672909458100518e+01
1.1672909458100500e+01
1.1672909458100486e+01
1.1672909458100477e+01
1.1672909458100477e+01
1.1672909458100467e+01
1.1672909458100472e+01
1.1672909458100490e+01
1.1672909458100506e+01
1.1672909458100520e+01
1.1672909458100531e+01
1.1672909458100502e+01
1.1672909458100495e+01
1.1672909458100481e+01
1.1672909458100470e+01
1.1672909458100467e+01
1.1672909458100481e+01
1.1672909458100483e+01
1.1672909458100506e+01
1.1672909458100502e+01
1.1672909458100518e+01
1.1672909458100531e+01
1.1672909458100513e+01
1.1672909458100488e+01
1.1672909458100486e+01
1.1672909458100486e+01
1.1672909458100483e+01
1.1672909458100486e+01
1.1672909458100481e+01
1.1672909458100477e+01
1.1672909458100474e+01
1.1672909458100499e+01
1.1672909458100511e+01
1.1672909458100515e+01
1.1672909458100513e+01
1.1672909458100515e+01
1.1672909458100518e+01
1.1672909458100532e+01
1.1672909458100522e+01
1.1672909458100504e+01
1.1672909458100497e+01
1.1672909458100484e+01
