0.0000000000000000e+00
0.0000000000000000e+00
0.0000000000000000e+00
0.0000000000000000e+00
0.0000000000000000e+00
0.0000000000000000e+00
0.0000000000000000e+00
1.9048004693139822e-01
1.3742600866283947e+00
3.2673829699949462e+00
5.6672057637797888e+00
7.3819168416347889e+00
8.6061578113719310e+00
9.4806022390138107e+00
1.0105198913944667e+01
1.0551336043247403e+01
1.0870003712814938e+01
1.1097622605895591e+01
1.1260207085476043e+01
1.1376338630154278e+01
1.1459289617996514e+01
1.1518540264684670e+01
1.1560862125123359e+01
1.1591092010105061e+01
1.1612684777271344e+01
1.1628108178398913e+01
1.1641263447564832e+01
1.1648521522053795e+01
1.1653611512076656e+01
1.1657904414035198e+01
1.1661904270723577e+01
1.1665796391992622e+01
1.1666045047922859e+01
1.1666045047922852e+01
1.1666136465036471e+01
1.1667352344770372e+01
1.1668981630310970e+01
1.1670762903712150e+01
1.1670762903712145e+01
1.1670762903712134e+01
1.1670762903712122e+01
1.1671296447071626e+01
1.1672060567119363e+01
1.1672909458108274e+01
1.1672909458108281e+01
1.1672909458108274e+01
1.1672909458108263e+01
1.1672909458108265e+01
1.1672909458108263e+01
1.1672909458108256e+01
1.1672909458108233e+01
1.1672909458108247e+01
1.1672909458108244e+01
1.1672909458108242e+01
1.1672909458108224e+01
1.1672909458108219e+01
1.1672909458108233e+01
1.1672909458108222e+01
1.1672909458108212e+01
1.1672909458108197e+01
1.1672909458108201e+01
1.1672909458108215e+01
1.1672909458108206e+01
1.1672909458108204e+01
1.1672909458108201e+01
1.1672909458108181e+01
1.1672909458108176e+01
1.1672909458108158e+01
1.1672909458108176e+01
1.1672909458108194e+01
1.1672909458108196e+01
1.1672909458108196e+01
1.1672909458108181e+01
1.1672909458108180e+01
1.1672909458108165e+01
1.1672909458108162e+01
1.1672909458108167e+01
1.1672909458108151e+01
1.1672909458108133e+01
1.1672909458108126e+01
1.1672909458108119e+01
1.1672909458108130e+01
1.1672909458108126e+01
1.1672909458108123e+01
1.1672909458108132e+01
1.1672909458108149e+01
1.1672909458108148e+01
1.1672909458108133e+01
1.1672909458108142e+01
1.1672909458108180e+01
1.1672909458108174e+01
1.1672909458108180e+01
1.1672909458108180e+01
1.1672909458108192e+01
1.1672909458108187e+01
1.1672909458108180e+01
1.1672909458108201e+01
1.1672909458108215e+01
1.1672909458108231e+01
1.1672909458108228e+01
1.1672909458108229e+01
1.1672909458108222e+01
1.1672909458108212e+01
1.1672909458108229e+01
1.1672909458108229e+01
1.1672909458108226e+01
1.1672909458108208e+01
1.1672909458108206e+01
1.1672909458108219e+01
1.1672909458108226e+01
1.1672909458108222e+01
1.1672909458108215e+01
1.1672909458108220e+01
1.1672909458108238e+01
1.1672909458108228e+01
1.1672909458108251e+01
1.1672909458108252e+01
1.1672909458108235e+01
1.1672909458108236e+01
1.1672909458108229e+01
1.1672909458108206e+01
1.1672909458108194e+01
1.1672909458108176e+01
1.1672909458108172e+01
1.1672909458108162e+01
1.1672909458108165e+01
1.1672909458108176e+01
1.1672909458108194e+01
1.1672909458108204e+01
1.1672909458108217e+01
1.1672909458108188e+01
1.1672909458108185e+01
1.1672909458108174e+01
1.1672909458108155e+01
1.1672909458108151e+01
1.1672909458108162e+01
1.1672909458108162e+01
1.1672909458108185e+01
1.1672909458108188e+01
1.1672909458108187e+01
1.1672909458108197e+01
1.1672909458108176e+01
1.1672909458108153e+01
1.1672909458108151e+01
1.1672909458108155e+01
1.1672909458108155e+01
1.1672909458108148e+01
1.1672909458108146e+01
1.1672909458108141e+01
1.1672909458108135e+01
1.1672909458108153e+01
1.1672909458108169e+01
1.1672909458108167e+01
1.1672909458108174e+01
1.1672909458108176e+01
1.1672909458108180e+01
1.1672909458108201e+01
1.1672909458108201e+01
1.1672909458108169e+01
1.1672909458108165e+01
1.1672909458108155e+01
