0.0000000000000000e+00
-4.0000000002112087e-04
-8.0000000001558002e-04
-1.2001600640379319e-03
-1.6000000001408577e-03
-1.9999998721695537e-03
-2.4001598081218583e-03
-2.8571463815479574e-03
-3.6123436226849965e-03
-4.5802481044843728e-03
-5.7001785629538686e-03
-6.2148553399499033e-03
-6.5818635417127479e-03
-6.8441887909383402e-03
-7.0315638346964398e-03
-7.1654029343336161e-03
-7.2610021956677866e-03
-7.3292873335362718e-03
-7.3780624070900191e-03
-7.4129017326171037e-03
-7.4377869586399054e-03
-7.4555621167689207e-03
-7.4682586565977174e-03
-7.4773276127547920e-03
-7.4838054381414238e-03
-7.4884324560493083e-03
-7.4930594953667813e-03
-7.4945564638546000e-03
-7.4960534345824446e-03
-7.4975504075519986e-03
-7.4990473827624389e-03
-7.5005443602131671e-03
-7.4998135180428327e-03
-7.4990826764057142e-03
-7.4998135169388035e-03
-7.5005443580062154e-03
-7.5012751996086169e-03
-7.5020060417441787e-03
-7.5008777688925976e-03
-7.5012288737384483e-03
-7.5015799787078764e-03
-7.5019310838013598e-03
-7.5022821890174639e-03
-7.5026332943564679e-03
-7.5013377440138994e-03
-7.5018728414533390e-03
-7.5024079391795466e-03
-7.5013377438650723e-03
-7.5018728405237874e-03
-7.5024079374695352e-03
-7.5013377438653585e-03
-7.5018728405236434e-03
-7.5024079374692368e-03
-7.5013377438653481e-03
-7.5018728405248066e-03
-7.5024079374691509e-03
-7.5013377438654764e-03
-7.5018728405250121e-03
-7.5024079374695091e-03
-7.5013377438653420e-03
-7.5018728405247641e-03
-7.5024079374691284e-03
-7.5013377438647669e-03
-7.5018728405239305e-03
-7.5024079374696948e-03
-7.5013377438649135e-03
-7.5018728405234457e-03
-7.5024079374691448e-03
-7.5013377438645380e-03
-7.5018728405236487e-03
-7.5024079374688179e-03
-7.5013377438648450e-03
-7.5018728405242558e-03
-7.5024079374694901e-03
-7.5013377438651902e-03
-7.5018728405241829e-03
-7.5024079374699619e-03
-7.5013377438658364e-03
-7.5018728405247979e-03
-7.5024079374698847e-03
-7.5013377438657766e-03
-7.5018728405250260e-03
-7.5024079374703964e-03
-7.5013377438658711e-03
-7.5018728405242584e-03
-7.5024079374697962e-03
-7.5013377438655077e-03
-7.5018728405244518e-03
-7.5024079374700799e-03
-7.5013377438656456e-03
-7.5018728405244987e-03
-7.5024079374699897e-03
-7.5013377438658650e-03
-7.5018728405242367e-03
-7.5024079374689020e-03
-7.5013377438651425e-03
-7.5018728405245099e-03
-7.5024079374696340e-03
-7.5013377438654470e-03
-7.5018728405239783e-03
-7.5024079374699203e-03
-7.5013377438656291e-03
-7.5018728405241951e-03
-7.5024079374701961e-03
-7.5013377438662441e-03
-7.5018728405249063e-03
-7.5024079374702455e-03
-7.5013377438650931e-03
-7.5018728405240424e-03
-7.5024079374691006e-03
-7.5013377438648077e-03
-7.5018728405229019e-03
-7.5024079374687858e-03
-7.5013377438651156e-03
-7.5018728405233754e-03
-7.5024079374682515e-03
-7.5013377438640514e-03
-7.5018728405223944e-03
-7.5024079374687780e-03
-7.5013377438651035e-03
-7.5018728405242888e-03
-7.5024079374688742e-03
-7.5013377438640557e-03
-7.5018728405236434e-03
-7.5024079374688950e-03
-7.5013377438638597e-03
-7.5018728405231404e-03
-7.5024079374684180e-03
-7.5013377438644894e-03
-7.5018728405240329e-03
-7.5024079374693305e-03
-7.5013377438645328e-03
-7.5018728405232306e-03
-7.5024079374683035e-03
-7.5013377438647375e-03
-7.5018728405237944e-03
-7.5024079374688022e-03
-7.5013377438649656e-03
-7.5018728405239089e-03
-7.5024079374689072e-03
-7.5013377438644590e-03
-7.5018728405232028e-03
-7.5024079374683712e-03
-7.5013377438647531e-03
-7.5018728405237441e-03
-7.5024079374683000e-03
-7.5013377438648016e-03
-7.5018728405231872e-03
-7.5024079374680676e-03
-7.5013377438633965e-03
-7.5018728405224638e-03
-7.5024079374672332e-03
-7.5013377438622984e-03
-7.5018728405213337e-03
-7.5024079374667648e-03
-7.5013377438628431e-03
-7.5018728405209945e-03
-7.5024079374662878e-03
-7.5013377438611015e-03
-7.5018728405197629e-03
-7.5024079374656216e-03
