0.0000000000000000e+00
1.0000000000576372e-04
2.0000000000826177e-04
2.9999000101181930e-04
4.0000000008097507e-04
4.9999999815124048e-04
5.9998999722175460e-04
7.2857148015137018e-04
1.0061248052791300e-03
1.3901001654314151e-03
1.8500771327780688e-03
2.1072837664567780e-03
2.2909202328176511e-03
2.4220885768128932e-03
2.5157789403852547e-03
2.5826999487385052e-03
2.6305003232863452e-03
2.6646432716491363e-03
2.6890310019742820e-03
2.7064507634735153e-03
2.7188934268552196e-03
2.7277810316182357e-03
2.7341293146436151e-03
2.7386637994107617e-03
2.7419027155161282e-03
2.7442162262108932e-03
2.7465297315538181e-03
2.7472782267400245e-03
2.7480267213667777e-03
2.7487752154330275e-03
2.7495237089386936e-03
2.7502722018845683e-03
2.7499067563938337e-03
2.7495413107703343e-03
2.7499067570275438e-03
2.7502722031517296e-03
2.7506376491416708e-03
2.7510030949985656e-03
2.7504388826168152e-03
2.7506144353924701e-03
2.7507899881373506e-03
2.7509655408509883e-03
2.7511410935341500e-03
2.7513166461863399e-03
2.7506688705710857e-03
2.7509364184649015e-03
2.7512039662865541e-03
2.7506688705683036e-03
2.7509364185225029e-03
2.7512039664047373e-03
2.7506688705679848e-03
2.7509364185224622e-03
2.7512039664054759e-03
2.7506688705683483e-03
2.7509364185229926e-03
2.7512039664054728e-03
2.7506688705679775e-03
2.7509364185222401e-03
2.7512039664047763e-03
2.7506688705678959e-03
2.7509364185213914e-03
2.7512039664034172e-03
2.7506688705668659e-03
2.7509364185213897e-03
2.7512039664037242e-03
2.7506688705663945e-03
2.7509364185211438e-03
2.7512039664039575e-03
2.7506688705668590e-03
2.7509364185209855e-03
2.7512039664035846e-03
2.7506688705663963e-03
2.7509364185203662e-03
2.7512039664037220e-03
2.7506688705668998e-03
2.7509364185211889e-03
2.7512039664037841e-03
2.7506688705665268e-03
2.7509364185209356e-03
2.7512039664036340e-03
2.7506688705674943e-03
2.7509364185216525e-03
2.7512039664047468e-03
2.7506688705688028e-03
2.7509364185234033e-03
2.7512039664059733e-03
2.7506688705693358e-03
2.7509364185234345e-03
2.7512039664058623e-03
2.7506688705694182e-03
2.7509364185235295e-03
2.7512039664064087e-03
2.7506688705701463e-03
2.7509364185252867e-03
2.7512039664071846e-03
2.7506688705698037e-03
2.7509364185239801e-03
2.7512039664063992e-03
2.7506688705693210e-03
2.7509364185239137e-03
2.7512039664068571e-03
2.7506688705697733e-03
2.7509364185237433e-03
2.7512039664071494e-03
2.7506688705689489e-03
2.7509364185240551e-03
2.7512039664063198e-03
2.7506688705699464e-03
2.7509364185246557e-03
2.7512039664083425e-03
2.7506688705711238e-03
2.7509364185250812e-03
2.7512039664077024e-03
2.7506688705705180e-03
2.7509364185253509e-03
2.7512039664086725e-03
2.7506688705715857e-03
2.7509364185257937e-03
2.7512039664084930e-03
2.7506688705713229e-03
2.7509364185249602e-03
2.7512039664085650e-03
2.7506688705712188e-03
2.7509364185251796e-03
2.7512039664086426e-03
2.7506688705717392e-03
2.7509364185261736e-03
2.7512039664081855e-03
2.7506688705711906e-03
2.7509364185252030e-03
2.7512039664073836e-03
2.7506688705712214e-03
2.7509364185259897e-03
2.7512039664081473e-03
2.7506688705718663e-03
2.7509364185259923e-03
2.7512039664094397e-03
2.7506688705720228e-03
2.7509364185259446e-03
2.7512039664092090e-03
2.7506688705722228e-03
2.7509364185269217e-03
2.7512039664097550e-03
2.7506688705730095e-03
2.7509364185276568e-03
2.7512039664102633e-03
2.7506688705730845e-03
2.7509364185274274e-03
2.7512039664110356e-03
2.7506688705742238e-03
2.7509364185276421e-03
2.7512039664101878e-03
2.7506688705735897e-03
2.7509364185274807e-03
2.7512039664110595e-03
2.7506688705737237e-03
2.7509364185275792e-03
2.7512039664103678e-03
2.7506688705734856e-03
2.7509364185278077e-03
2.7512039664108505e-03
