0.0000000000000000e+00
1.0000000000497821e-04
2.0000000000899816e-04
2.9999000101259922e-04
4.0000000008217208e-04
4.9999999815235623e-04
5.9998999722321133e-04
7.2857148015232590e-04
1.0061248052800819e-03
1.3901001654325806e-03
1.8500771327792569e-03
2.1072837664583479e-03
2.2909202328192588e-03
2.4220885768149150e-03
2.5157789403875250e-03
2.5826999487408098e-03
2.6305003232887135e-03
2.6646432716517210e-03
2.6890310019768364e-03
2.7064507634763199e-03
2.7188934268580051e-03
2.7277810316209444e-03
2.7341293146460090e-03
2.7386637994137653e-03
2.7419027155194116e-03
2.7442162262135460e-03
2.7465297315566531e-03
2.7472782267430932e-03
2.7480267213697398e-03
2.7487752154359670e-03
2.7495237089415932e-03
2.7502722018874215e-03
2.7499067563971870e-03
2.7495413107734646e-03
2.7499067570298588e-03
2.7502722031543213e-03
2.7506376491438804e-03
2.7510030950002738e-03
2.7504388826194229e-03
2.7506144353953320e-03
2.7507899881402281e-03
2.7509655408534369e-03
2.7511410935361948e-03
2.7513166461888999e-03
2.7506688705737723e-03
2.7509364184675547e-03
2.7512039662892832e-03
2.7506688705716256e-03
2.7509364185256827e-03
2.7512039664076477e-03
2.7506688705715961e-03
2.7509364185265553e-03
2.7512039664091890e-03
2.7506688705722423e-03
2.7509364185263792e-03
2.7512039664091595e-03
2.7506688705716633e-03
2.7509364185254520e-03
2.7512039664081261e-03
2.7506688705717154e-03
2.7509364185260604e-03
2.7512039664089952e-03
2.7506688705717093e-03
2.7509364185264039e-03
2.7512039664086829e-03
2.7506688705722796e-03
2.7509364185270301e-03
2.7512039664095572e-03
2.7506688705720684e-03
2.7509364185268731e-03
2.7512039664105074e-03
2.7506688705724674e-03
2.7509364185260873e-03
2.7512039664092693e-03
2.7506688705724960e-03
2.7509364185260860e-03
2.7512039664097615e-03
2.7506688705719240e-03
2.7509364185266706e-03
2.7512039664088243e-03
2.7506688705715987e-03
2.7509364185262617e-03
2.7512039664094349e-03
2.7506688705727813e-03
2.7509364185270679e-03
2.7512039664095134e-03
2.7506688705736201e-03
2.7509364185270969e-03
2.7512039664102962e-03
2.7506688705732003e-03
2.7509364185284314e-03
2.7512039664110387e-03
2.7506688705742086e-03
2.7509364185286807e-03
2.7512039664111744e-03
2.7506688705741088e-03
2.7509364185283785e-03
2.7512039664113622e-03
2.7506688705735997e-03
2.7509364185272864e-03
2.7512039664092311e-03
2.7506688705728711e-03
2.7509364185266962e-03
2.7512039664089822e-03
2.7506688705724604e-03
2.7509364185273151e-03
2.7512039664094510e-03
2.7506688705725780e-03
2.7509364185266767e-03
2.7512039664091383e-03
2.7506688705721156e-03
2.7509364185269803e-03
2.7512039664099102e-03
2.7506688705728577e-03
2.7509364185267478e-03
2.7512039664090151e-03
2.7506688705724452e-03
2.7509364185268337e-03
2.7512039664091131e-03
2.7506688705717323e-03
2.7509364185260101e-03
2.7512039664093365e-03
2.7506688705718680e-03
2.7509364185260062e-03
2.7512039664086998e-03
2.7506688705724366e-03
2.7509364185267556e-03
2.7512039664094987e-03
2.7506688705718741e-03
2.7509364185266381e-03
2.7512039664094158e-03
2.7506688705722683e-03
2.7509364185268502e-03
2.7512039664089887e-03
2.7506688705729930e-03
2.7509364185276295e-03
2.7512039664105911e-03
2.7506688705729579e-03
2.7509364185274248e-03
2.7512039664095598e-03
2.7506688705735303e-03
2.7509364185275323e-03
2.7512039664100893e-03
2.7506688705739978e-03
2.7509364185280393e-03
2.7512039664111549e-03
2.7506688705746739e-03
2.7509364185288507e-03
2.7512039664118301e-03
2.7506688705747837e-03
2.7509364185288984e-03
2.7512039664120721e-03
2.7506688705751618e-03
2.7509364185291448e-03
2.7512039664114793e-03
2.7506688705747811e-03
2.7509364185293599e-03
2.7512039664119104e-03
2.7506688705751696e-03
2.7509364185295481e-03
2.7512039664123805e-03
