0.0000000000000000e+00
0.0000000000000000e+00
0.0000000000000000e+00
0.0000000000000000e+00
0.0000000000000000e+00
0.0000000000000000e+00
0.0000000000000000e+00
5.7144014079400271e-05
4.1227802598838920e-04
9.8021489099813712e-04
1.7001617291334265e-03
2.2145750524897520e-03
2.5818473434107933e-03
2.8441806717032672e-03
3.0315596741824578e-03
3.1654008129732322e-03
3.2610011138434541e-03
3.3292867817676128e-03
3.3780621256417282e-03
3.4129015890451823e-03
3.4377868853978366e-03
3.4555620794042758e-03
3.4682586375358758e-03
3.4773276030303844e-03
3.4838054331802629e-03
3.4884324535185314e-03
3.4923790342683138e-03
3.4945564566150047e-03
3.4960834536218654e-03
3.4973713242094280e-03
3.4985712812159405e-03
3.4997389175966498e-03
3.4998135143757239e-03
3.4998135143757239e-03
3.4998409395098086e-03
3.5002057034299737e-03
3.5006944890921521e-03
3.5012288711125080e-03
3.5012288711125080e-03
3.5012288711125080e-03
3.5012288711125080e-03
3.5013889341203573e-03
3.5016181701346808e-03
3.5018728374313574e-03
3.5018728374313574e-03
3.5018728374313574e-03
3.5018728374313574e-03
3.5018728374313574e-03
3.5018728374313574e-03
3.5018728374313574e-03
3.5018728374313574e-03
3.5018728374313574e-03
3.5018728374313574e-03
3.5018728374313574e-03
3.5018728374313574e-03
3.5018728374313574e-03
3.5018728374313574e-03
3.5018728374313574e-03
3.5018728374313574e-03
3.5018728374313574e-03
3.5018728374313574e-03
3.5018728374313574e-03
3.5018728374313574e-03
3.5018728374313574e-03
3.5018728374313574e-03
3.5018728374313574e-03
3.5018728374313574e-03
3.5018728374313574e-03
3.5018728374313574e-03
3.5018728374313574e-03
3.5018728374313574e-03
3.5018728374313574e-03
3.5018728374313574e-03
3.5018728374313574e-03
3.5018728374313574e-03
3.5018728374313574e-03
3.5018728374313574e-03
3.5018728374313574e-03
3.5018728374313574e-03
3.5018728374313574e-03
3.5018728374313574e-03
3.5018728374313574e-03
3.5018728374313574e-03
3.5018728374313574e-03
3.5018728374313574e-03
3.5018728374313574e-03
3.5018728374313574e-03
3.5018728374313574e-03
3.5018728374313574e-03
3.5018728374313574e-03
3.5018728374313574e-03
3.5018728374313574e-03
3.5018728374313574e-03
3.5018728374313574e-03
3.5018728374313574e-03
3.5018728374313574e-03
3.5018728374313574e-03
3.5018728374313574e-03
3.5018728374313574e-03
3.5018728374313574e-03
3.5018728374313574e-03
3.5018728374313574e-03
3.5018728374313574e-03
3.5018728374313574e-03
3.5018728374313574e-03
3.5018728374313574e-03
3.5018728374313574e-03
3.5018728374313574e-03
3.5018728374313574e-03
3.5018728374313574e-03
3.5018728374313574e-03
3.5018728374313574e-03
3.5018728374313574e-03
3.5018728374313574e-03
3.5018728374313574e-03
3.5018728374313574e-03
3.5018728374313574e-03
3.5018728374313574e-03
3.5018728374313574e-03
3.5018728374313574e-03
3.5018728374313574e-03
3.5018728374313574e-03
3.5018728374313574e-03
3.5018728374313574e-03
3.5018728374313574e-03
3.5018728374313574e-03
3.5018728374313574e-03
3.5018728374313574e-03
3.5018728374313574e-03
3.5018728374313574e-03
3.5018728374313574e-03
3.5018728374313574e-03
3.5018728374313574e-03
3.5018728374313574e-03
3.5018728374313574e-03
3.5018728374313574e-03
3.5018728374313574e-03
3.5018728374313574e-03
3.5018728374313574e-03
3.5018728374313574e-03
3.5018728374313574e-03
3.5018728374313574e-03
3.5018728374313574e-03
3.5018728374313574e-03
3.5018728374313574e-03
3.5018728374313574e-03
3.5018728374313574e-03
3.5018728374313574e-03
3.5018728374313574e-03
3.5018728374313574e-03
3.5018728374313574e-03
3.5018728374313574e-03
3.5018728374313574e-03
3.5018728374313574e-03
3.5018728374313574e-03
3.5018728374313574e-03
3.5018728374313574e-03
3.5018728374313574e-03
3.5018728374313574e-03
3.5018728374313574e-03
3.5018728374313574e-03
