0.0000000000000000e+00
4.4000000002331312e+01
8.8000000002138293e+01
1.3201320572442393e+02
1.7600000001958779e+02
2.1999998858827405e+02
2.6401318287029801e+02
3.0800016197111586e+02
3.5200452223043430e+02
3.9600228214090009e+02
4.4000115297886549e+02
4.4002433443522256e+02
4.4000112282853576e+02
4.4000055969737781e+02
4.4000028721521738e+02
4.4000014639800622e+02
4.4000007464076020e+02
4.4000003806312009e+02
4.4000001941308011e+02
4.4000000990215267e+02
4.4000000505117862e+02
4.4000000257681472e+02
4.4000000131459444e+02
4.4000000067066571e+02
4.4000000034219801e+02
4.4000000017456784e+02
4.4008981944571053e+02
4.4000000049926888e+02
4.3999603784556035e+02
4.4002364002713261e+02
4.4006284694928854e+02
4.4010632034193713e+02
4.4000000025293616e+02
4.3990352697399794e+02
4.3999638009380033e+02
4.4004470452921498e+02
4.4007665812990348e+02
4.4010259304653533e+02
4.3995365434604838e+02
4.4000000021675135e+02
4.4004634609560219e+02
4.4007156366559906e+02
4.4008765040681942e+02
4.4010038022692140e+02
4.3992936754262774e+02
4.4000000033194465e+02
4.4007063314016096e+02
4.3992936752931155e+02
4.4000000025523980e+02
4.4007063300008724e+02
4.3992936752931331e+02
4.4000000025525731e+02
4.4007063300015545e+02
4.3992936752936998e+02
4.4000000025538634e+02
4.4007063300015909e+02
4.3992936752934253e+02
4.4000000025533376e+02
4.4007063300011714e+02
4.3992936752932110e+02
4.4000000025529295e+02
4.4007063300005461e+02
4.3992936752921696e+02
4.4000000025522741e+02
4.4007063300009378e+02
4.3992936752922981e+02
4.4000000025519756e+02
4.4007063300009162e+02
4.3992936752921338e+02
4.4000000025520660e+02
4.4007063300009406e+02
4.3992936752924578e+02
4.4000000025520535e+02
4.4007063300011191e+02
4.3992936752929950e+02
4.4000000025523576e+02
4.4007063300017768e+02
4.3992936752931121e+02
4.4000000025530142e+02
4.4007063300011959e+02
4.3992936752933343e+02
4.4000000025533342e+02
4.4007063300023970e+02
4.3992936752943365e+02
4.4000000025536235e+02
4.4007063300022776e+02
4.3992936752946957e+02
4.4000000025538776e+02
4.4007063300028835e+02
4.3992936752945332e+02
4.4000000025544256e+02
4.4007063300032428e+02
4.3992936752953017e+02
4.4000000025548979e+02
4.4007063300025135e+02
4.3992936752944183e+02
4.4000000025543596e+02
4.4007063300028250e+02
4.3992936752943359e+02
4.4000000025534695e+02
4.4007063300024203e+02
4.3992936752943888e+02
4.4000000025533433e+02
4.4007063300026982e+02
4.3992936752943467e+02
4.4000000025543369e+02
4.4007063300025413e+02
4.3992936752937953e+02
4.4000000025535229e+02
4.4007063300022605e+02
4.3992936752939534e+02
4.4000000025529516e+02
4.4007063300021434e+02
4.3992936752942990e+02
4.4000000025533984e+02
4.4007063300017347e+02
4.3992936752936203e+02
4.4000000025527288e+02
4.4007063300020991e+02
4.3992936752940545e+02
4.4000000025535866e+02
4.4007063300022583e+02
4.3992936752930825e+02
4.4000000025530642e+02
4.4007063300019746e+02
4.3992936752932565e+02
4.4000000025532643e+02
4.4007063300015716e+02
4.3992936752933258e+02
4.4000000025535678e+02
4.4007063300019809e+02
4.3992936752934179e+02
4.4000000025531733e+02
4.4007063300010969e+02
4.3992936752941591e+02
4.4000000025539703e+02
4.4007063300027801e+02
4.3992936752944433e+02
4.4000000025539902e+02
4.4007063300023469e+02
4.3992936752943473e+02
4.4000000025538526e+02
4.4007063300023424e+02
4.3992936752949333e+02
4.4000000025546535e+02
4.4007063300027687e+02
4.3992936752952522e+02
4.4000000025543727e+02
4.4007063300031461e+02
4.3992936752944865e+02
4.4000000025537639e+02
4.4007063300020650e+02
4.3992936752933423e+02
4.4000000025527379e+02
4.4007063300016972e+02
4.3992936752935771e+02
4.4000000025524514e+02
4.4007063300010384e+02
4.3992936752919991e+02
4.4000000025514339e+02
4.4007063300007411e+02
