0.0000000000000000e+00
5.0535810150800434e-11
7.9867001703737321e-10
-8.8026395317879636e-03
8.1494034044474758e-09
5.2992053962227998e-06
-8.7920462722918952e-03
-1.9690089217151339e-04
-5.3868124356485983e-03
-2.7426852163723800e-03
-1.3974827953283477e-03
-1.2994370844118240e-02
-1.3179694014455450e-03
-6.6683701643044748e-04
-3.4088270617668791e-04
-1.7390335160571429e-04
-8.8719917799933725e-05
-4.5262948974279598e-05
-2.3092541712801961e-05
-1.1781602189862874e-05
-6.0109728397607982e-06
-3.0666721706560413e-06
-1.5644722432232290e-06
-7.9810273099888402e-07
-4.0714596016874532e-07
-2.0769892880567203e-07
2.9937449708100153e-02
-5.9423713346757075e-07
-1.3201203010168390e-03
7.8817188401176137e-03
2.0951558296635114e-02
3.5443308193705510e-02
-3.0094820557648036e-07
-3.2161698636193149e-02
-1.2068467855731017e-03
1.4905051630074388e-02
2.5559946180927932e-02
3.4208554119214390e-02
-1.5448819541793796e-02
-1.4423084414179652e-07
1.5448520214867392e-02
2.3854401348987968e-02
2.9216659433520545e-02
3.3459930284883810e-02
-2.3544362948302699e-02
-2.2099005293741705e-07
2.3543895662420298e-02
-2.3544356870590043e-02
-1.6992540138181236e-07
2.3543991701980099e-02
-2.3544356932715525e-02
-1.6988953815717418e-07
2.3543991880723050e-02
-2.3544356825561073e-02
-1.6986505165562665e-07
2.3543991912100812e-02
-2.3544356915435015e-02
-1.7002340268886391e-07
2.3543991747670079e-02
-2.3544356922199243e-02
-1.7009535422413884e-07
2.3543991649688321e-02
-2.3544357050837926e-02
-1.7005748172799588e-07
2.3543991602742318e-02
-2.3544357122263750e-02
-1.7006274866452939e-07
2.3543991684267157e-02
-2.3544357032679025e-02
-1.7008298186268854e-07
2.3543991711720294e-02
-2.3544357070885893e-02
-1.7021190574776991e-07
2.3543991659291472e-02
-2.3544357025063009e-02
-1.7011850531382525e-07
2.3543991651066215e-02
-2.3544357156114502e-02
-1.7014486431777794e-07
2.3543991593439222e-02
-2.3544357039672285e-02
-1.7011372722333072e-07
2.3543991727471448e-02
-2.3544356871556035e-02
-1.6985565936176334e-07
2.3543991871925414e-02
-2.3544356720464697e-02
-1.6983475261815132e-07
2.3543991907968576e-02
-2.3544356763683095e-02
-1.6978445923984755e-07
2.3543991977051350e-02
-2.3544356678120045e-02
-1.6956870096380517e-07
2.3543992099200980e-02
-2.3544356692448948e-02
-1.6977321682204064e-07
2.3543991953404245e-02
-2.3544356781968027e-02
-1.6979865102496460e-07
2.3543991937400525e-02
-2.3544356767074535e-02
-1.6986242694843955e-07
2.3543991927889710e-02
-2.3544356920196043e-02
-1.6982020795941265e-07
2.3543991838532837e-02
-2.3544356762099115e-02
-1.6976353925538309e-07
2.3543992121665931e-02
-2.3544356605116099e-02
-1.6963454410486049e-07
2.3543992116548715e-02
-2.3544356658661624e-02
-1.6962255393215542e-07
2.3543992203642783e-02
-2.3544356534255729e-02
-1.6955848367049907e-07
2.3543992146531134e-02
-2.3544356666321591e-02
-1.6978967246183705e-07
2.3543992126036473e-02
-2.3544356642403369e-02
-1.6976792051112095e-07
2.3543992104355635e-02
-2.3544356565086844e-02
-1.6959422530215124e-07
2.3543992074011109e-02
-2.3544356687219117e-02
-1.6977520276189109e-07
2.3543991914165664e-02
-2.3544356690388610e-02
-1.6965921019294229e-07
2.3543992015037311e-02
-2.3544356608108358e-02
-1.6965802078400641e-07
2.3543992214027348e-02
-2.3544356595196755e-02
-1.6967850863422789e-07
2.3543992129348972e-02
-2.3544356551129211e-02
-1.6954554078449788e-07
2.3543992219669622e-02
-2.3544356490783923e-02
-1.6948655683010054e-07
2.3543992309147280e-02
-2.3544356443714047e-02
-1.6946142958374211e-07
2.3543992440364286e-02
-2.3544356260589538e-02
-1.6942922781902957e-07
2.3543992353291715e-02
-2.3544356297047354e-02
-1.6941151573305341e-07
2.3543992432334487e-02
-2.3544356342526013e-02
-1.6939836660459938e-07
2.3543992364742656e-02
-2.3544356308381108e-02
-1.6933418153959545e-07
2.3543992448312873e-02
