0.0000000000000000e+00
-4.4000000002315339e+01
-8.8000000001306120e+01
-1.3202200836391737e+02
-1.7600000001139034e+02
-2.1999998328901694e+02
-2.6402197491651168e+02
-3.0800035887197350e+02
-3.5200990904283333e+02
-3.9600502482606549e+02
-4.4000255046162658e+02
-4.4003732880601802e+02
-4.4000244079789815e+02
-4.4000122653434448e+02
-4.4000062809787192e+02
-4.4000032030130103e+02
-4.4000016336062117e+02
-4.4000008332599782e+02
-4.4000004250555548e+02
-4.4000002168368275e+02
-4.4000001106207100e+02
-4.4000000564340513e+02
-4.4000000287899951e+02
-4.4000000146869195e+02
-4.4000000074923759e+02
-4.4000000038219241e+02
-4.4005988199592747e+02
-4.4000000109342125e+02
-4.3999735796576726e+02
-4.4001575830820730e+02
-4.4004189539093090e+02
-4.4007087703367796e+02
-4.4000000055379633e+02
-4.3993568867256079e+02
-4.3999758694054776e+02
-4.4002979947752874e+02
-4.4005109818368891e+02
-4.4006838449240939e+02
-4.3996910316553641e+02
-4.4000000036092206e+02
-4.4003089757533400e+02
-4.4004770926420895e+02
-4.4005843374736412e+02
-4.4006692029659581e+02
-4.3995291190551075e+02
-4.4000000055288274e+02
-4.4004708924444327e+02
-4.3995291188611259e+02
-4.4000000042510601e+02
-4.4004708900832253e+02
-4.3995291188617477e+02
-4.4000000042506042e+02
-4.4004708900819281e+02
-4.3995291188611850e+02
-4.4000000042518536e+02
-4.4004708900817303e+02
-4.3995291188617711e+02
-4.4000000042528586e+02
-4.4004708900829553e+02
-4.3995291188617193e+02
-4.4000000042527529e+02
-4.4004708900827904e+02
-4.3995291188615488e+02
-4.4000000042516422e+02
-4.4004708900836482e+02
-4.3995291188617625e+02
-4.4000000042509123e+02
-4.4004708900825102e+02
-4.3995291188611390e+02
-4.4000000042512926e+02
-4.4004708900818036e+02
-4.3995291188615113e+02
-4.4000000042526477e+02
-4.4004708900831110e+02
-4.3995291188617495e+02
-4.4000000042522197e+02
-4.4004708900835033e+02
-4.3995291188630625e+02
-4.4000000042529246e+02
-4.4004708900839404e+02
-4.3995291188627351e+02
-4.4000000042531127e+02
-4.4004708900838750e+02
-4.3995291188619603e+02
-4.4000000042511959e+02
-4.4004708900827291e+02
-4.3995291188608502e+02
-4.4000000042513841e+02
-4.4004708900827654e+02
-4.3995291188613453e+02
-4.4000000042509726e+02
-4.4004708900822379e+02
-4.3995291188610736e+02
-4.4000000042499636e+02
-4.4004708900806412e+02
-4.3995291188604290e+02
-4.4000000042511226e+02
-4.4004708900819480e+02
-4.3995291188611998e+02
-4.4000000042508907e+02
-4.4004708900830047e+02
-4.3995291188615715e+02
-4.4000000042515143e+02
-4.4004708900833492e+02
-4.3995291188629983e+02
-4.4000000042520929e+02
-4.4004708900836488e+02
-4.3995291188610855e+02
-4.4000000042510675e+02
-4.4004708900814779e+02
-4.3995291188603233e+02
-4.4000000042491956e+02
-4.4004708900809442e+02
-4.3995291188606660e+02
-4.4000000042498056e+02
-4.4004708900802200e+02
-4.3995291188590915e+02
-4.4000000042483782e+02
-4.4004708900810272e+02
-4.3995291188609707e+02
-4.4000000042516513e+02
-4.4004708900811039e+02
-4.3995291188596633e+02
-4.4000000042508009e+02
-4.4004708900814609e+02
-4.3995291188590960e+02
-4.4000000042495549e+02
-4.4004708900808600e+02
-4.3995291188604222e+02
-4.4000000042512056e+02
-4.4004708900824465e+02
-4.3995291188604574e+02
-4.4000000042498874e+02
-4.4004708900811312e+02
-4.3995291188601834e+02
-4.4000000042503393e+02
-4.4004708900805713e+02
-4.3995291188604267e+02
-4.4000000042506008e+02
-4.4004708900812631e+02
-4.3995291188594678e+02
-4.4000000042492422e+02
-4.4004708900801234e+02
-4.3995291188595365e+02
-4.4000000042496373e+02
-4.4004708900795816e+02
-4.3995291188593461e+02
-4.4000000042487443e+02
-4.4004708900787159e+02
-4.3995291188570923e+02
-4.4000000042478018e+02
-4.4004708900780275e+02
-4.3995291188558889e+02
-4.4000000042464114e+02
-4.4004708900774170e+02
-4.3995291188568751e+02
-4.4000000042459942e+02
-4.4004708900770640e+02
-4.3995291188547054e+02
-4.4000000042443685e+02
-4.4004708900759420e+02
