2.9999999999999983e+02
2.9999999999999983e+02
2.9999999999999983e+02
2.9999999999999983e+02
2.9999999999999983e+02
2.9999999999999983e+02
2.9999999999999983e+02
3.0742872183032193e+02
3.4788174197055031e+02
3.8620013323091871e+02
4.2299953568753153e+02
4.1787858391032478e+02
4.1418264939442798e+02
4.1155875298034516e+02
4.0968469047339278e+02
4.0834613826827410e+02
4.0739006350232569e+02
4.0670717024544410e+02
4.0621939815666303e+02
4.0587099401170076e+02
4.0562213619720035e+02
4.0544438178277198e+02
4.0531741493923607e+02
4.0522672464036202e+02
4.0516194601039524e+02
4.0511567563938246e+02
4.0516602910302720e+02
4.0505443593311907e+02
4.0503520330934151e+02
4.0504992678503902e+02
4.0507713413712935e+02
4.0510893116597043e+02
4.0500186510917882e+02
4.0499440543127156e+02
4.0499797069870249e+02
4.0504264749491529e+02
4.0506971323898227e+02
4.0509030433541051e+02
4.0503686613337493e+02
4.0503686613337493e+02
4.0503686613337493e+02
4.0505767432439552e+02
4.0507146870547268e+02
4.0508165185260771e+02
4.0505618512294035e+02
4.0505618512294035e+02
4.0505618512294035e+02
4.0505618512294035e+02
4.0505618512294035e+02
4.0505618512294035e+02
4.0505618512294035e+02
4.0505618512294035e+02
4.0505618512294035e+02
4.0505618512294035e+02
4.0505618512294035e+02
4.0505618512294035e+02
4.0505618512294035e+02
4.0505618512294035e+02
4.0505618512294035e+02
4.0505618512294035e+02
4.0505618512294035e+02
4.0505618512294035e+02
4.0505618512294035e+02
4.0505618512294035e+02
4.0505618512294035e+02
4.0505618512294035e+02
4.0505618512294035e+02
4.0505618512294035e+02
4.0505618512294035e+02
4.0505618512294035e+02
4.0505618512294035e+02
4.0505618512294035e+02
4.0505618512294035e+02
4.0505618512294035e+02
4.0505618512294035e+02
4.0505618512294035e+02
4.0505618512294035e+02
4.0505618512294035e+02
4.0505618512294035e+02
4.0505618512294035e+02
4.0505618512294035e+02
4.0505618512294035e+02
4.0505618512294035e+02
4.0505618512294035e+02
4.0505618512294035e+02
4.0505618512294035e+02
4.0505618512294035e+02
4.0505618512294035e+02
4.0505618512294035e+02
4.0505618512294035e+02
4.0505618512294035e+02
4.0505618512294035e+02
4.0505618512294035e+02
4.0505618512294035e+02
4.0505618512294035e+02
4.0505618512294035e+02
4.0505618512294035e+02
4.0505618512294035e+02
4.0505618512294035e+02
4.0505618512294035e+02
4.0505618512294035e+02
4.0505618512294035e+02
4.0505618512294035e+02
4.0505618512294035e+02
4.0505618512294035e+02
4.0505618512294035e+02
4.0505618512294035e+02
4.0505618512294035e+02
4.0505618512294035e+02
4.0505618512294035e+02
4.0505618512294035e+02
4.0505618512294035e+02
4.0505618512294035e+02
4.0505618512294035e+02
4.0505618512294035e+02
4.0505618512294035e+02
4.0505618512294035e+02
4.0505618512294035e+02
4.0505618512294035e+02
4.0505618512294035e+02
4.0505618512294035e+02
4.0505618512294035e+02
4.0505618512294035e+02
4.0505618512294035e+02
4.0505618512294035e+02
4.0505618512294035e+02
4.0505618512294035e+02
4.0505618512294035e+02
4.0505618512294035e+02
4.0505618512294035e+02
4.0505618512294035e+02
4.0505618512294035e+02
4.0505618512294035e+02
4.0505618512294035e+02
4.0505618512294035e+02
4.0505618512294035e+02
4.0505618512294035e+02
4.0505618512294035e+02
4.0505618512294035e+02
4.0505618512294035e+02
4.0505618512294035e+02
4.0505618512294035e+02
4.0505618512294035e+02
4.0505618512294035e+02
4.0505618512294035e+02
4.0505618512294035e+02
4.0505618512294035e+02
4.0505618512294035e+02
4.0505618512294035e+02
4.0505618512294035e+02
4.0505618512294035e+02
4.0505618512294035e+02
4.0505618512294035e+02
4.0505618512294035e+02
4.0505618512294035e+02
4.0505618512294035e+02
4.0505618512294035e+02
4.0505618512294035e+02
4.0505618512294035e+02
4.0505618512294035e+02
4.0505618512294035e+02
