0.0000000000000000e+00
-1.8587725300331075e-11
8.6574434861052237e-10
-8.8026394550750637e-03
8.2453956485920211e-09
5.2993090043763218e-06
-8.7920461549642007e-03
-1.9690082269133358e-04
-5.3868123625359088e-03
-2.7426851146882718e-03
-1.3974827264895595e-03
-1.2994370746372504e-02
-1.3179693231169342e-03
-6.6683691699232785e-04
-3.4088260295646008e-04
-1.7390323768718568e-04
-8.8719804119889479e-05
-4.5262806364946428e-05
-2.3092408871495423e-05
-1.1781458017943259e-05
-6.0108115688271410e-06
-3.0665091587971700e-06
-1.5643374331711046e-06
-7.9794899248661965e-07
-4.0693311114258726e-07
-2.0755068635452297e-07
2.9937449857965627e-02
-5.9406742124169697e-07
-1.3201201129944319e-03
7.8817190112818805e-03
2.0951558418710783e-02
3.5443308323895271e-02
-3.0077288418534975e-07
-3.2161698489078350e-02
-1.2068467092228544e-03
1.4905051741964569e-02
2.5559946248100394e-02
3.4208554132624483e-02
-1.5448819433847016e-02
-1.4411112634054154e-07
1.5448520321749962e-02
2.3854401431434587e-02
2.9216659477389609e-02
3.3459930366005773e-02
-2.3544362817418538e-02
-2.2088634790867884e-07
2.3543895773457075e-02
-2.3544356731211455e-02
-1.6980705171801975e-07
2.3543991827548155e-02
-2.3544356790492861e-02
-1.6971686827373162e-07
2.3543992044326372e-02
-2.3544356671322545e-02
-1.6973278361085222e-07
2.3543992059922046e-02
-2.3544356753709316e-02
-1.6988126764178800e-07
2.3543991895480676e-02
-2.3544356779400245e-02
-1.6986895608086965e-07
2.3543991901530004e-02
-2.3544356825340021e-02
-1.6981600614844510e-07
2.3543991855441634e-02
-2.3544356770718689e-02
-1.6972451768749134e-07
2.3543991996927447e-02
-2.3544356768148460e-02
-1.6976176606756851e-07
2.3543992115321304e-02
-2.3544356739299506e-02
-1.6990686411203850e-07
2.3543991942500640e-02
-2.3544356726280715e-02
-1.6985357591044448e-07
2.3543992003052502e-02
-2.3544356833859859e-02
-1.6983746753054180e-07
2.3543991857840497e-02
-2.3544356840476552e-02
-1.6984161881702756e-07
2.3543991976431807e-02
-2.3544356653350418e-02
-1.6965900481939356e-07
2.3543992038181173e-02
-2.3544356511150919e-02
-1.6966690725733847e-07
2.3543992115567725e-02
-2.3544356598636060e-02
-1.6952459136315172e-07
2.3543992224426498e-02
-2.3544356476665577e-02
-1.6944496894818195e-07
2.3543992274946045e-02
-2.3544356509180984e-02
-1.6957942723845126e-07
2.3543992222071916e-02
-2.3544356590563358e-02
-1.6968529858870883e-07
2.3543991945244289e-02
-2.3544356669159459e-02
-1.6977185501647503e-07
2.3543991941718356e-02
-2.3544356810452555e-02
-1.6973166468645376e-07
2.3543991940557413e-02
-2.3544356696018329e-02
-1.6974486871832207e-07
2.3543992035149858e-02
-2.3544356668733050e-02
-1.6961449548116103e-07
2.3543992123017103e-02
-2.3544356614232841e-02
-1.6965876300176475e-07
2.3543992099005422e-02
-2.3544356560138785e-02
-1.6957144416243215e-07
2.3543992067434075e-02
-2.3544356717160039e-02
-1.6982356818375154e-07
2.3543992104964731e-02
-2.3544356673288722e-02
-1.6977969631494764e-07
2.3543991997852419e-02
-2.3544356602804663e-02
-1.6966451389544695e-07
2.3543992068399050e-02
-2.3544356732502558e-02
-1.6975240761581624e-07
2.3543991992343447e-02
-2.3544356717346848e-02
-1.6968396089687127e-07
2.3543991978696780e-02
-2.3544356596547567e-02
-1.6961558931337378e-07
2.3543992227957791e-02
-2.3544356601231043e-02
-1.6964377148656116e-07
2.3543992087342053e-02
-2.3544356473433104e-02
-1.6953277389160770e-07
2.3543992224227053e-02
-2.3544356429515325e-02
-1.6951030619662201e-07
2.3543992327559399e-02
-2.3544356375393261e-02
-1.6941203459994115e-07
2.3543992445306167e-02
-2.3544356260378090e-02
-1.6937882783846672e-07
2.3543992454018389e-02
-2.3544356212804301e-02
-1.6932377640926879e-07
2.3543992423842103e-02
-2.3544356317401784e-02
-1.6931081053863148e-07
2.3543992429817810e-02
-2.3544356232787639e-02
-1.6925294834064214e-07
2.3543992511843033e-02
