0.0000000000000000e+00
0.0000000000000000e+00
0.0000000000000000e+00
0.0000000000000000e+00
0.0000000000000000e+00
0.0000000000000000e+00
0.0000000000000000e+00
-5.1282080240199222e-02
-3.8264401950939553e-01
-9.8331246607405043e-01
-1.8429294914879528e+00
-2.3874322036716213e+00
-2.6289423901602773e+00
-2.6289423901602773e+00
-2.6289423901602773e+00
-2.6289423901602773e+00
-2.6289423901602773e+00
-2.6289423901602773e+00
-2.6289423901602773e+00
-2.6289423901602773e+00
-2.6289423901602773e+00
-2.6289423901602773e+00
-2.6289423901602773e+00
-2.6289423901602773e+00
-2.6289423901602773e+00
-2.6289423901602773e+00
-2.6289423901602773e+00
-2.6282169234990151e+00
-2.3454690849088839e+00
-1.7915448150228841e+00
-9.7687397373309615e-01
-4.7558703603260055e-01
-2.7563279176262312e-01
-2.7563279176262312e-01
-2.7563279176262312e-01
-2.7563279176262312e-01
-2.7563279176262306e-01
-2.7563279176262306e-01
-2.7563279176262306e-01
-2.7563279176262312e-01
-2.7563279176262312e-01
-2.7563279176262312e-01
-2.7563279176262317e-01
-2.7563279176262317e-01
-2.7563279176262323e-01
-2.7563279176262334e-01
-2.7563279176262334e-01
-2.7563279176262334e-01
-4.6259744534449315e-01
-9.2442293785354646e-01
-1.6505371197560674e+00
-2.0666716770987530e+00
-2.1847509084714996e+00
-2.1847509084714996e+00
-2.1847509084714996e+00
-2.1847509084714996e+00
-2.1847509084714996e+00
-2.1847509084714996e+00
-2.1847509084714996e+00
-2.1847509084714996e+00
-2.1847509084714996e+00
-2.1847509084714996e+00
-2.1847509084714996e+00
-2.1847509084714996e+00
-2.1847509084714996e+00
-2.1847509084714996e+00
-2.1847509084714996e+00
-2.1847509084714996e+00
-2.0292001837040923e+00
-1.5975815652507355e+00
-9.0051230954503347e-01
-5.1230378873781623e-01
-4.2107875797960032e-01
-4.2107875797960026e-01
-4.2107875797959993e-01
-4.2107875797959993e-01
-4.2107875797959993e-01
-4.2107875797960015e-01
-4.2107875797959987e-01
-4.2107875797959987e-01
-4.2107875797959987e-01
-4.2107875797959976e-01
-4.2107875797959937e-01
-4.2107875797959948e-01
-4.2107875797959915e-01
-4.2107875797959904e-01
-4.2107875797959904e-01
-4.2107875797959904e-01
-5.0069865697004579e-01
-8.5930843148977010e-01
-1.4861767283985523e+00
-1.8068825228793788e+00
-1.8332033013297901e+00
-1.8332033013297901e+00
-1.8332033013297901e+00
-1.8332033013297901e+00
-1.8332033013297901e+00
-1.8332033013297901e+00
-1.8332033013297901e+00
-1.8332033013297901e+00
-1.8332033013297901e+00
-1.8332033013297901e+00
-1.8332033013297901e+00
-1.8332033013297901e+00
-1.8332033013297901e+00
-1.8332033013297901e+00
-1.8332033013297901e+00
-1.8332033013297901e+00
-1.7726421019293555e+00
-1.4323598508424460e+00
-8.2311402344880857e-01
-5.1935108345391623e-01
-5.0932370184012310e-01
-5.0932370184012310e-01
-5.0932370184012310e-01
-5.0932370184012310e-01
-5.0932370184012332e-01
-5.0932370184012332e-01
-5.0932370184012310e-01
-5.0932370184012310e-01
-5.0932370184012288e-01
-5.0932370184012288e-01
-5.0932370184012288e-01
-5.0932370184012288e-01
-5.0932370184012254e-01
-5.0932370184012232e-01
-5.0932370184012232e-01
-5.0932370184012232e-01
-5.0932370184012232e-01
-7.9122409576456854e-01
-1.3443333723327549e+00
-1.5941170113076129e+00
-1.5941170113076129e+00
-1.5941170113076129e+00
-1.5941170113076129e+00
-1.5941170113076129e+00
-1.5941170113076129e+00
-1.5941170113076129e+00
-1.5941170113076129e+00
-1.5941170113076129e+00
-1.5941170113076129e+00
-1.5941170113076129e+00
-1.5941170113076129e+00
-1.5941170113076129e+00
-1.5941170113076129e+00
-1.5941170113076129e+00
-1.5941170113076129e+00
-1.5941170113076129e+00
-1.5941170113076129e+00
-1.3232852765839460e+00
-7.8081887244492121e-01
-5.4126689841879339e-01
-5.4126689841879316e-01
-5.4126689841879316e-01
-5.4126689841879316e-01
-5.4126689841879316e-01
-5.4126689841879305e-01
-5.4126689841879316e-01
-5.4126689841879316e-01
-5.4126689841879327e-01
-5.4126689841879327e-01
