0.0000000000000000e+00
0.0000000000000000e+00
0.0000000000000000e+00
0.0000000000000000e+00
0.0000000000000000e+00
0.0000000000000000e+00
0.0000000000000000e+00
2.5641040120090188e-02
1.9132200975467498e-01
4.9165623303697720e-01
9.2146474574387760e-01
1.1937161018356426e+00
1.3144711950799486e+00
1.3144711950799499e+00
1.3144711950799512e+00
1.3144711950799515e+00
1.3144711950799528e+00
1.3144711950799530e+00
1.3144711950799546e+00
1.3144711950799539e+00
1.3144711950799537e+00
1.3144711950799535e+00
1.3144711950799524e+00
1.3144711950799532e+00
1.3144711950799552e+00
1.3144711950799557e+00
1.3144711950799546e+00
1.3141084617493228e+00
1.1727345424542985e+00
8.9577240751138643e-01
4.8843698686651399e-01
2.3779351801634602e-01
1.3781639588140948e-01
1.3781639588140923e-01
1.3781639588140918e-01
1.3781639588140923e-01
1.3781639588140912e-01
1.3781639588140907e-01
1.3781639588140884e-01
1.3781639588140890e-01
1.3781639588140895e-01
1.3781639588140893e-01
1.3781639588140868e-01
1.3781639588140854e-01
1.3781639588140843e-01
1.3781639588140854e-01
1.3781639588140865e-01
1.3781639588140845e-01
2.3129872267235804e-01
4.6221146892689968e-01
8.2526855987814363e-01
1.0333358385494618e+00
1.0923754542358433e+00
1.0923754542358419e+00
1.0923754542358441e+00
1.0923754542358457e+00
1.0923754542358444e+00
1.0923754542358457e+00
1.0923754542358448e+00
1.0923754542358455e+00
1.0923754542358457e+00
1.0923754542358453e+00
1.0923754542358457e+00
1.0923754542358450e+00
1.0923754542358457e+00
1.0923754542358468e+00
1.0923754542358466e+00
1.0923754542358470e+00
1.0146000918521394e+00
7.9879078262548731e-01
4.5025615477267084e-01
2.5615189436906638e-01
2.1053937898996009e-01
2.1053937898996017e-01
2.1053937898996011e-01
2.1053937898995992e-01
2.1053937898995970e-01
2.1053937898995967e-01
2.1053937898995989e-01
2.1053937898995995e-01
2.1053937898995989e-01
2.1053937898995956e-01
2.1053937898995931e-01
2.1053937898995947e-01
2.1053937898995997e-01
2.1053937898995967e-01
2.1053937898995997e-01
2.1053937898995995e-01
2.5034932848518754e-01
4.2965421574505375e-01
7.4308836419952018e-01
9.0344126143997205e-01
9.1660165066518207e-01
9.1660165066518062e-01
9.1660165066518040e-01
9.1660165066518118e-01
9.1660165066518051e-01
9.1660165066518129e-01
9.1660165066518284e-01
9.1660165066518273e-01
9.1660165066518384e-01
9.1660165066518406e-01
9.1660165066518584e-01
9.1660165066518506e-01
9.1660165066518595e-01
9.1660165066518562e-01
9.1660165066518640e-01
9.1660165066518529e-01
8.8632105096497105e-01
7.1617992542153042e-01
4.1155701172477221e-01
2.5967554172734958e-01
2.5466185092045174e-01
2.5466185092045202e-01
2.5466185092045246e-01
2.5466185092045229e-01
2.5466185092045218e-01
2.5466185092045257e-01
2.5466185092045240e-01
2.5466185092045318e-01
2.5466185092045363e-01
2.5466185092045390e-01
2.5466185092045374e-01
2.5466185092045429e-01
2.5466185092045418e-01
2.5466185092045407e-01
2.5466185092045446e-01
2.5466185092045429e-01
2.5466185092045390e-01
3.9561204788268639e-01
6.7216668616680975e-01
7.9705850565423531e-01
7.9705850565423453e-01
7.9705850565423431e-01
7.9705850565423275e-01
7.9705850565423209e-01
7.9705850565423120e-01
7.9705850565422953e-01
7.9705850565422975e-01
7.9705850565423086e-01
7.9705850565423131e-01
7.9705850565423064e-01
7.9705850565422998e-01
7.9705850565422942e-01
7.9705850565422809e-01
7.9705850565422853e-01
7.9705850565422742e-01
7.9705850565422598e-01
7.9705850565422642e-01
6.6164263829244929e-01
3.9040943622309832e-01
2.7063344921010823e-01
2.7063344921010846e-01
2.7063344921010835e-01
2.7063344921010846e-01
2.7063344921010835e-01
2.7063344921010818e-01
2.7063344921010901e-01
2.7063344921010923e-01
2.7063344921010940e-01
2.7063344921010918e-01
