0.0000000000000000e+00
0.0000000000000000e+00
0.0000000000000000e+00
0.0000000000000000e+00
0.0000000000000000e+00
0.0000000000000000e+00
0.0000000000000000e+00
7.6923120360298783e-06
5.7396602926409256e-05
1.4749686991110737e-04
2.7643942372319261e-04
3.5811483055074253e-04
3.9434135852404122e-04
3.9434135852404122e-04
3.9434135852404122e-04
3.9434135852404122e-04
3.9434135852404122e-04
3.9434135852404122e-04
3.9434135852404122e-04
3.9434135852404122e-04
3.9434135852404122e-04
3.9434135852404122e-04
3.9434135852404122e-04
3.9434135852404122e-04
3.9434135852404122e-04
3.9434135852404122e-04
3.9434135852404122e-04
3.9445017852323040e-04
4.3686235431175034e-04
5.1995099479465023e-04
6.4215162098811844e-04
7.1734466164319289e-04
7.4733779828368898e-04
7.4733779828368898e-04
7.4733779828368898e-04
7.4733779828368898e-04
7.4733779828368898e-04
7.4733779828368898e-04
7.4733779828368898e-04
7.4733779828368898e-04
7.4733779828368898e-04
7.4733779828368898e-04
7.4733779828368898e-04
7.4733779828368898e-04
7.4733779828368898e-04
7.4733779828368898e-04
7.4733779828368898e-04
7.4733779828368898e-04
7.7538249632096894e-04
8.4465632019732769e-04
9.5357344748270572e-04
1.0159936310841083e-03
1.0337055157900205e-03
1.0337055157900205e-03
1.0337055157900205e-03
1.0337055157900205e-03
1.0337055157900205e-03
1.0337055157900205e-03
1.0337055157900205e-03
1.0337055157900205e-03
1.0337055157900205e-03
1.0337055157900205e-03
1.0337055157900205e-03
1.0337055157900205e-03
1.0337055157900205e-03
1.0337055157900205e-03
1.0337055157900205e-03
1.0337055157900205e-03
1.0570381245051316e-03
1.1217809172731352e-03
1.2263413056289908e-03
1.2845725837500731e-03
1.2982563383638062e-03
1.2982563383638062e-03
1.2982563383638062e-03
1.2982563383638062e-03
1.2982563383638062e-03
1.2982563383638062e-03
1.2982563383638062e-03
1.2982563383638062e-03
1.2982563383638062e-03
1.2982563383638062e-03
1.2982563383638062e-03
1.2982563383638062e-03
1.2982563383638062e-03
1.2982563383638062e-03
1.2982563383638062e-03
1.2982563383638062e-03
1.3101993232123724e-03
1.3639907893903318e-03
1.4580210339266494e-03
1.5061269030987735e-03
1.5100750198663352e-03
1.5100750198663352e-03
1.5100750198663352e-03
1.5100750198663352e-03
1.5100750198663352e-03
1.5100750198663352e-03
1.5100750198663352e-03
1.5100750198663352e-03
1.5100750198663352e-03
1.5100750198663352e-03
1.5100750198663352e-03
1.5100750198663352e-03
1.5100750198663352e-03
1.5100750198663352e-03
1.5100750198663352e-03
1.5100750198663352e-03
1.5191591997764000e-03
1.5702015374394365e-03
1.6615884115484820e-03
1.7071528525477160e-03
1.7086569597897839e-03
1.7086569597897839e-03
1.7086569597897839e-03
1.7086569597897839e-03
1.7086569597897839e-03
1.7086569597897839e-03
1.7086569597897839e-03
1.7086569597897839e-03
1.7086569597897839e-03
1.7086569597897839e-03
1.7086569597897839e-03
1.7086569597897839e-03
1.7086569597897839e-03
1.7086569597897839e-03
1.7086569597897839e-03
1.7086569597897839e-03
1.7086569597897839e-03
1.7509420188784517e-03
1.8339084103636783e-03
1.8713759562099081e-03
1.8713759562099081e-03
1.8713759562099081e-03
1.8713759562099081e-03
1.8713759562099081e-03
1.8713759562099081e-03
1.8713759562099081e-03
1.8713759562099081e-03
1.8713759562099081e-03
1.8713759562099081e-03
1.8713759562099081e-03
1.8713759562099081e-03
1.8713759562099081e-03
1.8713759562099081e-03
1.8713759562099081e-03
1.8713759562099081e-03
1.8713759562099081e-03
1.8713759562099081e-03
1.9120007164184572e-03
1.9933706770393117e-03
2.0293034731432309e-03
2.0293034731432309e-03
2.0293034731432309e-03
2.0293034731432309e-03
2.0293034731432309e-03
2.0293034731432309e-03
2.0293034731432309e-03
2.0293034731432309e-03
2.0293034731432309e-03
2.0293034731432309e-03
