0.0000000000000000e+00
5.0535810150800434e-11
7.9867001703737321e-10
-8.8026395317879636e-03
8.1494034044474758e-09
5.2992053962227998e-06
-8.7920462722918952e-03
-3.6227870643606416e-06
-1.1429562053114268e-04
-1.0524536024093909e-04
-9.7228139678914402e-05
-2.7988300286140716e-10
-1.3402813925452510e-04
-8.6904829725750922e-05
-8.8371633863605567e-03
8.5184726375167956e-09
3.4511866834496769e-05
-8.7283732778623800e-03
8.4551722755162022e-09
-7.4192130916223172e-05
1.0580489605353989e-09
1.1065986689886898e-09
1.1152305119240791e-09
-8.7973602046823290e-03
8.4133742195687449e-09
-5.2594517377748504e-06
-8.8078841737209146e-03
5.3318647414532218e-09
-1.1588980049839464e-04
-1.0757319011351832e-04
-9.9532415905232436e-05
4.0287535791265712e-11
-1.3204196803681795e-04
-5.9123831994655214e-05
-8.7888107165299632e-03
8.7131996312207650e-09
-8.5293743718734311e-06
-8.8197049825159031e-03
8.9444850926655794e-09
2.2358786137447347e-05
1.5826429995932448e-09
1.5896158723969686e-09
1.5731833108343483e-09
-8.8026396275063222e-03
8.9962693638275488e-09
5.3009803929599676e-06
-8.7920435593691268e-03
9.0953174450159034e-09
-5.0935269319241387e-05
-1.0967981524425672e-04
-1.0132153641398392e-04
3.8204351616076585e-10
-1.2972715503739969e-04
-2.0858455147815375e-05
-8.7094089354661508e-03
9.0224945812368936e-09
-9.3164342591794036e-05
-8.9836492555629074e-03
9.3366646799046232e-09
1.8093151498426205e-04
1.6911994705191336e-09
1.8057004312249312e-09
1.8041222369397575e-09
-8.7973595057363012e-03
9.1081228168070683e-09
-5.2589081751308008e-06
-8.8078835815202129e-03
9.2605365132863922e-09
-3.5254738846399919e-05
-1.1144448996625324e-04
-1.0312017858019690e-04
7.0771872254252397e-10
-1.2822848679429707e-04
-1.2234088461647609e-05
-8.6988187699535667e-03
9.2649495132616799e-09
-9.8574345105631635e-05
-8.9998495486920092e-03
9.6481516056930128e-09
2.0261301541251413e-04
2.0936896016133987e-09
2.1764470006834437e-09
2.2531949069702871e-09
-8.8026389900343893e-03
9.6930309426031411e-09
5.3014901161917049e-06
-8.7920433341188986e-03
9.5837884687396539e-09
-9.2359448406785039e-06
-1.1303448084713930e-04
-1.0441855525657663e-04
9.1503658156324753e-10
-1.2657589179316506e-04
-1.0634298359706413e-06
-8.6729803947985882e-03
9.2591743044474024e-09
-1.2957023698579418e-04
-9.0564391057501026e-03
9.6212590314426311e-09
2.5367758602092672e-04
1.8269297665575746e-09
1.9142760108057462e-09
1.9289797325813519e-09
-8.7973594204444269e-03
9.1957159255961417e-09
-5.2588090215727154e-06
-8.8078833819359159e-03
9.4077637063008313e-09
-5.3430074433441134e-06
-1.1438361359053924e-04
-1.0584078855747191e-04
8.6537872113306740e-10
-1.2541681887978383e-04
-1.3286207307012312e-07
-8.6774222585304806e-03
9.6294745010495537e-09
-1.1998296185457790e-04
-9.0426799795944503e-03
1.0017733288329607e-08
2.4546990252447421e-04
2.2971129404847721e-09
2.3848462292199675e-09
2.3537876714098030e-09
-8.8026387862774579e-03
1.0010054456544026e-08
5.3020278127135701e-06
-8.7920426962727997e-03
1.0076747708890763e-08
-5.3030250370661177e-06
-1.1542772888345167e-04
-1.0675129877414858e-04
1.2148568740009177e-09
-9.2934430146300877e-05
-8.9831754446368772e-03
1.0191448142357031e-08
1.8044744267448434e-04
-8.4365837577434835e-03
9.6939129176977916e-09
-3.6581925329792840e-04
2.8375969132144283e-09
2.5226905335494806e-09
2.5210713467245458e-09
2.4834068776349735e-09
-8.7973587583143557e-03
9.8810787410203113e-09
-5.2582561426371107e-06
-8.8078829289464054e-03
9.6271138105995675e-09
5.2565657985519940e-06
-1.0722584999002300e-04
-1.0793229949566089e-04
9.4973090498824223e-10
-8.4939294669772748e-05
-8.9725715318278530e-03
9.8928594029456575e-09
1.7533627125803763e-04
-8.4518723706303520e-03
9.3345949091542726e-09
-3.4567821126219988e-04
2.4365234947953205e-09
2.2184348603328565e-09
