0.0000000000000000e+00
-4.4000000002315339e+01
-8.8000000001306120e+01
-1.3202200836391737e+02
-1.7600000001139034e+02
-2.1999998328901694e+02
-2.6402197491651168e+02
-3.0800000814022076e+02
-3.5200026930304711e+02
-3.9600024702649159e+02
-4.4000022798913591e+02
-3.9600000004982644e+02
-3.5200031634237689e+02
-3.0800021780800324e+02
-2.6402211098748717e+02
-2.2000000001098516e+02
-1.7599989748009364e+02
-1.3202178667463619e+02
-8.8000000010856780e+01
-4.4000221533731924e+01
-1.1499156244231279e-09
4.3999999999011365e+01
8.7999999998958060e+01
1.3197800835519971e+02
1.7599999998886560e+02
2.1999998327265732e+02
2.6397797492603138e+02
3.0799999997493319e+02
3.5199972690067455e+02
3.9599974553097252e+02
4.3999976433008811e+02
3.9599999995031880e+02
3.5199968935933384e+02
3.0799985265292372e+02
2.6397800770256487e+02
2.1999999998916604e+02
1.7600000063786030e+02
1.3197799292860685e+02
8.7999999989259379e+01
4.4000015408123360e+01
-6.3768680256168996e-10
-4.4000000000622521e+01
-8.8000000000733436e+01
-1.3202200836439559e+02
-1.7600000001077120e+02
-2.1999998328725351e+02
-2.6402197491375745e+02
-3.0800000001068634e+02
-3.5200012003021334e+02
-3.9600025756888186e+02
-4.4000023771102320e+02
-3.9600000004917752e+02
-3.5200030626949189e+02
-3.0800005244520685e+02
-2.6402179045300306e+02
-2.2000000001042653e+02
-1.7600021776959784e+02
-1.3202242701075008e+02
-8.8000000010836658e+01
-4.3999581684620964e+01
-5.5705897410476126e-10
4.3999999999361435e+01
8.7999999999447269e+01
1.3197800835579520e+02
1.7599999998939322e+02
2.1999998327289671e+02
2.6397797492629309e+02
3.0799999998944418e+02
3.5199991691997280e+02
3.9599973649381377e+02
4.3999975594021407e+02
3.9599999995118270e+02
3.5199969839918629e+02
3.0799996964258690e+02
2.6397823272425404e+02
2.1999999998991262e+02
1.7599977544650102e+02
1.3197754237405798e+02
8.7999999989499145e+01
4.4000466305801105e+01
1.4311775781697153e-11
-4.4000000000145477e+01
-8.8000000000023249e+01
-1.3202200836368337e+02
-1.7600000001003656e+02
-2.1999998328668846e+02
-2.6402197491342906e+02
-3.0800000001018168e+02
-3.5200002176634962e+02
-3.9600026554138657e+02
-4.4000024506530417e+02
-3.9600000004852279e+02
-3.5200029889147095e+02
-3.0800000273486955e+02
-2.6402169844268724e+02
-2.2000000001016286e+02
-1.7600030970926062e+02
-1.3202261082024324e+02
-8.8000000010689718e+01
-4.3999398015053643e+01
-3.6802054752168304e-10
4.3999999999363034e+01
8.7999999999511317e+01
1.3197800835592520e+02
1.7599999998940302e+02
2.1999998327278729e+02
2.6397797492618065e+02
3.0799999998957634e+02
3.5199998740743979e+02
3.9599972962633063e+02
4.3999974957950826e+02
3.9599999995132958e+02
3.5199970506621696e+02
3.0799999968933025e+02
2.6397828616839178e+02
2.1999999999014054e+02
1.7599972196226017e+02
1.3197743536461664e+02
8.7999999989591160e+01
4.4000573396819213e+01
7.7319620544434444e-11
-4.4000000000126917e+01
-8.8000000000044366e+01
-1.3202200836359856e+02
-1.7600000000995675e+02
-2.1999998328655678e+02
-2.6402197491337836e+02
-3.0800000000991474e+02
-3.5200001676383641e+02
-3.9600027122640500e+02
-4.4000025060595215e+02
-3.9600000004826768e+02
-3.5200023287152987e+02
-3.0802245716161070e+02
-2.6400000001013859e+02
-2.1999955156252338e+02
-1.7602109509863041e+02
-1.3200000000941273e+02
-8.8000912590357416e+01
-4.4000000000081144e+01
1.8476744553531982e-10
4.4000000000054392e+01
8.8000000000068482e+01
1.3197800835640345e+02
1.7599999998999874e+02
2.1999998327339890e+02
2.6397797492680365e+02
3.0799999998975863e+02
3.5200001667565226e+02
3.9599974656032254e+02
4.3999974469097799e+02
3.9599999995145600e+02
3.5199978816065249e+02
3.0797756784524819e+02
2.6399999998975608e+02
2.2000044082606303e+02
1.7597887363443346e+02
1.3199999999035694e+02
8.7999134044497623e+01
4.3999999999813397e+01
1.1173091192803820e-10
