0.0000000000000000e+00
-1.8587725300331075e-11
8.6574434861052237e-10
-8.8026394550750637e-03
8.2453956485920211e-09
5.2993090043763218e-06
-8.7920461549642007e-03
-3.6227123695261573e-06
-1.1429560248152555e-04
-1.0524533855021790e-04
-9.7228106140509181e-05
-2.1432269233801223e-10
-1.3402809503196397e-04
-8.6904872713016416e-05
-8.8371634418371228e-03
8.5184614669516468e-09
3.4511925356245645e-05
-8.7283731050155529e-03
8.3584993523937340e-09
-7.4192393531307839e-05
1.0382701007211586e-09
1.0361911460470295e-09
1.0456555430713095e-09
-8.7973602225928128e-03
8.3839409415396937e-09
-5.2595644379672380e-06
-8.8078843249870167e-03
5.2596864271266873e-09
-1.1588986814666977e-04
-1.0757327488093105e-04
-9.9532431640810221e-05
-4.4442646081643392e-11
-1.3204209051742962e-04
-5.9123963755006996e-05
-8.7888108753562920e-03
8.6444445691478297e-09
-8.5293561459042997e-06
-8.8197048946793942e-03
8.9246224624988944e-09
2.2358647990192129e-05
1.5800192159201727e-09
1.5957314745576843e-09
1.5908641682497896e-09
-8.8026395964056221e-03
9.0311174713558498e-09
5.3010083525762665e-06
-8.7920436313183772e-03
9.0223012514036996e-09
-5.0935305515783122e-05
-1.0967983270310209e-04
-1.0132152365732124e-04
4.1124089956351162e-10
-1.2972718988444237e-04
-2.0858471875297238e-05
-8.7094089694118408e-03
9.0336212431392243e-09
-9.3164335106843537e-05
-8.9836492419891716e-03
9.3152213402677631e-09
1.8093154471439073e-04
1.7430896315851207e-09
1.7956056646072888e-09
1.8086407013814992e-09
-8.7973595458120061e-03
9.0996049823765484e-09
-5.2589260498704480e-06
-8.8078835536303714e-03
9.2556537941569591e-09
-3.5254732960034861e-05
-1.1144452598602374e-04
-1.0312020759813115e-04
7.0187424487383073e-10
-1.2822849425631869e-04
-1.2234145108751638e-05
-8.6988188062869752e-03
9.2539401329605273e-09
-9.8574374871090111e-05
-8.9998495637078329e-03
9.5957531722432873e-09
2.0261289091503092e-04
2.0613632035734597e-09
2.2189779487619446e-09
2.2263620501808122e-09
-8.8026390855567051e-03
9.6297853995004643e-09
5.3015457420614523e-06
-8.7920432282560367e-03
9.5561417871460784e-09
-9.2359682785323599e-06
-1.1303448653651471e-04
-1.0441862400388326e-04
8.5082567169163408e-10
-1.2657595741824535e-04
-1.0634650668380950e-06
-8.6729804569011994e-03
9.1998550823602740e-09
-1.2957035381329590e-04
-9.0564391770923975e-03
9.5749310867044655e-09
2.5367756438150757e-04
1.8062749326790118e-09
1.8421616476845665e-09
1.8754736173017012e-09
-8.7973594063654077e-03
9.2045891642125206e-09
-5.2588605688392808e-06
-8.8078834183390672e-03
9.3873592458631898e-09
-5.3430385013588236e-06
-1.1438363622438504e-04
-1.0584084782993904e-04
8.2544471312620472e-10
-1.2541675125824604e-04
-1.3283829530793107e-07
-8.6774222801275312e-03
9.5966093650809619e-09
-1.1998295383806931e-04
-9.0426799371488877e-03
1.0025784178286142e-08
2.4546986209096275e-04
2.3272535304004932e-09
2.4650713803986134e-09
2.4143993223595903e-09
-8.8026387817633656e-03
1.0013517905192489e-08
5.3020727750157256e-06
-8.7920426595340419e-03
1.0127718389249907e-08
-5.3030803466443775e-06
-1.1542774654996871e-04
-1.0675133106040277e-04
1.2236625115665462e-09
-9.2934494096351427e-05
-8.9831755147016228e-03
1.0091461031324035e-08
1.8044735786911474e-04
-8.4365838258515392e-03
9.5738186613184028e-09
-3.6581933896799769e-04
2.6967146853693717e-09
2.4123957635427684e-09
2.4523584703025740e-09
2.4050229798327351e-09
-8.7973588351328898e-03
9.7838574715168588e-09
-5.2583957519983171e-06
-8.8078831185847747e-03
9.5388806999962151e-09
5.2565401042281197e-06
-1.0722595970874245e-04
-1.0793247532822430e-04
7.8726153011208558e-10
-8.4939471339099919e-05
-8.9725717372064456e-03
9.7049551881195296e-09
1.7533605810958475e-04
-8.4518725795988091e-03
9.1471298034326432e-09
-3.4567834852332086e-04
2.2648399612922882e-09
2.0535104737711430e-09
