0.0000000000000000e+00
0.0000000000000000e+00
0.0000000000000000e+00
0.0000000000000000e+00
0.0000000000000000e+00
0.0000000000000000e+00
0.0000000000000000e+00
7.6923120360298546e-06
5.7396602926409242e-05
1.4749686991110737e-04
2.7643942372319289e-04
3.5811483055074269e-04
3.9434135852404084e-04
3.9434135852404084e-04
3.9434135852404084e-04
3.9434135852404084e-04
3.9434135852404084e-04
3.9434135852404084e-04
3.9434135852404084e-04
3.9434135852404084e-04
3.9434135852404084e-04
3.9434135852404084e-04
3.9434135852404084e-04
3.9434135852404084e-04
3.9434135852404084e-04
3.9434135852404084e-04
3.9434135852404084e-04
3.9434135852404084e-04
4.2917428070782812e-04
5.0497512670473921e-04
6.2016825833625206e-04
6.8862332527570424e-04
7.1213764304035171e-04
7.1213764304035171e-04
7.1213764304035171e-04
7.1213764304035171e-04
7.1213764304035171e-04
7.1213764304035171e-04
7.1213764304035171e-04
7.1213764304035171e-04
7.1213764304035171e-04
7.1213764304035171e-04
7.1213764304035171e-04
7.1213764304035171e-04
7.1213764304035171e-04
7.1213764304035171e-04
7.1213764304035171e-04
7.1213764304035171e-04
7.3474777687566428e-04
7.9879608299680122e-04
9.0268867386122508e-04
9.6027757106786188e-04
9.7334398670894447e-04
9.7334398670894447e-04
9.7334398670894447e-04
9.7334398670894447e-04
9.7334398670894447e-04
9.7334398670894447e-04
9.7334398670894447e-04
9.7334398670894447e-04
9.7334398670894447e-04
9.7334398670894447e-04
9.7334398670894447e-04
9.7334398670894447e-04
9.7334398670894447e-04
9.7334398670894447e-04
9.7334398670894447e-04
9.7334398670894447e-04
9.8590766619497316e-04
1.0402956838175413e-03
1.1348995578185908e-03
1.1835572670859220e-03
1.1880356698379512e-03
1.1880356698379512e-03
1.1880356698379512e-03
1.1880356698379512e-03
1.1880356698379512e-03
1.1880356698379512e-03
1.1880356698379512e-03
1.1880356698379512e-03
1.1880356698379512e-03
1.1880356698379512e-03
1.1880356698379512e-03
1.1880356698379512e-03
1.1880356698379512e-03
1.1880356698379512e-03
1.1880356698379512e-03
1.1880356698379512e-03
1.1923419917951575e-03
1.2387905254924142e-03
1.3257602578665960e-03
1.3670771710729431e-03
1.3670771710729431e-03
1.3670771710729431e-03
1.3670771710729431e-03
1.3670771710729431e-03
1.3670771710729431e-03
1.3670771710729431e-03
1.3670771710729431e-03
1.3670771710729431e-03
1.3670771710729431e-03
1.3670771710729431e-03
1.3670771710729431e-03
1.3670771710729431e-03
1.3670771710729431e-03
1.3670771710729431e-03
1.3670771710729431e-03
1.3670771710729431e-03
1.3670771710729431e-03
1.4068048377102378e-03
1.4873122020122253e-03
1.5224155788103983e-03
1.5224155788103983e-03
1.5224155788103983e-03
1.5224155788103983e-03
1.5224155788103983e-03
1.5224155788103983e-03
1.5224155788103983e-03
1.5224155788103983e-03
1.5224155788103983e-03
1.5224155788103983e-03
1.5224155788103983e-03
1.5224155788103983e-03
1.5224155788103983e-03
1.5224155788103983e-03
1.5224155788103983e-03
1.5224155788103983e-03
1.5224155788103983e-03
1.5224155788103983e-03
1.5561689210332457e-03
1.6309317954807541e-03
1.6605113418556082e-03
1.6605113418556082e-03
1.6605113418556082e-03
1.6605113418556082e-03
1.6605113418556082e-03
1.6605113418556082e-03
1.6605113418556082e-03
1.6605113418556082e-03
1.6605113418556082e-03
1.6605113418556082e-03
1.6605113418556082e-03
1.6605113418556082e-03
1.6605113418556082e-03
1.6605113418556082e-03
1.6605113418556082e-03
1.6605113418556082e-03
1.6605113418556082e-03
1.6605113418556082e-03
1.6889531441619718e-03
1.7586086475895385e-03
1.7832775457118858e-03
1.7832775457118858e-03
1.7832775457118858e-03
1.7832775457118858e-03
1.7832775457118858e-03
1.7832775457118858e-03
1.7832775457118858e-03
1.7832775457118858e-03
1.7832775457118858e-03
1.7832775457118858e-03
