0.0000000000000000e+00
-4.4000000002315339e+01
-8.8000000001306120e+01
-1.3202200836391737e+02
-1.7600000001139034e+02
-2.1999998328901694e+02
-2.6402197491651168e+02
-3.0800000814022076e+02
-3.5200026930304716e+02
-3.9600024702649159e+02
-4.4000022798913568e+02
-3.9600000004982621e+02
-3.5200031634237678e+02
-3.0800021780800313e+02
-2.6402211098748705e+02
-2.2000000001098272e+02
-1.7599989748007167e+02
-1.3202178667459165e+02
-8.8000000010909901e+01
-4.4000221533698202e+01
-1.0417132803024969e-09
4.3999999999059852e+01
8.7999999998866357e+01
1.3197800835525646e+02
1.7599999998893017e+02
2.1999998327249750e+02
2.6397797492589905e+02
3.0799999998894526e+02
3.5199981483820505e+02
3.9599974196214691e+02
4.3999976101427757e+02
3.9599999995026474e+02
3.5199969296511199e+02
3.0799990964712077e+02
2.6397811812571740e+02
2.1999999998897448e+02
1.7599989013043808e+02
1.3197777182994164e+02
8.7999999988802657e+01
4.4000236673994031e+01
-1.0822784246679656e-09
-4.4000000001157680e+01
-8.8000000001127162e+01
-1.3202200836483721e+02
-1.7600000001123664e+02
-2.1999998328786546e+02
-2.6402197491446026e+02
-3.0800000001132935e+02
-3.5200007801814712e+02
-3.9600026024891724e+02
-4.4000024018155841e+02
-3.9600000005004449e+02
-3.5200030376981749e+02
-3.0800002868721140e+02
-2.6402174545296384e+02
-2.2000000001136394e+02
-1.7600026273722048e+02
-1.3202251691061161e+02
-8.8000000011694254e+01
-4.3999491854926355e+01
-1.3059317822648891e-09
4.3999999998527755e+01
8.7999999998567375e+01
1.3197800835490096e+02
1.7599999998840667e+02
2.1999998327195613e+02
2.6397797492543623e+02
3.0799999998848227e+02
3.5199997591126794e+02
3.9599973131153882e+02
4.3999975113905168e+02
3.9599999994994562e+02
3.5199970344326550e+02
3.0799999687335986e+02
2.6397828215849529e+02
2.1999999998862836e+02
1.7599972597232357e+02
1.3197744338910798e+02
8.7999999988181060e+01
4.4000565363408391e+01
-1.3350424656500880e-09
-4.4000000001450580e+01
-8.8000000001393403e+01
-1.3202200836505452e+02
-1.7600000001148919e+02
-2.1999998328798870e+02
-2.6402197491462027e+02
-3.0800000001148635e+02
-3.5200000283008137e+02
-3.9600026936057088e+02
-4.4000024859455976e+02
-3.9600000004982661e+02
-3.5200000109687142e+02
-3.0802199378679609e+02
-2.6400000001148192e+02
-2.2000001458785408e+02
-1.7602202079589469e+02
-1.3200000001154734e+02
-8.7999987601296226e+01
-4.4000000001648814e+01
-1.6668107847862102e-09
4.3999999998308738e+01
8.7999999998255447e+01
1.3197800835462542e+02
1.7599999998834954e+02
2.1999998327187990e+02
2.6397797492521948e+02
3.0799999998821750e+02
3.5200001667395003e+02
3.9599975759379981e+02
4.3999974426760014e+02
3.9599999994984023e+02
3.5199979785832835e+02
3.0797758724943685e+02
2.6399999998781817e+02
2.2000042140340608e+02
1.7597883477635128e+02
1.3199999998867602e+02
8.7999172928761652e+01
4.3999999998251845e+01
-1.3892911084617659e-09
-4.4000000001544279e+01
-8.8000000001524242e+01
-1.3202200836507180e+02
-1.7600000001144241e+02
-2.1999998328788425e+02
-2.6402197491446572e+02
-3.0800000001137164e+02
-3.5200001676547805e+02
-3.9600017255314071e+02
-4.4000025476985377e+02
-3.9600000004994405e+02
-3.5200014539326293e+02
-3.0802228226993793e+02
-2.6400000001171293e+02
-2.1999972632467782e+02
-1.7602144448848173e+02
-1.3200000001138625e+02
-8.8000563469846611e+01
-4.4000000001891557e+01
-1.7249439599224523e-09
4.3999999998171774e+01
8.7999999998213539e+01
1.3197800835455524e+02
1.7599999998822844e+02
2.1999998327172375e+02
2.6397797492502116e+02
3.0799999998810961e+02
3.5200001667413960e+02
3.9599987544038595e+02
4.3999973892860669e+02
3.9599999994980755e+02
3.5199990046586549e+02
3.0797779254276429e+02
2.6399999998799888e+02
2.2000021595423738e+02
1.7597842372166537e+02
1.3199999998834096e+02
8.7999584294973033e+01
4.3999999998048835e+01
-1.9033732332455771e-09
