2.9999999999999983e+02
2.9999999999999983e+02
2.9999999999999983e+02
2.9999999999999983e+02
2.9999999999999983e+02
2.9999999999999983e+02
2.9999999999999983e+02
3.0800000451747081e+02
3.5200015500743569e+02
3.9600014178114236e+02
4.4000013076101300e+02
3.9600000004957951e+02
3.5200018231425958e+02
3.1577365434096134e+02
3.1577365434096134e+02
3.1577365434096134e+02
3.1577365434096134e+02
3.1577365434096134e+02
3.1577365434096134e+02
3.1577365434096134e+02
3.1577365434096134e+02
3.1577365434096134e+02
3.1577365434096134e+02
3.1577365434096134e+02
3.1577365434096134e+02
3.1577365434096134e+02
3.1577365434096134e+02
3.1577365434096134e+02
3.5199989341209994e+02
3.9599985106510019e+02
4.3999986196496297e+02
3.9599999995048017e+02
3.5199982348626088e+02
3.2848550572161372e+02
3.2848550572161372e+02
3.2848550572161372e+02
3.2848550572161372e+02
3.2848550572161372e+02
3.2848550572161372e+02
3.2848550572161372e+02
3.2848550572161372e+02
3.2848550572161372e+02
3.2848550572161372e+02
3.2848550572161372e+02
3.2848550572161372e+02
3.2848550572161372e+02
3.2848550572161372e+02
3.2848550572161372e+02
3.5200004491033917e+02
3.9600014944100883e+02
4.4000013781887230e+02
3.9600000004935140e+02
3.5200017510944019e+02
3.3893375946835766e+02
3.3893375946835766e+02
3.3893375946835766e+02
3.3893375946835766e+02
3.3893375946835766e+02
3.3893375946835766e+02
3.3893375946835766e+02
3.3893375946835766e+02
3.3893375946835766e+02
3.3893375946835766e+02
3.3893375946835766e+02
3.3893375946835766e+02
3.3893375946835766e+02
3.3893375946835766e+02
3.3893375946835766e+02
3.5199998613382746e+02
3.9599984497526935e+02
4.3999985631379275e+02
3.9599999995076814e+02
3.5199982954554594e+02
3.4752142679351778e+02
3.4752142679351778e+02
3.4752142679351778e+02
3.4752142679351778e+02
3.4752142679351778e+02
3.4752142679351778e+02
3.4752142679351778e+02
3.4752142679351778e+02
3.4752142679351778e+02
3.4752142679351778e+02
3.4752142679351778e+02
3.4752142679351778e+02
3.4752142679351778e+02
3.4752142679351778e+02
3.4752142679351778e+02
3.5200000162901307e+02
3.9600015471695286e+02
4.4000014268884581e+02
3.9600000004926409e+02
3.5468308684291753e+02
3.5468308684291753e+02
3.5468308684291753e+02
3.5468308684291753e+02
3.5468308684291753e+02
3.5468308684291753e+02
3.5468308684291753e+02
3.5468308684291753e+02
3.5468308684291753e+02
3.5468308684291753e+02
3.5468308684291753e+02
3.5468308684291753e+02
3.5468308684291753e+02
3.5468308684291753e+02
3.5468308684291753e+02
3.5468308684291753e+02
3.5468308684291753e+02
3.9599986014570374e+02
4.3999985238247552e+02
3.9599999995058926e+02
3.6089662315241566e+02
3.6089662315241566e+02
3.6089662315241566e+02
3.6089662315241566e+02
3.6089662315241566e+02
3.6089662315241566e+02
3.6089662315241566e+02
3.6089662315241566e+02
3.6089662315241566e+02
3.6089662315241566e+02
3.6089662315241566e+02
3.6089662315241566e+02
3.6089662315241566e+02
3.6089662315241566e+02
3.6089662315241566e+02
3.6089662315241566e+02
3.6089662315241566e+02
3.9600009906417682e+02
4.4000014626673800e+02
3.9600000004907901e+02
3.6642045367422418e+02
3.6642045367422418e+02
3.6642045367422418e+02
3.6642045367422418e+02
3.6642045367422418e+02
3.6642045367422418e+02
3.6642045367422418e+02
3.6642045367422418e+02
3.6642045367422418e+02
3.6642045367422418e+02
3.6642045367422418e+02
3.6642045367422418e+02
3.6642045367422418e+02
3.6642045367422418e+02
3.6642045367422418e+02
3.6642045367422418e+02
3.6642045367422418e+02
3.9599992807284127e+02
4.3999984933114814e+02
3.9599999995082356e+02
3.7133110182847531e+02
3.7133110182847531e+02
3.7133110182847531e+02
3.7133110182847531e+02
3.7133110182847531e+02
3.7133110182847531e+02
3.7133110182847531e+02
3.7133110182847531e+02
3.7133110182847531e+02
