0.0000000000000000e+00
5.0535810150800434e-11
7.9867001703737321e-10
-8.8026395317879636e-03
8.1494034044474758e-09
5.2992053962227998e-06
-8.7920462722918952e-03
-3.6227870669614084e-06
-1.1429562050982641e-04
-1.0524536019830651e-04
-9.7228139631080269e-05
-2.7983516876342633e-10
-1.3402813919698479e-04
-8.6904829668210592e-05
-8.8371633863030177e-03
8.5200414199289989e-09
3.4511871498923993e-05
-8.7283732260604249e-03
8.3922701425175815e-09
-7.4192285602158240e-05
1.0789569422644905e-09
1.0875943568440873e-09
9.7762727275679353e-10
-8.7973601461005368e-03
8.4919902294375839e-09
-5.2596112499147499e-06
-8.8078844070593239e-03
8.4513406850542841e-09
-7.8573849107938361e-05
-1.0910291313509670e-04
-1.0095063233053243e-04
-1.8741430172555175e-10
-1.3052108502893751e-04
-3.6291412627227439e-05
-8.7446539474787099e-03
8.3512991642709683e-09
-5.2713391954585536e-05
-8.9080992108408839e-03
8.4737291175406494e-09
1.1080525825045065e-04
8.2867699530734075e-10
9.2516103893326480e-10
8.9288421779134071e-10
-8.8026404392380110e-03
8.2750572706856767e-09
5.3001850811661642e-06
-8.7920444600604868e-03
8.0920323998924444e-09
-3.3107788038607513e-05
-1.1080789189782785e-04
-1.0236266737878621e-04
-6.6605342519998409e-10
-1.2866035259545230e-04
-1.1384552755641932e-05
-8.6915331042928742e-03
7.9328497006031758e-09
-1.1103156427415834e-04
-9.0193714683515190e-03
8.3847870712205620e-09
2.1663027668444100e-04
6.3689819951111040e-10
7.6119700447260703e-10
7.2023598944230688e-10
-8.7973605999990823e-03
7.9121198949335702e-09
-5.2600531492117718e-06
-8.8078846994631352e-03
7.9159550382680437e-09
-1.0222502665689249e-05
-1.1366367576589628e-04
-1.0517468666307583e-04
-7.4087937438996654e-10
-1.2610220937488902e-04
-1.2814966298260952e-06
-8.6790344135969071e-03
7.9099866671656629e-09
-1.1837310958419495e-04
-9.0394578211331796e-03
8.2535608107278820e-09
2.4224239329373933e-04
7.0468711368496589e-10
9.5357028762578474e-10
8.9313424061197299e-10
-8.8026403706776661e-03
8.3480538929141330e-09
5.3003922156405394e-06
-8.7920442226257049e-03
8.2657131836252027e-09
-1.2008857163825773e-06
-1.1464342126941656e-04
-1.0590551594852617e-04
-3.7310776122027567e-10
-4.3895286802545516e-07
-8.7982385048721735e-03
8.3344429173879396e-09
-4.3821025451437569e-06
-8.8061295611335591e-03
8.3418784160664337e-09
3.5012761683940315e-06
7.7157994342440560e-10
7.6153552477720517e-10
7.6892602167869895e-10
7.1052160884240052e-10
-8.7973604603483954e-03
8.1965219588328889e-09
-5.2599458895015750e-06
-8.8078846583053306e-03
8.0991496888442766e-09
5.2550247185991680e-06
-1.0255178650114260e-04
-1.0811476513609140e-04
-6.4123306511014155e-10
-8.1057446359085157e-05
-8.9648039994651568e-03
8.1406826513630965e-09
1.6756063327148874e-04
-8.4674265653349595e-03
7.7767950766542615e-09
-3.3011764307548067e-04
9.5705534385474429e-10
8.3373164995939027e-10
8.2667800322961365e-10
8.1446736363444033e-10
-8.8026402351707965e-03
8.3355192609572421e-09
5.3003163309795949e-06
-8.7920443699191619e-03
8.3287724825647962e-09
-5.3047126907985432e-06
-7.3488729297284427e-05
-1.0850290548646516e-04
-6.0783560934037478e-10
-5.7980775500189636e-05
-8.9132873443652505e-03
8.3829003457181146e-09
1.1059755809597471e-04
-8.5762398115091371e-03
7.9521622105235153e-09
-2.2625046136922882e-04
7.3799630653969271e-10
5.1372508464351232e-10
4.9260812632921590e-10
5.4656402134142923e-10
-8.7973607240049018e-03
7.9769314255976522e-09
-5.2600478100349325e-06
-8.8078847302614244e-03
7.9799593256154158e-09
5.2550082068688229e-06
-5.2632251106085944e-05
-1.1040233092995895e-04
-8.2546844992835868e-10
-3.9963493493878666e-05
-8.8825911724276091e-03
8.0317425548361596e-09
8.5298206084906392e-05
-8.6320005344375957e-03
7.8132829747105205e-09
-1.6544519786005271e-04
6.6458546119352569e-10
5.6864376038529123e-10
