0.0000000000000000e+00
-1.8587725300331075e-11
8.6574434861052237e-10
-8.8026394550750637e-03
8.2453956485920211e-09
5.2993090043763218e-06
-8.7920461549642007e-03
-3.6227123695261573e-06
-1.1429560248152554e-04
-1.0524533855541944e-04
-9.7228106145710695e-05
-2.1432789387184745e-10
-1.3402809500094145e-04
-8.6904872681993950e-05
-8.8371634418060955e-03
8.5269766797066689e-09
3.4511941664384410e-05
-8.7283730586437212e-03
8.3730330991856826e-09
-7.4192455396814223e-05
1.0320054857287028e-09
1.0263329259209037e-09
8.6968542187069200e-10
-8.7973602624667434e-03
8.4175000163267627e-09
-5.2596662701541164e-06
-8.8078844117164354e-03
8.3838387720366555e-09
-7.8573940972819894e-05
-1.0910299384920131e-04
-1.0095073836459199e-04
-2.4372214503114201e-10
-1.3052121266760949e-04
-3.6291500597560084e-05
-8.7446540529030007e-03
8.2226942836985072e-09
-5.2713525575890644e-05
-8.9080993497402446e-03
8.3671592241244571e-09
1.1080517117404840e-04
7.7892783492342075e-10
9.1881936674408054e-10
8.9503951791734500e-10
-8.8026404297262828e-03
8.1624361449471571e-09
5.3000612277213175e-06
-8.7920446331873885e-03
8.0823255214455676e-09
-3.3107828146396030e-05
-1.1080792474105891e-04
-1.0236270440693805e-04
-7.2032740604098421e-10
-1.2866040198271898e-04
-1.1384572935982787e-05
-8.6915331152988811e-03
7.8982783676920227e-09
-1.1103162605207051e-04
-9.0193716611106957e-03
8.3468582278705997e-09
2.1663028767057930e-04
6.1927203682809215e-10
7.1811786934041644e-10
6.5227093644599587e-10
-8.7973607049503886e-03
7.8110850036411798e-09
-5.2601484861577783e-06
-8.8078848064217456e-03
7.8364499831546879e-09
-1.0222615782968129e-05
-1.1366378566168249e-04
-1.0517479481099483e-04
-9.0363104739337588e-10
-1.2610235164849502e-04
-1.2816318762985822e-06
-8.6790346464592771e-03
7.7198269834306195e-09
-1.1837328133452950e-04
-9.0394579615359037e-03
8.1044344062280501e-09
2.4224213917945571e-04
4.5184666325187209e-10
6.6268579705028388e-10
5.9352820572353228e-10
-8.8026406840173224e-03
8.0328552799923324e-09
5.3000850721646094e-06
-8.7920445622621871e-03
7.9570955561861360e-09
-1.2012514770389585e-06
-1.1464381427719092e-04
-1.0590591224326245e-04
-7.5238231611153327e-10
-4.3933590808961476e-07
-8.7982388397033519e-03
7.9246017770800332e-09
-4.3825296498423373e-06
-8.8061300759391063e-03
7.9401366826525676e-09
3.5010745845657371e-06
4.3831616119195304e-10
4.3011326507328266e-10
4.1915465433000521e-10
3.7185317546909432e-10
-8.7973608025867650e-03
7.8469539455025132e-09
-5.2602119335453495e-06
-8.8078848663265940e-03
7.8540990284453653e-09
5.2547029118672151e-06
-1.0255202173245782e-04
-1.0811498676767044e-04
-8.5703393201917478e-10
-8.1057619049325574e-05
-8.9648042244076728e-03
7.9324404097986915e-09
1.6756038904796786e-04
-8.4674267705583794e-03
7.5529520557400431e-09
-3.3011793440097386e-04
6.5523112181286490e-10
5.0068074375448466e-10
5.5002007950330180e-10
5.4413029646790038e-10
-8.8026406183276951e-03
7.9621947553105000e-09
5.3000082460710725e-06
-8.7920446224028434e-03
7.9317592082946864e-09
-5.3052843055437629e-06
-7.3489198515892839e-05
-1.0850332590285787e-04
-1.1222713601092670e-09
-5.7981231489721827e-05
-8.9132878199213658e-03
7.9288852978577950e-09
1.1059712574633794e-04
-8.5762401525383194e-03
7.5270755362545134e-09
-2.2625101590060856e-04
2.8279709373931076e-10
1.4511866861870806e-10
1.9734062321016963e-10
2.2274486644776005e-10
-8.7973610005368415e-03
7.6193044670079258e-09
-5.2604531902595763e-06
-8.8078852271837350e-03
7.6330937883688725e-09
5.2547783706649320e-06
-5.2632659346443892e-05
-1.1040275294988577e-04
-1.2069064191505855e-09
-3.9963927789197171e-05
-8.8825916317613243e-03
7.5954402857173611e-09
8.5297840391902302e-05
-8.6320009111216130e-03
7.4132659238265855e-09
-1.6544561808903824e-04
3.0362335807360234e-10
1.5101877707443976e-10
