0.0000000000000000e+00
0.0000000000000000e+00
0.0000000000000000e+00
0.0000000000000000e+00
0.0000000000000000e+00
0.0000000000000000e+00
0.0000000000000000e+00
-1.0667580417874656e+00
-7.1487340206891687e+00
-1.4229820469148951e+01
-2.1512632915961824e+01
-2.2969193291089773e+01
-2.3260616286498923e+01
-2.3318794393224856e+01
-2.3330425719467350e+01
-2.3339499537649999e+01
-2.3348432840761586e+01
-2.3348432840761586e+01
-2.3348432840761586e+01
-2.3348432840761593e+01
-2.3348923675756279e+01
-2.3348923675756279e+01
-2.3348923675756279e+01
-2.3348923675756279e+01
-2.3348923675756279e+01
-2.3348923675756279e+01
-2.3348923675756279e+01
-2.3348923675756279e+01
-2.3348923675756279e+01
-2.3348923675756279e+01
-2.3348923675756279e+01
-2.3348923675756311e+01
-2.3348923675756346e+01
-2.3348923675756353e+01
-2.3348923675756375e+01
-2.3348923675756431e+01
-2.3348923675756446e+01
-2.3348923675756417e+01
-2.3348923675756510e+01
-2.3348923675756481e+01
-2.3348923675756513e+01
-2.3348923675756513e+01
-2.3348923675756513e+01
-2.3348923675756513e+01
-2.3348923675756513e+01
-2.3348923675756513e+01
-2.3348923675756513e+01
-2.3348923675756513e+01
-2.3348923675756513e+01
-1.9889471315364979e+01
-1.3330731492468738e+01
-1.2018188073974242e+01
-1.1755769652379836e+01
-1.1703199245631001e+01
-1.1692681739585801e+01
-1.1684474838504748e+01
-1.1676394899760805e+01
-1.1676394899760805e+01
-1.1676394899760805e+01
-1.1676394899760805e+01
-1.1675950942359307e+01
-1.1675950942359307e+01
-1.1675950942359307e+01
-1.1675950942359307e+01
-1.1675950942359307e+01
-1.1675950942359307e+01
-1.1675950942359307e+01
-1.1675950942359307e+01
-1.1675950942359311e+01
-1.1675950942359311e+01
-1.1675950942359304e+01
-1.1675950942359300e+01
-1.1675950942359302e+01
-1.1675950942359293e+01
-1.1675950942359270e+01
-1.1675950942359282e+01
-1.1675950942359286e+01
-1.1675950942359268e+01
-1.1675950942359272e+01
-1.1675950942359265e+01
-1.1675950942359254e+01
