0.0000000000000000e+00
0.0000000000000000e+00
0.0000000000000000e+00
0.0000000000000000e+00
0.0000000000000000e+00
0.0000000000000000e+00
0.0000000000000000e+00
5.3337902089377254e-01
3.5743670103437788e+00
7.1149102345727391e+00
1.0756316457978841e+01
1.1484596645542863e+01
1.1630308143247420e+01
1.1659397196610408e+01
1.1665212859731632e+01
1.1669749768822962e+01
1.1674216420378759e+01
1.1674216420378759e+01
1.1674216420378791e+01
1.1674216420378784e+01
1.1674461837876121e+01
1.1674461837876112e+01
1.1674461837876123e+01
1.1674461837876120e+01
1.1674461837876125e+01
1.1674461837876121e+01
1.1674461837876114e+01
1.1674461837876100e+01
1.1674461837876086e+01
1.1674461837876095e+01
1.1674461837876102e+01
1.1674461837876144e+01
1.1674461837876152e+01
1.1674461837876160e+01
1.1674461837876176e+01
1.1674461837876201e+01
1.1674461837876194e+01
1.1674461837876187e+01
1.1674461837876212e+01
1.1674461837876231e+01
1.1674461837876233e+01
1.1674461837876233e+01
1.1674461837876224e+01
1.1674461837876215e+01
1.1674461837876208e+01
1.1674461837876224e+01
1.1674461837876214e+01
1.1674461837876203e+01
1.1674461837876192e+01
9.9447356576806207e+00
6.6653657462324585e+00
6.0090940369851982e+00
5.8778848261880032e+00
5.8515996228135894e+00
5.8463408697909838e+00
5.8422374192504574e+00
5.8381974498784945e+00
5.8381974498784963e+00
5.8381974498785034e+00
5.8381974498784990e+00
5.8379754711777458e+00
5.8379754711777423e+00
5.8379754711777334e+00
5.8379754711777245e+00
5.8379754711777236e+00
5.8379754711777201e+00
5.8379754711777281e+00
5.8379754711777245e+00
5.8379754711777263e+00
5.8379754711777307e+00
5.8379754711777325e+00
5.8379754711777290e+00
5.8379754711777325e+00
5.8379754711777272e+00
5.8379754711777352e+00
5.8379754711777370e+00
5.8379754711777414e+00
5.8379754711777521e+00
5.8379754711777538e+00
5.8379754711777547e+00
5.8379754711777441e+00
