0.0000000000000000e+00
0.0000000000000000e+00
0.0000000000000000e+00
0.0000000000000000e+00
0.0000000000000000e+00
0.0000000000000000e+00
0.0000000000000000e+00
5.3337902089369738e-01
3.5743670103454162e+00
7.1149102345762358e+00
1.0756316457983006e+01
1.1484596645546969e+01
1.1630308143251519e+01
1.1659397196614519e+01
1.1665212859735751e+01
1.1669749768827080e+01
1.1674216420382884e+01
1.1674216420382871e+01
1.1674216420382900e+01
1.1674216420382912e+01
1.1674461837880251e+01
1.1674461837880248e+01
1.1674461837880258e+01
1.1674461837880260e+01
1.1674461837880262e+01
1.1674461837880266e+01
1.1674461837880262e+01
1.1674461837880244e+01
1.1674461837880219e+01
1.1674461837880227e+01
1.1674461837880234e+01
1.1674461837880241e+01
1.1674461837880276e+01
1.1674461837880287e+01
1.1674461837880289e+01
1.1674461837880294e+01
1.1674461837880294e+01
1.1674461837880315e+01
1.1674461837880330e+01
1.1674461837880296e+01
1.1674461837880296e+01
1.1674461837880296e+01
1.1674461837880280e+01
1.1674461837880278e+01
1.1674461837880271e+01
1.1674461837880283e+01
1.1674461837880287e+01
1.1674461837880280e+01
1.1674461837880276e+01
9.9447356576843067e+00
6.6653657462362830e+00
6.0090940369890475e+00
5.8778848261918455e+00
5.8515996228174272e+00
5.8463408697948269e+00
5.8422374192542970e+00
5.8381974498823324e+00
5.8381974498823412e+00
5.8381974498823483e+00
5.8381974498823457e+00
5.8379754711815890e+00
5.8379754711815837e+00
5.8379754711815766e+00
5.8379754711815677e+00
5.8379754711815668e+00
5.8379754711815615e+00
5.8379754711815695e+00
5.8379754711815686e+00
5.8379754711815712e+00
5.8379754711815757e+00
5.8379754711815757e+00
5.8379754711815757e+00
5.8379754711815757e+00
5.8379754711815774e+00
5.8379754711815757e+00
5.8379754711815872e+00
5.8379754711815925e+00
5.8379754711815934e+00
5.8379754711815890e+00
5.8379754711815828e+00
5.8379754711815828e+00
