0.0000000000000000e+00
-4.0000000002097868e-04
-8.0000000001612494e-04
-1.2001600640391729e-03
-1.6000000001420945e-03
-1.9999998721693217e-03
-2.4001598081227035e-03
-2.9600266767886465e-03
-4.2725990727113319e-03
-5.7344839964676778e-03
-7.2268953189642852e-03
-7.4453789966591440e-03
-7.4891080644640291e-03
-7.4978197864817653e-03
-7.4995638826575390e-03
-7.5013079818753393e-03
-7.5030520841340397e-03
-7.5022649300550926e-03
-7.5014777765962260e-03
-7.5022649290918900e-03
-7.5030520822070021e-03
-7.1023385518906188e-03
-6.7017855285923253e-03
-6.3023385525323682e-03
-5.9023385519735710e-03
-5.5024984874437683e-03
-5.1023385515036749e-03
-4.7023386794892846e-03
-4.3023385513792879e-03
-3.9023385513795848e-03
-3.5023385513787966e-03
-3.5023385513839721e-03
-3.5023385513897418e-03
-3.5023385513951351e-03
-3.5023385514006957e-03
-3.5023385514062399e-03
-3.5023385514120131e-03
-3.5023385514182546e-03
-3.5023385514235087e-03
-3.5023385513636793e-03
-3.5023385513042685e-03
-3.1023385513856061e-03
-2.7023385513799216e-03
-2.3024984874021551e-03
-1.9023385515050399e-03
-1.5023386795335568e-03
-1.1024987434859711e-03
-7.0233855150500881e-04
-3.0233842365395738e-04
6.1644158308772092e-04
2.0002790084951857e-03
2.1972717866174671e-03
2.2366218529037813e-03
2.2445196083272097e-03
2.2460977185994675e-03
2.2476758263812822e-03
2.2492539316734971e-03
2.2485407618091807e-03
2.2478275914369680e-03
2.2485407625926525e-03
2.2492539332395114e-03
1.8486073581072899e-03
1.4486073579115298e-03
1.0484472936871513e-03
6.4860735850146933e-04
2.4860748739050705e-04
-1.5155244764457468e-04
-5.5139264149883652e-04
-9.5139277148490039e-04
-1.3513926413741752e-03
-1.7513926413737560e-03
-1.7513926413799061e-03
-1.7513926413855619e-03
-1.7513926413913563e-03
-1.7513926413970536e-03
-1.7513926414020676e-03
-1.7513926414085912e-03
-1.7513926414146456e-03
-1.7513926414201746e-03
-1.7513926413589339e-03
-1.7513926412963102e-03
