0.0000000000000000e+00
1.0000000000568904e-04
2.0000000000893988e-04
2.9999000101229645e-04
4.0000000008175190e-04
4.9999999815219468e-04
5.9998999722285398e-04
7.8000167026592892e-04
1.3360407193579167e-03
1.9672318873581820e-03
2.6134472708310998e-03
2.7226894973498244e-03
2.7445400569536525e-03
2.7489093328959303e-03
2.7497819190644528e-03
2.7506545044722335e-03
2.7515270891189125e-03
2.7511324628083935e-03
2.7507378363430322e-03
2.7511324628674656e-03
2.7515270892362383e-03
2.6511692759889297e-03
2.5508013900396023e-03
2.4511692754802727e-03
2.3511692756416017e-03
2.2511592748018466e-03
2.1511692757625774e-03
2.0511692777229634e-03
1.9511692756889719e-03
1.8511692756886559e-03
1.7511692756887580e-03
1.7511692756858523e-03
1.7511692756822892e-03
1.7511692756791027e-03
1.7511692756754271e-03
1.7511692756722135e-03
1.7511692756685649e-03
1.7511692756644144e-03
1.7511692756605778e-03
1.7511692756789587e-03
1.7511692756968420e-03
1.6511692756843916e-03
1.5511692756877103e-03
1.4511592746906921e-03
1.3511692757603548e-03
1.2511692778296767e-03
1.1511592789001880e-03
1.0511692757602608e-03
9.5116927361993029e-04
5.9165599574659115e-04
-2.3860866970911823e-07
-9.8635894076576426e-05
-1.1832227985586659e-04
-1.2226025706694148e-04
-1.2304887753262716e-04
-1.2383749861924920e-04
-1.2462612032833849e-04
-1.2427038272339996e-04
-1.2391464524559947e-04
-1.2427038267317532e-04
-1.2462612022781818e-04
-2.4303679013696270e-05
7.5696320670656005e-05
1.7568632135519141e-04
2.7569632075530960e-04
3.7569631915584738e-04
4.7568631855684628e-04
5.7569632075441619e-04
6.7569632195234124e-04
7.7569632068163130e-04
8.7569632068170658e-04
8.7569632067765937e-04
8.7569632067422971e-04
8.7569632067043034e-04
8.7569632066672616e-04
8.7569632066344179e-04
8.7569632065913469e-04
8.7569632065571078e-04
8.7569632065224187e-04
8.7569632067210045e-04
8.7569632069284687e-04
