0.0000000000000000e+00
1.0000000000565927e-04
2.0000000000928119e-04
2.9999000101309345e-04
4.0000000008233764e-04
4.9999999815223306e-04
5.9998999722191127e-04
7.8000167026571077e-04
1.3360407193586102e-03
1.9672318873593772e-03
2.6134472708315560e-03
2.7226894973500565e-03
2.7445400569541486e-03
2.7489093328972401e-03
2.7497819190658345e-03
2.7506545044733185e-03
2.7515270891200014e-03
2.7511324628102978e-03
2.7507378363439672e-03
2.7511324628680571e-03
2.7515270892360662e-03
2.6511692759900183e-03
2.5508013900415595e-03
2.4511692754812541e-03
2.3511692756415909e-03
2.2511592748019399e-03
2.1511692757623926e-03
2.0511692777226836e-03
1.9511692756888142e-03
1.8511692756883519e-03
1.7511692756879958e-03
1.7511692756855075e-03
1.7511692756821018e-03
1.7511692756786584e-03
1.7511692756757096e-03
1.7511692756718086e-03
1.7511692756679773e-03
1.7511692756644742e-03
1.7511692756605685e-03
1.7511692756784678e-03
1.7511692756962882e-03
1.6511692756842383e-03
1.5511692756873226e-03
1.4511592746907294e-03
1.3511692757609557e-03
1.2511692778309532e-03
1.1511592789014437e-03
1.0511692757608055e-03
9.5116927361916853e-04
5.9165599574597511e-04
-2.3860866975120978e-07
-9.8635894076584761e-05
-1.1832227985603218e-04
-1.2226025706733241e-04
-1.2304887753234587e-04
-1.2383749861935881e-04
-1.2462612032784005e-04
-1.2427038272273843e-04
-1.2391464524413043e-04
-1.2427038267251824e-04
-1.2462612022688695e-04
-2.4303679012882112e-05
7.5696320671877712e-05
1.7568632135623062e-04
2.7569632075616677e-04
3.7569631915600795e-04
4.7568631855661870e-04
5.7569632075566259e-04
6.7569632195457275e-04
7.7569632068284766e-04
8.7569632068230821e-04
8.7569632067866735e-04
8.7569632067519671e-04
8.7569632067160084e-04
8.7569632066856443e-04
8.7569632066543217e-04
8.7569632066182015e-04
8.7569632065874622e-04
8.7569632065591808e-04
8.7569632067202498e-04
8.7569632068931215e-04
