0.0000000000000000e+00
-4.4000000002269850e+01
-8.8000000001335735e+01
-1.3202200836403799e+02
-1.7600000001151182e+02
-2.1999998328894972e+02
-2.6402197491662872e+02
-3.0800216820111609e+02
-3.5204820522127153e+02
-3.9600185125339925e+02
-4.4000006777941854e+02
-4.4000000034982168e+02
-4.4000260451551088e+02
-4.4000010453011822e+02
-4.4000000413605022e+02
-4.4003366331693536e+02
-4.4006917776511619e+02
-4.4000000054200041e+02
-4.3993082341442306e+02
-4.4000000040971497e+02
-4.4006269847857095e+02
-3.9600000004250086e+02
-3.5195937493062797e+02
-3.0800000017198460e+02
-2.6400000008407778e+02
-2.2002199164002809e+02
-1.7600000001138420e+02
-1.3200001673299036e+02
-8.8000000001466759e+01
-4.4000000001534204e+01
-1.4456596322043662e-09
-2.3518173035413966e-09
-3.4147817130314102e-09
-4.4191487791262958e-09
-5.4446650319946571e-09
-6.4895810956804564e-09
-7.5820515695001332e-09
-8.7261688709705306e-09
-9.7426536130245481e-09
-2.7747708540014795e-10
9.1479416036520022e-09
4.3999999997340637e+01
8.7999999998379565e+01
1.3197800835570297e+02
1.7599999998829372e+02
2.1999998327065742e+02
2.6397797492313447e+02
3.0799999998829310e+02
3.5200001667623343e+02
3.9597703795615644e+02
4.3998148725911761e+02
4.3999999973131321e+02
4.3999788336748094e+02
4.3999991571970781e+02
4.3999999659491181e+02
4.4003057707220137e+02
4.4006283306897694e+02
4.3999999955618364e+02
4.3993716596508813e+02
4.3999999966397553e+02
4.4005697304687737e+02
3.9599999995627070e+02
3.5199999990266588e+02
3.0797799148526337e+02
2.6399999998795431e+02
2.2000001686051010e+02
1.7597802538313709e+02
1.3199999998783176e+02
8.7999982935139414e+01
4.3999999997897660e+01
-2.0569626847840345e-09
-3.1919302256576469e-09
-4.2467953695015125e-09
-5.3415976247176745e-09
-6.3786969397416706e-09
-7.3265662475083855e-09
-8.5276827168518083e-09
-9.6055115746622286e-09
-1.0601680137408694e-08
-9.5571553755837466e-10
8.9984439827698657e-09
