2.9999999999999983e+02
2.9999999999999983e+02
2.9999999999999983e+02
2.9999999999999983e+02
2.9999999999999983e+02
2.9999999999999983e+02
2.9999999999999983e+02
3.0640054825072446e+02
3.4129226706145374e+02
3.7465582178385984e+02
4.0773106679204727e+02
4.0554621037259568e+02
4.0510990778235856e+02
4.0502184192960073e+02
4.0500436272696629e+02
4.0504135864669882e+02
4.0508134773809411e+02
4.0506794778342714e+02
4.0506794778342714e+02
4.0506794778342714e+02
4.0507089279339516e+02
4.0507015654090310e+02
4.0507015654090310e+02
4.0507015654090310e+02
4.0507015654090310e+02
4.0507015654090310e+02
4.0507015654090310e+02
4.0507015654090310e+02
4.0507015654090310e+02
4.0507015654090310e+02
4.0507015654090310e+02
4.0507015654090310e+02
4.0507015654090310e+02
4.0507015654090310e+02
4.0507015654090310e+02
4.0507015654090310e+02
4.0507015654090310e+02
4.0507015654090310e+02
4.0507015654090310e+02
4.0507015654090310e+02
4.0507015654090310e+02
4.0507015654090310e+02
4.0507015654090310e+02
4.0507015654090310e+02
4.0507015654090310e+02
4.0507015654090310e+02
4.0507015654090310e+02
4.0507015654090310e+02
4.0507015654090310e+02
4.2582687070325221e+02
4.5999013110004222e+02
4.5802728187666486e+02
4.5763297727848970e+02
4.5755477208659113e+02
4.5753902151273900e+02
4.5757248666015755e+02
4.5760865594099977e+02
4.5759653603288399e+02
4.5759653603288399e+02
4.5759653603288399e+02
4.5759919977729271e+02
4.5759853384119060e+02
4.5759853384119060e+02
4.5759853384119060e+02
4.5759853384119060e+02
4.5759853384119060e+02
4.5759853384119060e+02
4.5759853384119060e+02
4.5759853384119060e+02
4.5759853384119060e+02
4.5759853384119060e+02
4.5759853384119060e+02
4.5759853384119060e+02
4.5759853384119060e+02
4.5759853384119060e+02
4.5759853384119060e+02
4.5759853384119060e+02
4.5759853384119060e+02
4.5759853384119060e+02
4.5759853384119060e+02
4.5759853384119060e+02
