0.0000000000000000e+00
7.4285577069685568e-11
9.0183751180335365e-10
-8.8026394366523923e-03
8.2476780665981065e-09
5.2993433617902083e-06
-8.7920463052160100e-03
-1.4828877176428956e-03
-3.2837128751437836e-02
-1.2987657814990735e-03
-5.1613413818510195e-05
-4.0594671994300992e-08
-1.7723034035083789e-03
-7.1010643950156408e-05
-2.8298478242870860e-06
1.6944636264558610e-02
3.4819234148501646e-02
-2.1695262105670020e-07
-3.4819722756722189e-02
-1.6433313864630651e-07
3.1579828442790517e-02
3.1027708843038887e-08
-4.0414870811786088e-02
-8.6741856626086207e-08
-3.3871464886140659e-08
-8.7973423134198314e-03
8.1283755218952382e-09
-5.2782517318622129e-06
6.0833060551984953e-10
5.2447826533484081e-10
5.3511499225915570e-10
-1.3485719860659285e-10
-1.0004545890817375e-09
-1.8214908865063143e-09
-2.6313700554705592e-09
-3.5413831520558451e-09
-4.4465309616930196e-09
-5.3452550710742247e-09
-6.2187769768996349e-09
-4.4718442753814867e-10
5.3141734756415678e-09
-4.0545627078048931e-10
4.2670558015647184e-10
-8.7973600146446247e-03
7.8046879112994832e-09
-5.2611601385035583e-06
-8.8078866460189875e-03
7.7942879159906711e-09
5.2563706501752149e-06
-1.5625774062823661e-02
-1.2546602216843845e-02
-3.4385936784331638e-08
-1.4394324445246073e-03
-5.7498450833521987e-05
-2.3084366929524643e-06
-1.5197330200784887e-02
-3.1230522354889940e-02
-1.7789129593264045e-07
3.1230121923667527e-02
-1.3457773061110545e-07
-2.8300316842290677e-02
3.1009871405549164e-08
-3.3119034893938513e-08
-8.8027385480415905e-03
7.6786911407944613e-09
5.3971960632971929e-06
-8.7918498357273060e-03
7.5520482147965051e-09
-5.5008716850817436e-06
2.1728765810895138e-10
1.9002163850704223e-10
-7.2380272505333677e-10
-1.5682860590521616e-09
-2.4623230952838690e-09
-3.2679959529605789e-09
-4.0475252191300266e-09
-4.9850014820931115e-09
-5.8108580093026081e-09
-6.5550412475865348e-09
-8.5858753529007943e-10
5.0915693085773801e-09
