0.0000000000000000e+00
4.4000000002345438e+01
8.8000000002228603e+01
1.3201320572457576e+02
1.7600000001973805e+02
2.1999998858829042e+02
2.6401318287036554e+02
3.0800068531340554e+02
3.5201536809248745e+02
3.9600055248758321e+02
4.4000001616599036e+02
4.4000000030923047e+02
4.4000083221210679e+02
4.4000003351943758e+02
4.4000000130616752e+02
4.4005060795317326e+02
4.4010399699923664e+02
4.4000000032498917e+02
4.3989600369162582e+02
4.4000000024537360e+02
4.4009427830702964e+02
3.9600000007348513e+02
3.5191896005974354e+02
3.0800000008521226e+02
2.6400000005020922e+02
2.2001319429770723e+02
1.7600000001952677e+02
1.3200001145475656e+02
8.8000000002082331e+01
4.4000000002075140e+01
2.0122895756874671e-09
2.2211387238442157e-09
2.4165863308288162e-09
2.6026235588181049e-09
2.7940968204150912e-09
2.9554990155142138e-09
3.1385733826476476e-09
3.3586661025936024e-09
3.5109102448310595e-09
1.5889138630585217e-10
3.8240528388811850e-09
4.3999999997757541e+01
8.7999999997958383e+01
1.3198680571573027e+02
1.7599999998052309e+02
2.1999998853187617e+02
2.6398678280985695e+02
3.0799999998053340e+02
3.5200001141983313e+02
3.9599266373020498e+02
4.3999403386133923e+02
4.3999999976570371e+02
4.3999932279991958e+02
4.3999997321814465e+02
4.3999999890336028e+02
4.4004577440240024e+02
4.4009406359135818e+02
4.3999999973409598e+02
4.3990593584322505e+02
4.3999999979858018e+02
4.4008527336375369e+02
3.9599999992529291e+02
3.5199999993581474e+02
3.0798679422383776e+02
2.6399999998029307e+02
2.2000001146330413e+02
1.7598681723293862e+02
1.3199999998030563e+02
8.7999988436072130e+01
4.3999999997689841e+01
2.2612859976278083e-09
2.4707512809623435e-09
2.6700630139683847e-09
2.8640394418818813e-09
3.0590267577814201e-09
3.2065703777817138e-09
3.4354001261351288e-09
3.6722752473737568e-09
3.8891727935765188e-09
1.1615129577090311e-10
3.7565255135979190e-09
