0.0000000000000000e+00
7.6904062990227029e-11
8.8388450175422823e-10
-8.8026394877570094e-03
8.2046344427899974e-09
5.2993381505851388e-06
-8.7920462209292033e-03
-1.4828877031714776e-03
-3.2837128817044557e-02
-1.2987658505835488e-03
-5.1613443230971560e-05
-4.0587846786636378e-08
-1.7723034043943119e-03
-7.1010716854003308e-05
-2.8299177223622611e-06
1.6944636211525730e-02
3.4819234092618070e-02
-2.1707007939619973e-07
-3.4819722838108864e-02
-1.6435048289512455e-07
3.1579828474507465e-02
3.0941114175116613e-08
-4.0414870956828441e-02
-8.6802713524336679e-08
-3.3865385671502594e-08
-8.7973423281899263e-03
8.1566669671254730e-09
-5.2782158681216882e-06
6.2271601464120899e-10
5.5745681340957222e-10
5.9995766885938341e-10
-1.2543550848710958e-10
-9.9592100984900807e-10
-1.8116798698304610e-09
-2.6719643038700841e-09
-3.5315672151884708e-09
-4.4437851271918240e-09
-5.3929947677050233e-09
-6.2540624227644135e-09
-4.4918144514691660e-10
5.3324172975993664e-09
-4.2836749633884264e-10
4.1561290079253562e-10
-8.7973600400119995e-03
7.7364644674107661e-09
-5.2612775763988982e-06
-8.8078867993579488e-03
7.7252954580703136e-09
5.2564299671970590e-06
-1.5625774034206810e-02
-1.2546602226623852e-02
-3.4395655833046314e-08
-1.4394324331336483e-03
-5.7498423142425027e-05
-2.3084598179922672e-06
-1.5197330196567679e-02
-3.1230522407875994e-02
-1.7793334602506304e-07
3.1230121802945699e-02
-1.3463197219631411e-07
-2.8300316909989281e-02
3.0945674981844130e-08
-3.3178819355734033e-08
-8.8027386005475484e-03
7.6438908384029704e-09
5.3972161229901692e-06
-8.7918497671069223e-03
7.5003025551301417e-09
-5.5009938380383242e-06
1.9835127156521425e-10
2.1526106742690532e-10
-7.2057663082558580e-10
-1.5853917238878343e-09
-2.4944971110821691e-09
-3.3747810813340964e-09
-4.1973897387149052e-09
-5.2057817550606888e-09
-6.0701741308430016e-09
-6.8839786928163670e-09
-8.6114841491293029e-10
5.4177832383007508e-09
