0.0000000000000000e+00
-4.0000000002112087e-04
-8.0000000001558002e-04
-1.2001600640379319e-03
-1.6000000001408577e-03
-1.9999998721695537e-03
-2.4001598081218583e-03
-2.9951613787157568e-03
-4.4730522801034144e-03
-5.9725137109310992e-03
-7.4725003365030762e-03
-7.0725003372554300e-03
-6.6726602740344899e-03
-6.2725003363884738e-03
-5.8725004626700890e-03
-5.4726605248779404e-03
-5.0725003363891585e-03
-4.6725002120276485e-03
-4.2725003362636604e-03
-3.8725003362645419e-03
-3.4725003362638873e-03
-3.0725003362640827e-03
-2.6725003362638028e-03
-2.2726602722917214e-03
-1.8725003363884352e-03
-1.4725004644106907e-03
-1.0726605283583493e-03
-6.7250033638853912e-04
-2.7250020855002692e-04
1.2733998315851380e-04
5.5432778666134074e-04
1.5432814613790472e-04
-2.4583155812553305e-04
-6.4567185281921467e-04
-1.0456720837255795e-03
-1.4458323788447910e-03
-1.8456718528197472e-03
-2.2456712623500266e-03
-2.6456718526942139e-03
-3.0456718526944782e-03
-3.4456718526941618e-03
-3.8456718526944950e-03
-4.2456718526936521e-03
-4.6458319167214631e-03
-5.0456718528191103e-03
-5.4456717248425081e-03
-5.8458316607902083e-03
-6.2456718528178983e-03
-6.6456719809765688e-03
-7.0458321732651628e-03
-7.4461525578380979e-03
-7.0460563058280723e-03
-6.6461200668096404e-03
-6.2460563047737148e-03
-5.8460563046228171e-03
-5.4462162405003473e-03
-5.0460563048261428e-03
-4.6460564330767272e-03
-4.2460563047020845e-03
-3.8460563047019508e-03
-3.4460563047019107e-03
-3.0460563047019842e-03
-2.6460563047016536e-03
-2.2462162407289369e-03
-1.8460563048265707e-03
-1.4460564328485717e-03
-1.0462164967958579e-03
-6.4605630482622003e-04
-2.4605617698654378e-04
1.5378401472217535e-04
5.5346439814890212e-04
1.5394369412862510e-04
-2.4573669048108424e-04
-6.4605630482636477e-04
-1.0460563048264461e-03
-1.4462163688549086e-03
-1.8460563048267055e-03
-2.2460561767231723e-03
-2.6460563047009111e-03
-3.0460563047005947e-03
-3.4460563047011032e-03
-3.8460563047010817e-03
-4.2460563047011452e-03
-4.6462163687287297e-03
-5.0460563048258392e-03
-5.4460561768482421e-03
-5.8462161127961825e-03
-6.2460563048259473e-03
-6.6460564329854262e-03
-7.0462166252755320e-03
-7.4465370098496979e-03
-7.0463518672000324e-03
-6.6463268086379111e-03
-6.2463518660309213e-03
-5.8463518660104618e-03
-5.4465118020168343e-03
-5.0463518661974412e-03
-4.6463519943042301e-03
-4.2463518660735338e-03
-3.8463518660733346e-03
-3.4463518660729948e-03
-3.0463518660733243e-03
-2.6463518660737573e-03
-2.2465118021018546e-03
-1.8463518661985866e-03
-1.4463519942207342e-03
-1.0465120581679688e-03
-6.4635186619845257e-04
-2.4635173835888869e-04
1.5348845335025322e-04
5.5316883677682398e-04
1.5364813275635776e-04
-2.4603225185440032e-04
-6.4635186619751289e-04
-1.0463518661972303e-03
-1.4465119302254170e-03
-1.8463518661979018e-03
-2.2463517380956893e-03
-2.6463518660733228e-03
-3.0463518660730870e-03
-3.4463518660732637e-03
-3.8463518660734777e-03
-4.2463518660732745e-03
-4.6465119301006908e-03
-5.0463518661981750e-03
-5.4463517382203367e-03
-5.8465116741679519e-03
-6.2463518661968528e-03
-6.6463519943557913e-03
-7.0465121866452908e-03
-7.4468325712188383e-03
-7.0465790906804214e-03
-6.6464857488976485e-03
-6.2465790894757007e-03
-5.8465790895156381e-03
-5.4467390255831579e-03
-5.0465790896787452e-03
-4.6465792176993885e-03
-4.2465790895541439e-03
-3.8465790895542205e-03
-3.4465790895553657e-03
-3.0465790895554488e-03
-2.6465790895547729e-03
-2.2467390255831933e-03
-1.8465790896801091e-03
-1.4465792177016314e-03
-1.0467392816487587e-03
-6.4657908967905139e-04
-2.4657896184015853e-04
1.5326122986825732e-04
5.5294161329368389e-04
1.5342090927425521e-04
-2.4625947533579105e-04
-6.4657908967928992e-04
-1.0465790896799086e-03
-1.4467391537083467e-03
-1.8465790896796260e-03
-2.2465789615779175e-03
-2.6465790895552439e-03
-3.0465790895551435e-03
-3.4465790895552425e-03
