0.0000000000000000e+00
1.0000000000576372e-04
2.0000000000826177e-04
2.9999000101181930e-04
4.0000000008097507e-04
4.9999999815124048e-04
5.9998999722175460e-04
7.9756375359027768e-04
1.4365261400194485e-03
2.0862566725154243e-03
2.7362501704327772e-03
2.6362501687195871e-03
2.5362401660062065e-03
2.4362501682067407e-03
2.3362501714079219e-03
2.2362401736102694e-03
2.1362501682068366e-03
2.0362501638028869e-03
1.9362501681337333e-03
1.8362501681329212e-03
1.7362501681331319e-03
1.6362501681330625e-03
1.5362501681328053e-03
1.4362401671327209e-03
1.3362501682054450e-03
1.2362501702793413e-03
1.1362401713528494e-03
1.0362501682058367e-03
9.3625016605822990e-04
8.3624016290951750e-04
7.2283577844509757e-04
8.2283592702916475e-04
9.2282607658383776e-04
1.0228359264199238e-03
1.1228357752853663e-03
1.2228256251809605e-03
1.3228359264204333e-03
1.4228362265999272e-03
1.5228359263461662e-03
1.6228359263467703e-03
1.7228359263465884e-03
1.8228359263466436e-03
1.9228359263465218e-03
2.0228259273462452e-03
2.1228359264190326e-03
2.2228359244922061e-03
2.3228259235664461e-03
2.4228359264193669e-03
2.5228359282725133e-03
2.6228259311251272e-03
2.7228059369764374e-03
2.6230281530142891e-03
2.5232404124526033e-03
2.4230281523123049e-03
2.3230281523806849e-03
2.2230181514480466e-03
2.1230281524262538e-03
2.0230281544043058e-03
1.9230281523532138e-03
1.8230281523530611e-03
1.7230281523533705e-03
1.6230281523534364e-03
1.5230281523533160e-03
1.4230181513532527e-03
1.3230281524270063e-03
1.2230281545002213e-03
1.1230181555737864e-03
1.0230281524274340e-03
9.2302815028056664e-04
8.2301814713241521e-04
7.2299814098405048e-04
8.2302815303945856e-04
9.2304816009134739e-04
1.0230281524289202e-03
1.1230281524292171e-03
1.2230181534289186e-03
1.3230281524293660e-03
1.4230281504297485e-03
1.5230281523564034e-03
1.6230281523568740e-03
1.7230281523566121e-03
1.8230281523570529e-03
1.9230281523569368e-03
2.0230181533578175e-03
2.1230281524308413e-03
2.2230281505042099e-03
2.3230181495781390e-03
2.4230281524307501e-03
2.5230281542820733e-03
2.6230181571335119e-03
2.7229981629838152e-03
2.6231759337062006e-03
2.5233437389562030e-03
2.4231759330367300e-03
2.3231759330824271e-03
2.2231659321281247e-03
2.1231759331156049e-03
2.0231759351020707e-03
1.9231759330413799e-03
1.8231759330408102e-03
1.7231759330405519e-03
1.6231759330413054e-03
1.5231759330413832e-03
1.4231659320407932e-03
1.3231759331132852e-03
1.2231759351866290e-03
1.1231659362603188e-03
1.0231759331138825e-03
9.2317593096686765e-04
8.2316592781920043e-04
7.2314592167121820e-04
8.2317593372569506e-04
9.2319594077735947e-04
1.0231759331145811e-03
1.1231759331149611e-03
1.2231659341146578e-03
1.3231759331147812e-03
1.4231759311147494e-03
1.5231759330414862e-03
1.6231759330423189e-03
1.7231759330427570e-03
1.8231759330419872e-03
1.9231759330420072e-03
2.0231659340419887e-03
2.1231759331149002e-03
2.2231759311882489e-03
2.3231659302624902e-03
2.4231759331148511e-03
2.5231759349668027e-03
2.6231659378184238e-03
2.7231459436690493e-03
2.6232895454450103e-03
2.5234231749241887e-03
2.4232895447977190e-03
2.3232895448291762e-03
2.2232795438609657e-03
2.1232895448532246e-03
2.0232895468453522e-03
1.9232895447800148e-03
1.8232895447799474e-03
1.7232895447795589e-03
1.6232895447804918e-03
1.5232895447806535e-03
1.4232795437808666e-03
1.3232895448532229e-03
1.2232895469266713e-03
1.1232795479997762e-03
1.0232895448533713e-03
9.2328954270596685e-04
8.2327953955830353e-04
7.2325953340910440e-04
8.2328954546457829e-04
9.2330955251749636e-04
1.0232895448535353e-03
1.1232895448541620e-03
1.2232795458533101e-03
1.3232895448541692e-03
1.4232895428541799e-03
1.5232895447805743e-03
1.6232895447809139e-03
1.7232895447810042e-03
