0.0000000000000000e+00
1.0000000000497821e-04
2.0000000000899816e-04
2.9999000101259922e-04
4.0000000008217208e-04
4.9999999815235623e-04
5.9998999722321133e-04
7.9756375359075235e-04
1.4365261400204289e-03
2.0862566725159890e-03
2.7362501704332734e-03
2.6362501687200372e-03
2.5362401660062430e-03
2.4362501682070698e-03
2.3362501714080880e-03
2.2362401736107790e-03
2.1362501682071983e-03
2.0362501638017897e-03
1.9362501681337500e-03
1.8362501681332436e-03
1.7362501681333553e-03
1.6362501681332099e-03
1.5362501681332316e-03
1.4362401671330865e-03
1.3362501682063317e-03
1.2362501702803635e-03
1.1362401713540032e-03
1.0362501682069549e-03
9.3625016605871757e-04
8.3624016290947663e-04
7.2283577844533978e-04
8.2283592702944361e-04
9.2282607658395670e-04
1.0228359264203629e-03
1.1228357752868024e-03
1.2228256251830638e-03
1.3228359264204899e-03
1.4228362265986273e-03
1.5228359263467894e-03
1.6228359263469362e-03
1.7228359263469831e-03
1.8228359263469656e-03
1.9228359263468559e-03
2.0228259273471416e-03
2.1228359264202478e-03
2.2228359244932184e-03
2.3228259235672857e-03
2.4228359264205361e-03
2.5228359282731773e-03
2.6228259311252911e-03
2.7228059369759036e-03
2.6230281530136394e-03
2.5232404124522442e-03
2.4230281523117949e-03
2.3230281523795668e-03
2.2230181514473163e-03
2.1230281524253014e-03
2.0230281544039814e-03
1.9230281523528569e-03
1.8230281523530069e-03
1.7230281523531099e-03
1.6230281523526367e-03
1.5230281523529905e-03
1.4230181513527483e-03
1.3230281524260255e-03
1.2230281544997883e-03
1.1230181555736724e-03
1.0230281524256195e-03
9.2302815027737344e-04
8.2301814712861031e-04
7.2299814097888555e-04
8.2302815303544842e-04
9.2304816008899717e-04
1.0230281524254640e-03
1.1230281524250508e-03
1.2230181534244730e-03
1.3230281524250344e-03
1.4230281504259215e-03
1.5230281523525629e-03
1.6230281523524888e-03
1.7230281523527280e-03
1.8230281523532710e-03
1.9230281523537945e-03
2.0230181533543398e-03
2.1230281524277253e-03
2.2230281505005159e-03
2.3230181495743482e-03
2.4230281524281810e-03
2.5230281542815685e-03
2.6230181571340878e-03
2.7229981629855733e-03
2.6231759337040665e-03
2.5233437389492650e-03
2.4231759330348903e-03
2.3231759330808828e-03
2.2231659321274222e-03
2.1231759331139521e-03
2.0231759351005338e-03
1.9231759330408070e-03
1.8231759330404793e-03
1.7231759330410008e-03
1.6231759330406774e-03
1.5231759330402933e-03
1.4231659320398521e-03
1.3231759331135376e-03
1.2231759351870942e-03
1.1231659362612805e-03
1.0231759331135325e-03
9.2317593096507438e-04
8.2316592781680716e-04
7.2314592166689918e-04
8.2317593372407656e-04
9.2319594077893894e-04
1.0231759331133807e-03
1.1231759331132329e-03
1.2231659341125688e-03
1.3231759331129508e-03
1.4231759311132762e-03
1.5231759330393512e-03
1.6231759330392200e-03
1.7231759330391689e-03
1.8231759330394714e-03
1.9231759330391174e-03
2.0231659340399864e-03
2.1231759331129751e-03
2.2231759311866642e-03
2.3231659302607277e-03
2.4231759331134785e-03
2.5231759349660116e-03
2.6231659378181623e-03
2.7231459436687453e-03
2.6232895454436356e-03
2.5234231749230868e-03
2.4232895447972350e-03
2.3232895448288588e-03
2.2232795438603811e-03
2.1232895448531370e-03
2.0232895468461536e-03
1.9232895447800513e-03
1.8232895447800246e-03
1.7232895447798250e-03
1.6232895447800899e-03
1.5232895447801682e-03
1.4232795437801682e-03
1.3232895448536555e-03
1.2232895469281959e-03
1.1232795480022721e-03
1.0232895448544395e-03
9.2328954270611279e-04
8.2327953955739150e-04
7.2325953340738897e-04
8.2328954546558898e-04
9.2330955252187697e-04
1.0232895448541314e-03
1.1232895448546258e-03
1.2232795458544171e-03
1.3232895448538587e-03
1.4232895428533863e-03
1.5232895447806086e-03
1.6232895447808840e-03
1.7232895447811085e-03
