0.0000000000000000e+00
0.0000000000000000e+00
0.0000000000000000e+00
0.0000000000000000e+00
0.0000000000000000e+00
0.0000000000000000e+00
0.0000000000000000e+00
1.9514341990142597e-04
1.2730522797153299e-03
2.3725135608267957e-03
3.4725003362497324e-03
3.4725003362497324e-03
3.4725003362497324e-03
3.4725003362497324e-03
3.4725003362497324e-03
3.4725003362497324e-03
3.4725003362497324e-03
3.4725003362497324e-03
3.4725003362497324e-03
3.4725003362497324e-03
3.4725003362497324e-03
3.4725003362497324e-03
3.4725003362497324e-03
3.4725003362497324e-03
3.4725003362497324e-03
3.4725003362497324e-03
3.4725003362497324e-03
3.4725003362497324e-03
3.4725003362497324e-03
3.4725003362497324e-03
3.4993288198220994e-03
3.4993288198220994e-03
3.4993288198220994e-03
3.4993288198220994e-03
3.4993288198220994e-03
3.4993288198220994e-03
3.4993288198220994e-03
3.4993288198220994e-03
3.4993288198220994e-03
3.4993288198220994e-03
3.4993288198220994e-03
3.4993288198220994e-03
3.4993288198220994e-03
3.4993288198220994e-03
3.4993288198220994e-03
3.4993288198220994e-03
3.4993288198220994e-03
3.4993288198220994e-03
3.4993288198220994e-03
3.4993288198220994e-03
3.4997132718298908e-03
3.4997132718298908e-03
3.4997132718298908e-03
3.4997132718298908e-03
3.4997132718298908e-03
3.4997132718298908e-03
3.4997132718298908e-03
3.4997132718298908e-03
3.4997132718298908e-03
3.4997132718298908e-03
3.4997132718298908e-03
3.4997132718298908e-03
3.4997132718298908e-03
3.4997132718298908e-03
3.4997132718298908e-03
3.4997132718298908e-03
3.4997132718298908e-03
3.4997132718298908e-03
3.4997132718298908e-03
3.4997132718298908e-03
3.4997132718298908e-03
3.4997132718298908e-03
3.4997132718298908e-03
3.4997132718298908e-03
3.4997132718298908e-03
3.4997132718298908e-03
3.4997132718298908e-03
3.4997132718298908e-03
3.4997132718298908e-03
3.4997132718298908e-03
3.4997132718298908e-03
3.4997132718298908e-03
3.4997132718298908e-03
3.4997132718298908e-03
3.4997132718298908e-03
3.4997132718298908e-03
3.4997132718298908e-03
3.4997132718298908e-03
3.4997132718298908e-03
3.4997132718298908e-03
3.5000088332043659e-03
3.5000088332043659e-03
3.5000088332043659e-03
3.5000088332043659e-03
3.5000088332043659e-03
3.5000088332043659e-03
3.5000088332043659e-03
3.5000088332043659e-03
3.5000088332043659e-03
3.5000088332043659e-03
3.5000088332043659e-03
3.5000088332043659e-03
3.5000088332043659e-03
3.5000088332043659e-03
3.5000088332043659e-03
3.5000088332043659e-03
3.5000088332043659e-03
3.5000088332043659e-03
3.5000088332043659e-03
3.5000088332043659e-03
3.5000088332043659e-03
3.5000088332043659e-03
3.5000088332043659e-03
3.5000088332043659e-03
3.5000088332043659e-03
3.5000088332043659e-03
3.5000088332043659e-03
3.5000088332043659e-03
3.5000088332043659e-03
3.5000088332043659e-03
3.5000088332043659e-03
3.5000088332043659e-03
3.5000088332043659e-03
3.5000088332043659e-03
3.5000088332043659e-03
3.5000088332043659e-03
3.5000088332043659e-03
3.5000088332043659e-03
3.5000088332043659e-03
3.5000088332043659e-03
3.5002360566842371e-03
3.5002360566842371e-03
3.5002360566842371e-03
3.5002360566842371e-03
3.5002360566842371e-03
3.5002360566842371e-03
3.5002360566842371e-03
3.5002360566842371e-03
3.5002360566842371e-03
3.5002360566842371e-03
3.5002360566842371e-03
3.5002360566842371e-03
3.5002360566842371e-03
3.5002360566842371e-03
3.5002360566842371e-03
3.5002360566842371e-03
3.5002360566842371e-03
3.5002360566842371e-03
3.5002360566842371e-03
3.5002360566842371e-03
3.5002360566842371e-03
3.5002360566842371e-03
3.5002360566842371e-03
3.5002360566842371e-03
3.5002360566842371e-03
3.5002360566842371e-03
3.5002360566842371e-03
3.5002360566842371e-03
3.5002360566842371e-03
3.5002360566842371e-03
3.5002360566842371e-03
