2.9999999999999983e+02
2.9999999999999983e+02
2.9999999999999983e+02
2.9999999999999983e+02
2.9999999999999983e+02
2.9999999999999983e+02
2.9999999999999983e+02
3.0800088021595832e+02
3.5200000004842678e+02
3.9600000371418287e+02
4.4000000022541212e+02
4.3890001344998910e+02
4.3890001344998910e+02
4.3890001344998910e+02
4.3890001344998910e+02
4.3890001344998910e+02
4.3890001344998910e+02
4.3890001344998910e+02
4.3890001344998910e+02
4.3890001344998910e+02
4.3890001344998910e+02
4.3890001344998910e+02
4.3890001344998910e+02
4.3890001344998910e+02
4.3890001344998910e+02
4.3890001344998910e+02
4.3890001344998910e+02
4.3890001344998910e+02
4.3890001344998910e+02
4.3890001344998910e+02
4.3999998127645614e+02
4.3997315279288375e+02
4.3997315279288375e+02
4.3997315279288375e+02
4.3997315279288375e+02
4.3997315279288375e+02
4.3997315279288375e+02
4.3997315279288375e+02
4.3997315279288375e+02
4.3997315279288375e+02
4.3997315279288375e+02
4.3997315279288375e+02
4.3997315279288375e+02
4.3997315279288375e+02
4.3997315279288375e+02
4.3997315279288375e+02
4.3997315279288375e+02
4.3997315279288375e+02
4.3997315279288375e+02
4.3997315279288375e+02
4.3998891532520310e+02
4.3998853087319537e+02
4.3998853087319537e+02
4.3998853087319537e+02
4.3998853087319537e+02
4.3998853087319537e+02
4.3998853087319537e+02
4.3998853087319537e+02
4.3998853087319537e+02
4.3998853087319537e+02
4.3998853087319537e+02
4.3998853087319537e+02
4.3998853087319537e+02
4.3998853087319537e+02
4.3998853087319537e+02
4.3998853087319537e+02
4.3998853087319537e+02
4.3998853087319537e+02
4.3998853087319537e+02
4.3998853087319537e+02
4.3998853087319537e+02
4.3998853087319537e+02
4.3998853087319537e+02
4.3998853087319537e+02
4.3998853087319537e+02
4.3998853087319537e+02
4.3998853087319537e+02
4.3998853087319537e+02
4.3998853087319537e+02
4.3998853087319537e+02
4.3998853087319537e+02
4.3998853087319537e+02
4.3998853087319537e+02
4.3998853087319537e+02
4.3998853087319537e+02
4.3998853087319537e+02
4.3998853087319537e+02
4.3998853087319537e+02
4.3998853087319537e+02
4.3998853087319537e+02
4.4000064888954876e+02
4.4000035332817424e+02
4.4000035332817424e+02
4.4000035332817424e+02
4.4000035332817424e+02
4.4000035332817424e+02
4.4000035332817424e+02
4.4000035332817424e+02
4.4000035332817424e+02
4.4000035332817424e+02
4.4000035332817424e+02
4.4000035332817424e+02
4.4000035332817424e+02
4.4000035332817424e+02
4.4000035332817424e+02
4.4000035332817424e+02
4.4000035332817424e+02
4.4000035332817424e+02
4.4000035332817424e+02
4.4000035332817424e+02
4.4000035332817424e+02
4.4000035332817424e+02
4.4000035332817424e+02
4.4000035332817424e+02
4.4000035332817424e+02
4.4000035332817424e+02
4.4000035332817424e+02
4.4000035332817424e+02
4.4000035332817424e+02
4.4000035332817424e+02
4.4000035332817424e+02
4.4000035332817424e+02
4.4000035332817424e+02
4.4000035332817424e+02
4.4000035332817424e+02
4.4000035332817424e+02
4.4000035332817424e+02
4.4000035332817424e+02
4.4000035332817424e+02
4.4000035332817424e+02
4.4000966949084903e+02
4.4000944226736931e+02
4.4000944226736931e+02
4.4000944226736931e+02
4.4000944226736931e+02
4.4000944226736931e+02
4.4000944226736931e+02
4.4000944226736931e+02
4.4000944226736931e+02
4.4000944226736931e+02
4.4000944226736931e+02
4.4000944226736931e+02
4.4000944226736931e+02
4.4000944226736931e+02
4.4000944226736931e+02
4.4000944226736931e+02
4.4000944226736931e+02
4.4000944226736931e+02
4.4000944226736931e+02
4.4000944226736931e+02
4.4000944226736931e+02
4.4000944226736931e+02
4.4000944226736931e+02
4.4000944226736931e+02
4.4000944226736931e+02
4.4000944226736931e+02
4.4000944226736931e+02
4.4000944226736931e+02
4.4000944226736931e+02
4.4000944226736931e+02
4.4000944226736931e+02
