0.0000000000000000e+00
5.0535810150800434e-11
7.9867001703737321e-10
-8.8026395317879636e-03
8.1494034044474758e-09
5.2992053962227998e-06
-8.7920462722918952e-03
-2.1905072472372276e-03
1.1447342259905492e-08
-2.5594594629807283e-05
3.9508488440551030e-07
6.0437052232055215e-08
-8.7976354204347997e-03
8.2837741090750919e-09
-4.9847361034932731e-06
-8.8073342226775413e-03
8.2571597083363514e-09
4.7049935846880943e-06
8.5129019223285659e-10
6.9650948905660042e-10
7.6106168814470847e-10
7.4637715882017112e-10
7.1660204477972128e-10
-8.7973604956770365e-03
8.0752913158467818e-09
-5.2599396089723031e-06
-8.8078846996745251e-03
8.1234302112029992e-09
5.2550088628739862e-06
-8.7868640348335789e-03
-4.1898468190980449e-05
6.9331962480508129e-08
-8.7605966605519003e-03
7.9959558261181419e-09
-3.6751529195046814e-05
-8.8761551151218011e-03
8.0819885742129394e-09
7.8820275744649588e-05
5.4329623065933526e-10
5.8949477167358382e-10
6.0109765650393566e-10
5.8845210875869024e-10
5.8318975868814262e-10
-8.8026406578199864e-03
7.8850073834783128e-09
5.2997336172487750e-06
-8.7920449051420435e-03
8.0163957575064970e-09
-5.3048305759135886e-06
-8.8132634868783883e-03
-4.3345043240312305e-02
6.7851636459705183e-08
3.4552245816773741e-02
-9.3182871604490886e-09
9.3220734772803125e-09
-8.7973333910789688e-03
8.3990970652178998e-09
-5.2864687839284422e-06
1.0309489114995293e-09
1.0585988810332659e-09
1.1028634283769896e-09
1.1424818816604351e-09
1.1646605952120168e-09
-8.7973600799389901e-03
8.5625983664883389e-09
-5.2594980164358203e-06
-8.8078841897599198e-03
8.6087290376693080e-09
5.2556357814561512e-06
-8.7868632999943946e-03
-2.6371074695752658e-02
7.0219815499607753e-08
1.7584388571410592e-02
8.7237213658343534e-09
8.7480562618829100e-09
-8.8026325679873407e-03
8.7517254191357296e-09
5.2933912018063768e-06
1.4414025275094633e-09
1.5116450927604064e-09
1.4639877595887771e-09
1.5444665584024753e-09
1.5315265246297688e-09
-8.8026395286411440e-03
9.0382488887485135e-09
5.3009247084207820e-06
-8.7920437775671125e-03
9.0217327052896617e-09
-5.3040510748013880e-06
-8.8132629111260571e-03
-3.9433854954538432e-02
6.8608280870689609e-08
3.0636369158568169e-02
2.2195772377591818e-09
1.1153123943732242e-08
-8.7973410693009541e-03
8.7204645262945022e-09
-5.2783628896180432e-06
1.1624024965278176e-09
1.0880033490839409e-09
1.0786905029492271e-09
1.1252409302122799e-09
1.0741993571566348e-09
-8.7973602303684749e-03
8.3229401445540838e-09
-5.2596978633893321e-06
-8.8078844131945014e-03
8.4216840655565793e-09
5.2553975102566071e-06
-8.7868633810480688e-03
-2.6371074789124788e-02
6.9982339949867455e-08
1.7584388351852064e-02
8.5050577942712111e-09
8.5515110585970104e-09
-8.8026327490415210e-03
8.4659789949841036e-09
5.2929772352214683e-06
1.0645384017896131e-09
1.1830435389325202e-09
1.2117421086368091e-09
1.1219427144673827e-09
1.1298878745305306e-09
-8.8026400191648160e-03
8.5110157907512730e-09
5.3004417839105517e-06
-8.7920442146983222e-03
8.5495186346360962e-09
-5.3044931299714144e-06
-8.8132633430636851e-03
-3.6426987986670920e-02
6.8181420823813691e-08
2.7625895008573015e-02
7.3453598499035916e-09
1.1142722001681099e-08
-8.7973462125964588e-03
8.2598980179278508e-09
-5.2739869767044612e-06
9.2341309247115972e-10
8.8061044584164701e-10
7.9268926795375569e-10
8.9863753742577083e-10
9.2436233374973601e-10
-8.7973603127315253e-03
8.2189146793697515e-09
-5.2597415596648958e-06
-8.8078844808561398e-03
8.3468806319179338e-09
5.2552983171654569e-06
-8.7868635885567509e-03
-2.6371075185948473e-02
6.9848485651397589e-08
1.7584388454800239e-02
8.3348327230153289e-09
8.3759096579784715e-09
-8.8026329718578194e-03
8.3754200990644989e-09
5.2928399818974530e-06
9.1085110610235535e-10
9.6794516400486556e-10
9.7837956741165574e-10
