0.0000000000000000e+00
4.4000000002331312e+01
8.8000000002138293e+01
1.3201320572442393e+02
1.7600000001958779e+02
2.1999998858827405e+02
2.6401318287029801e+02
3.0800088021595826e+02
3.5200000004842690e+02
3.9600000371418287e+02
4.4000000022541190e+02
3.9600000014086726e+02
3.5201319433861454e+02
3.0800000001941390e+02
2.6400001141388123e+02
2.2001321708199191e+02
1.7600000001946771e+02
1.3199998868804281e+02
8.8000000001961311e+01
4.4000000001986010e+01
1.9464022911680327e-09
4.3999999998038113e+01
8.7999999998079787e+01
1.3198680571562610e+02
1.7599999998068441e+02
2.1999998853222903e+02
2.6398678281036041e+02
3.0799999998062503e+02
3.5200001141944074e+02
3.9598682856690880e+02
4.3999998127645637e+02
3.9599999983501147e+02
3.5198681269902613e+02
3.0799999998037856e+02
2.6399999296040460e+02
2.1998678019907624e+02
1.7599999998028554e+02
1.3200002552589501e+02
8.7999999997853791e+01
4.3999999997808729e+01
2.1759305521640039e-09
4.4000000002202206e+01
8.8000000002109374e+01
1.3201320572455705e+02
1.7600000001956550e+02
2.1999998858806038e+02
2.6401318286999242e+02
3.0800000001950235e+02
3.5200001146052085e+02
3.9601322863293285e+02
4.3998891532520315e+02
3.9600000015967123e+02
3.5202428995662336e+02
3.0800000000511892e+02
2.6399999999781869e+02
2.2001319427299211e+02
1.7600000001972316e+02
1.3200001147987956e+02
8.8000000002419910e+01
4.4000000002416193e+01
2.4244677057603539e-09
4.3999999997557076e+01
8.7999999997574079e+01
1.3198680571518440e+02
1.7599999998013396e+02
2.1999998853172741e+02
2.6398678280986155e+02
3.0799999998015073e+02
3.5200001141901583e+02
3.9598682856647451e+02
4.3996046284912535e+02
3.9599999983444496e+02
3.5202636536815783e+02
3.0799999998012834e+02
2.6399999998011145e+02
2.1998679425764908e+02
1.7599999998009156e+02
1.3200001142914616e+02
8.7999999997563066e+01
4.3999999997571763e+01
2.4672361435723731e-09
4.4000000002506894e+01
8.8000000002518178e+01
1.3201320572503084e+02
1.7600000001999018e+02
2.1999998858839439e+02
2.6401318287031603e+02
3.0800000002002474e+02
3.5200001146107229e+02
3.9601322863357916e+02
4.4000064888954898e+02
3.9600000015977923e+02
3.5201256186809559e+02
3.0799999999798541e+02
2.6400000000020083e+02
2.2001319428482205e+02
1.7600000001956403e+02
1.3200001146777311e+02
8.8000000002173536e+01
4.4000000002119052e+01
2.1070409476096384e-09
4.3999999997855035e+01
8.7999999997846160e+01
1.3198680571540692e+02
1.7599999998046459e+02
2.1999998853203510e+02
2.6398678281016265e+02
3.0799999998043160e+02
3.5200001141932114e+02
3.9598682856676612e+02
4.3996046284940985e+02
3.9599999983468683e+02
3.5202636536826355e+02
3.0799999998050566e+02
2.6399999998051891e+02
2.1998679425808200e+02
1.7599999998049142e+02
1.3200001142947255e+02
8.7999999997912539e+01
4.3999999997894541e+01
2.1363738513095867e-09
4.4000000002135216e+01
8.8000000002107939e+01
1.3201320572456947e+02
1.7600000001956090e+02
2.1999998858798023e+02
2.6401318286989431e+02
3.0800000001946410e+02
3.5200001146043553e+02
3.9601322863287038e+02
4.4000966949084892e+02
3.9600000015969187e+02
3.5200354547701357e+02
3.0799999999678096e+02
2.6400000000306676e+02
2.2001319429180307e+02
1.7600000001957838e+02
1.3200001146072995e+02
8.8000000002180485e+01
4.4000000002161990e+01
2.2445011833817722e-09
4.3999999997705963e+01
8.7999999997764235e+01
1.3198680571526469e+02
1.7599999998031689e+02
2.1999998853191121e+02
2.6398678281007346e+02
3.0799999998035878e+02
3.5200001141918705e+02
3.9598682856660628e+02
4.3996046284919800e+02
3.9599999983448805e+02
3.5202636536800867e+02
3.0799999998037094e+02
2.6399999998028949e+02
2.1998679425782743e+02
1.7599999998033442e+02
1.3200001142929932e+02
8.7999999997739920e+01
4.3999999997717886e+01
2.3013102199699067e-09
