0.0000000000000000e+00
-1.8587725300331075e-11
8.6574434861052237e-10
-8.8026394550750637e-03
8.2453956485920211e-09
5.2993090043763218e-06
-8.7920461549642007e-03
-2.1905072092304662e-03
1.1520143872767118e-08
-2.5594580897599011e-05
3.9509002580617564e-07
6.0466747725985643e-08
-8.7976354307508359e-03
8.3145343245244865e-09
-4.9847261049382200e-06
-8.8073342124451656e-03
8.2661007076249344e-09
4.7048614454046669e-06
8.2695606834821159e-10
6.8035633077996608e-10
7.4046636326856029e-10
7.3577236701287074e-10
7.3543570085405578e-10
-8.7973605102985384e-03
8.0982944023252414e-09
-5.2598935593702892e-06
-8.8078846128594786e-03
8.2099272828527332e-09
5.2550348207974682e-06
-8.7868640629493906e-03
-4.1898422495391778e-05
6.9368553658940239e-08
-8.7605966321650710e-03
8.0618612306670811e-09
-3.6751351453326302e-05
-8.8761548782476107e-03
8.1206392921397737e-09
7.8820161857410430e-05
6.2453354003082371e-10
6.2782231684073834e-10
6.6897122208699041e-10
6.5392770087789808e-10
6.4866851465682292e-10
-8.8026405492012752e-03
8.0080005978354650e-09
5.2998445416976131e-06
-8.7920448136639528e-03
8.1358233354931082e-09
-5.3047474223241253e-06
-8.8132634466851593e-03
-4.3345043254821039e-02
6.7843816107722569e-08
3.4552245813240921e-02
-9.3343051323857297e-09
9.2385243818236952e-09
-8.7973334528694460e-03
8.3566445019145649e-09
-5.2864923251542042e-06
1.0005853563823477e-09
1.0592708040855568e-09
1.0782286542697712e-09
1.0628208485390590e-09
1.1012960173718381e-09
-8.7973601241558789e-03
8.4963784341521652e-09
-5.2594983307985317e-06
-8.8078841647574093e-03
8.5221329026773648e-09
5.2554745046360148e-06
-8.7868634811569951e-03
-2.6371074966321309e-02
7.0041071401965485e-08
1.7584388550777597e-02
8.5923904804924132e-09
8.5793843901107848e-09
-8.8026327776614607e-03
8.5191957222466631e-09
5.2931999210616865e-06
1.2533434045506934e-09
1.2911439970429157e-09
1.2723866427035208e-09
1.3401868837561993e-09
1.3874505263900575e-09
-8.8026396981903017e-03
8.8994577905503759e-09
5.3007332791299366e-06
-8.7920439940335493e-03
8.9247465847861542e-09
-5.3039753018623918e-06
-8.8132627204848650e-03
-3.9433854664505531e-02
6.8550087568547704e-08
3.0636368634254604e-02
2.1839960143830188e-09
1.1159199816660741e-08
-8.7973409848504137e-03
8.7315694881314754e-09
-5.2783272434813339e-06
1.2734730032718028e-09
1.2179656723508664e-09
1.3031189231423327e-09
1.2599934944606595e-09
1.1772603857639765e-09
-8.7973601136248063e-03
8.5365834865933612e-09
-5.2594732708725481e-06
-8.8078841115182636e-03
8.6291055516536222e-09
5.2555046320237158e-06
-8.7868633721324956e-03
-2.6371074905620278e-02
7.0135113255405658e-08
1.7584388758705796e-02
8.6588301873874201e-09
8.6801470780063143e-09
-8.8026326539587842e-03
8.5747992158806877e-09
5.2931011243147189e-06
1.1072024958169289e-09
1.1319731781368893e-09
1.1491926458223626e-09
1.1479563597304636e-09
1.1065238091243169e-09
-8.8026399698530929e-03
8.5614048275658399e-09
5.3005557647819594e-06
-8.7920441235173254e-03
8.6885712785460384e-09
-5.3043094502243362e-06
-8.8132630935404757e-03
-3.6426987751670047e-02
6.8326509044577629e-08
2.7625895176900481e-02
7.5573921392908594e-09
1.1339610770546520e-08
-8.7973460478330233e-03
8.4490240023025527e-09
-5.2737210634201850e-06
1.1025119187466173e-09
1.0616678180192980e-09
9.7719879789472786e-10
1.0235530976755030e-09
1.0752827006385918e-09
-8.7973601749750489e-03
8.4480053918796794e-09
-5.2594460239527162e-06
-8.8078841050307100e-03
8.5935161076298068e-09
5.2554626309643352e-06
-8.7868634871335165e-03
-2.6371075158076771e-02
7.0121101400129158e-08
1.7584389020551913e-02
8.5454351596295076e-09
8.5687824862683475e-09
-8.8026327318685323e-03
8.5176278096850916e-09
5.2929366830568113e-06
1.0713165368298618e-09
1.1201074975951570e-09
1.1385583384751884e-09
