0.0000000000000000e+00
-4.4000000002315339e+01
-8.8000000001306120e+01
-1.3202200836391737e+02
-1.7600000001139034e+02
-2.1999998328901694e+02
-2.6402197491651168e+02
-3.0800307072318657e+02
-3.5200000003694322e+02
-3.9600002930877076e+02
-4.3999999983032461e+02
-3.9600000008041565e+02
-3.5202199197404008e+02
-3.0800000001111493e+02
-2.6400001639861233e+02
-2.2002202441620932e+02
-1.7600000001120617e+02
-1.3199998398311533e+02
-8.8000000001122160e+01
-4.4000000001297593e+01
-1.1956456265055787e-09
4.3999999998779181e+01
8.7999999998805791e+01
1.3197800835512314e+02
1.7599999998877118e+02
2.1999998327231245e+02
2.6397797492570396e+02
3.0799999998879161e+02
3.5200001667446281e+02
3.9597804170285974e+02
4.3999993937801088e+02
3.9599999990436152e+02
3.5197805210237976e+02
3.0799999998840730e+02
2.6399995620896453e+02
2.1997790404407942e+02
1.7599999998838686e+02
1.3200010434611383e+02
8.7999999998437687e+01
4.3999999998417380e+01
-1.5426252325424694e-09
-4.4000000001581014e+01
-8.8000000001493476e+01
-1.3202200836516067e+02
-1.7600000001161899e+02
-2.1999998328827144e+02
-2.6402197491485168e+02
-3.0800000001142627e+02
-3.5200001676530997e+02
-3.9602204189639957e+02
-4.4003226036845058e+02
-3.9600000009182367e+02
-3.5198973771080836e+02
-3.0800000001444505e+02
-2.6399999998853838e+02
-2.2002199160641408e+02
-1.7600000001134538e+02
-1.3200001676636023e+02
-8.8000000001404075e+01
-4.4000000001357257e+01
-1.3349665059179792e-09
4.3999999998659703e+01
8.7999999998707025e+01
1.3197800835508235e+02
1.7599999998866346e+02
2.1999998327222914e+02
2.6397797492568435e+02
3.0799999998871613e+02
3.5200001667457104e+02
3.9597804170308359e+02
4.3993409177429407e+02
3.9599999990457559e+02
3.5204394975671909e+02
3.0799999998878633e+02
2.6399999998877536e+02
2.1997799162497637e+02
1.7599999998872704e+02
1.3200001672244181e+02
8.7999999998910440e+01
4.3999999998973195e+01
-1.0989112364805273e-09
-4.4000000001064585e+01
-8.8000000001058680e+01
-1.3202200836464419e+02
-1.7600000001102140e+02
-2.1999998328756536e+02
-2.6402197491420208e+02
-3.0800000001105150e+02
-3.5200001676508549e+02
-3.9602204189639485e+02
-4.4004008274435830e+02
-3.9600000009120038e+02
-3.5198192549919912e+02
-3.0799999999578347e+02
-2.6399999998904462e+02
-2.2002199162584895e+02
-1.7600000001083799e+02
-1.3200001674611812e+02
-8.8000000000955581e+01
-4.4000000000966061e+01
-9.1621783218319725e-10
4.3999999999047660e+01
8.7999999998971902e+01
1.3197800835523495e+02
1.7599999998889439e+02
2.1999998327244953e+02
2.6397797492590024e+02
3.0799999998895703e+02
3.5200001667477204e+02
3.9597804170338935e+02
4.3993409177456226e+02
3.9599999990474555e+02
3.5204394975681879e+02
3.0799999998908771e+02
2.6399999998913512e+02
2.1997799162538047e+02
1.7599999998901188e+02
1.3200001672251165e+02
8.7999999998998405e+01
4.3999999999052058e+01
-9.5812342462696579e-10
-4.4000000001000267e+01
-8.8000000000989743e+01
-1.3202200836456396e+02
-1.7600000001102467e+02
-2.1999998328748129e+02
-2.6402197491406343e+02
-3.0800000001084521e+02
-3.5200001676483691e+02
-3.9602204189608904e+02
-4.4004609647871820e+02
-3.9600000009143798e+02
-3.5197591958192083e+02
-3.0799999998932958e+02
-2.6399999999182569e+02
-2.2002199163793330e+02
-1.7600000001122396e+02
-1.3200001673458388e+02
-8.8000000001167564e+01
-4.4000000001190863e+01
-1.3640981712669448e-09
4.3999999998667079e+01
8.7999999998764039e+01
1.3197800835502079e+02
1.7599999998865033e+02
2.1999998327231731e+02
2.6397797492578042e+02
3.0799999998882919e+02
3.5200001667456752e+02
3.9597804170306836e+02
4.3993409177402611e+02
3.9599999990447282e+02
3.5204394975674643e+02
3.0799999998881117e+02
2.6399999998876166e+02
2.1997799162497557e+02
1.7599999998878093e+02
1.3200001672218761e+02
8.7999999998730985e+01
4.3999999998761908e+01
-1.2470170587121553e-09
