0.0000000000000000e+00
-4.0000000002097868e-04
-8.0000000001612494e-04
-1.2001600640391729e-03
-1.6000000001420945e-03
-1.9999998721693217e-03
-2.4001598081227035e-03
-2.5335820453471786e-03
-2.7218951417506722e-03
-2.7251832954500311e-03
-2.7267333497189698e-03
-2.7274640531423874e-03
-2.7278085102247435e-03
-2.7278626364439099e-03
-2.7278881517893714e-03
-2.7279242359386255e-03
-2.7279299060154931e-03
-2.7279325789154457e-03
-2.7279338389326088e-03
-2.7279340369250078e-03
-2.7279340680368878e-03
-2.7279340827031052e-03
-2.7279341034436547e-03
-2.7279341067024607e-03
-2.7279341072145007e-03
