0.0000000000000000e+00
1.0000000000568904e-04
2.0000000000893988e-04
2.9999000101229645e-04
4.0000000008175190e-04
4.9999999815219468e-04
5.9998999722285398e-04
6.3331777525825451e-04
6.8047378547004688e-04
6.8129708262292562e-04
6.8168518838845589e-04
6.8186814314793683e-04
6.8195438883633371e-04
6.8196794103867787e-04
6.8197432960743110e-04
6.8198336440853876e-04
6.8198478409052044e-04
6.8198545333517644e-04
6.8198576882021872e-04
6.8198581839356101e-04
6.8198582618306139e-04
6.8198582985567308e-04
6.8198583504842708e-04
6.8198583586462835e-04
6.8198583599297902e-04
