0.0000000000000000e+00
1.0000000000565927e-04
2.0000000000928119e-04
2.9999000101309345e-04
4.0000000008233764e-04
4.9999999815223306e-04
5.9998999722191127e-04
6.3331777525720478e-04
6.8047378547023780e-04
6.8129708262307373e-04
6.8168518838783042e-04
6.8186814314762437e-04
6.8195438883626703e-04
6.8196794103830415e-04
6.8197432960777869e-04
6.8198336440882109e-04
6.8198478409110840e-04
6.8198545333592042e-04
6.8198576882083823e-04
6.8198581839433057e-04
6.8198582618455921e-04
6.8198582985617377e-04
6.8198583504943950e-04
6.8198583586566246e-04
6.8198583599396716e-04
