0.0000000000000000e+00
0.0000000000000000e+00
0.0000000000000000e+00
0.0000000000000000e+00
0.0000000000000000e+00
0.0000000000000000e+00
0.0000000000000000e+00
0.0000000000000000e+00
0.0000000000000000e+00
0.0000000000000000e+00
0.0000000000000000e+00
1.6085813299293800e-07
4.4799331352115256e-07
4.9311226112565352e-07
5.1438153744783558e-07
5.4446083768516057e-07
5.4918734370372027e-07
5.5141544013187363e-07
5.5246577495553622e-07
5.5263081892025714e-07
5.5265675339965180e-07
5.5266897893307141e-07
5.5268626796484302e-07
5.5268898459035123e-07
5.5268941157614582e-07
