0.0000000000000000e+00
4.4000000002345438e+01
8.8000000002228603e+01
1.3201320572457576e+02
1.7600000001973805e+02
2.1999998858829042e+02
2.6401318287036554e+02
2.7868718421323553e+02
2.9940846559544411e+02
2.9977027327043965e+02
2.9994083135343237e+02
2.9999999999999972e+02
2.9999999999999972e+02
2.9999999999999983e+02
2.9999999999999989e+02
2.9999999999999972e+02
2.9999999999999943e+02
2.9999999999999983e+02
2.9999999999999989e+02
3.0000000000000006e+02
2.9999999999999960e+02
2.9999999999999983e+02
2.9999999999999983e+02
3.0000000000000000e+02
2.9999999999999977e+02
