0.0000000000000000e+00
-4.4000000002269850e+01
-8.8000000001335735e+01
-1.3202200836403799e+02
-1.7600000001151182e+02
-2.1999998328894972e+02
-2.6402197491662872e+02
-2.7870086576314708e+02
-2.9940846558970907e+02
-2.9977005172857901e+02
-2.9994050558477147e+02
-3.0000670290209956e+02
-3.0001931372048557e+02
-3.0002129532023127e+02
-3.0002222945542985e+02
-3.0002355052220742e+02
-3.0002375810778904e+02
-3.0002385596456361e+02
-3.0002390209468496e+02
-3.0002390934333403e+02
-3.0002391048236149e+02
-3.0002391101930169e+02
-3.0002391177863660e+02
-3.0002391189792291e+02
-3.0002391191664498e+02
