0.0000000000000000e+00
7.4285577069685568e-11
9.0183751180335365e-10
-8.8026394366523923e-03
8.2476780665981065e-09
5.2993433617902083e-06
-8.7920463052160100e-03
-1.3681549958239244e-02
5.7443967132003351e-09
2.2154187167150531e-04
3.2576863525408137e-04
-6.7029021178039846e-03
-1.9313720494661634e-02
-2.1295320258309103e-02
-2.2229455425313363e-02
-2.3550522206105529e-02
-2.3758107773681540e-02
-2.3855964541622077e-02
-2.3902094664479734e-02
-2.3909343310921587e-02
-2.3910482305555463e-02
-2.3911019277592125e-02
-2.3911778596960465e-02
-2.3911897886209333e-02
-2.3911916605219356e-02
