0.0000000000000000e+00
7.6904062990227029e-11
8.8388450175422823e-10
-8.8026394877570094e-03
8.2046344427899974e-09
5.2993381505851388e-06
-8.7920462209292033e-03
-1.3681549865219019e-02
5.7257011519479385e-09
2.2154184933267449e-04
3.2576868681425037e-04
-6.7029020817346826e-03
-1.9313720477115708e-02
-2.1295320204389054e-02
-2.2229455434604608e-02
-2.3550522209022307e-02
-2.3758107805069983e-02
-2.3855964585879037e-02
-2.3902094705857916e-02
-2.3909343357285045e-02
-2.3910482418139149e-02
-2.3911019326160864e-02
-2.3911778676974350e-02
-2.3911897959711638e-02
-2.3911916685240904e-02
