0.0000000000000000e+00
1.0000000000000001e-01
2.0000000000000001e-01
3.0000000000000004e-01
4.0000000000000002e-01
5.0000000000000000e-01
5.9999999999999998e-01
6.3333333333333330e-01
6.8047378541243653e-01
6.8129683067992619e-01
6.8168481793983648e-01
6.8186771688816750e-01
6.8195393627925871e-01
6.8196748434950549e-01
6.8197387097106776e-01
6.8198290301789888e-01
6.8198432226713490e-01
6.8198499130764090e-01
6.8198530669636004e-01
6.8198535625491608e-01
6.8198536404229182e-01
6.8198536771329599e-01
6.8198537290487982e-01
6.8198537372065848e-01
6.8198537384884572e-01
