0.0000000000000000e+00
0.0000000000000000e+00
0.0000000000000000e+00
0.0000000000000000e+00
-3.3333470252472025e-01
-1.2179538124401774e+00
-2.0689221739024983e+00
-2.8867841636149012e+00
-3.6731899103034551e+00
-4.4293492843984268e+00
-5.1564256047603756e+00
-5.2914348767632067e+00
-5.2914348767632067e+00
-5.2914348767632067e+00
-5.2914348767632067e+00
-5.2914348767632067e+00
-5.2914348767631978e+00
-5.2914348767632085e+00
-5.2914348767632058e+00
-5.2914348767631969e+00
-5.2914348767631907e+00
-5.2914348767631907e+00
-5.2914348767631907e+00
-5.2914348767631907e+00
-5.0598606131375359e+00
-4.2730937576183861e+00
-3.5169585446968794e+00
-2.7895301049827621e+00
-2.0900796902736563e+00
-1.4175312106006748e+00
-7.7084997946023792e-01
-7.1314365942874558e-01
-7.1314365942874558e-01
-7.1314365942874558e-01
-7.1314365942874558e-01
-7.1314365942874547e-01
-7.1314365942874858e-01
-7.1314365942874836e-01
-7.1314365942874780e-01
-7.1314365942874869e-01
-7.1314365942874935e-01
-7.1314365942874935e-01
-7.1314365942874935e-01
-7.1314365942874935e-01
-7.5491622231270450e-01
-1.3591886375613240e+00
-1.9405911201881232e+00
-2.4992567243403641e+00
-3.0364351812790886e+00
-3.5529529300217639e+00
-4.0496046110940895e+00
-4.0496046110940895e+00
-4.0496046110940895e+00
-4.0496046110940895e+00
-4.0496046110940895e+00
-4.0496046110940895e+00
-4.0496046110940815e+00
-4.0496046110940886e+00
-4.0496046110941037e+00
-4.0496046110941029e+00
-4.0496046110940966e+00
-4.0496046110940966e+00
-4.0496046110940966e+00
-4.0496046110940966e+00
-4.0496046110940966e+00
-3.4941818846358643e+00
-2.9604917582789803e+00
-2.4469540157007077e+00
-1.9531677304162416e+00
-1.4783732226160549e+00
-1.0218400416963898e+00
-1.0218400416963898e+00
-1.0218400416963898e+00
-1.0218400416963898e+00
-1.0218400416963898e+00
-1.0218400416963898e+00
-1.0218400416963882e+00
-1.0218400416963851e+00
-1.0218400416963835e+00
-1.0218400416963838e+00
-1.0218400416963851e+00
-1.0218400416963851e+00
-1.0218400416963851e+00
-1.0218400416963851e+00
-1.0218400416963851e+00
-1.4411656675513391e+00
-1.8447354119609158e+00
-2.2324090441093802e+00
-2.6051721458768542e+00
-2.9635982064644395e+00
-3.3082386491401028e+00
-3.3082386491401028e+00
-3.3082386491401028e+00
-3.3082386491401028e+00
-3.3082386491401028e+00
-3.3082386491401028e+00
-3.3082386491401050e+00
-3.3082386491400944e+00
-3.3082386491400961e+00
-3.3082386491400975e+00
-3.3082386491400948e+00
-3.3082386491400948e+00
-3.3082386491400948e+00
-3.3082386491400948e+00
-3.3082386491400948e+00
-2.9132356596747204e+00
-2.5337964106652797e+00
-2.1685776382843098e+00
-1.8174057456640640e+00
-1.4797404623838080e+00
-1.1550623052101510e+00
-1.1550623052101503e+00
-1.1550623052101503e+00
-1.1550623052101503e+00
-1.1550623052101503e+00
-1.1550623052101507e+00
-1.1550623052101472e+00
-1.1550623052101461e+00
-1.1550623052101479e+00
-1.1550623052101465e+00
-1.1550623052101492e+00
-1.1550623052101492e+00
-1.1550623052101492e+00
-1.1550623052101492e+00
-1.1550623052101492e+00
-1.4450411382708008e+00
-1.7242393813563486e+00
-1.9923257613881762e+00
-2.2501011224428895e+00
-2.4979620473401800e+00
-2.7362898596475986e+00
-2.7362898596475986e+00
-2.7362898596475986e+00
-2.7362898596475986e+00
-2.7362898596475986e+00
-2.7362898596475986e+00
-2.7362898596475969e+00
-2.7362898596475929e+00
-2.7362898596476017e+00
-2.7362898596476035e+00
-2.7362898596476057e+00
-2.7362898596476057e+00
-2.7362898596476057e+00
-2.7362898596476057e+00
-2.7362898596476057e+00
-2.4545085830843956e+00
-2.1839367693037715e+00
-1.9233988031986615e+00
-1.6728815307171714e+00
-1.4319995365613039e+00
-1.2003822343997024e+00
-1.2003822343997024e+00
-1.2003822343997024e+00
-1.2003822343997024e+00
-1.2003822343997024e+00
-1.2003822343997019e+00
-1.2003822343997015e+00
-1.2003822343997008e+00
-1.2003822343996977e+00
-1.2003822343996957e+00
-1.2003822343996986e+00
