0.0000000000000000e+00
0.0000000000000000e+00
0.0000000000000000e+00
0.0000000000000000e+00
1.6666735126233531e-01
6.0897690621998002e-01
1.0344610869511162e+00
1.4433920818072379e+00
1.8365949551514609e+00
2.2146746421988959e+00
2.5782128023798152e+00
2.6457174383812125e+00
2.6457174383812156e+00
2.6457174383812099e+00
2.6457174383812054e+00
2.6457174383812023e+00
2.6457174383811997e+00
2.6457174383812090e+00
2.6457174383812023e+00
2.6457174383811917e+00
2.6457174383811894e+00
2.6457174383811894e+00
2.6457174383811921e+00
2.6457174383811966e+00
2.5299303065684078e+00
2.1365468788089665e+00
1.7584792723483771e+00
1.3947650524914836e+00
1.0450398451370770e+00
7.0876560530064703e-01
3.8542498973053296e-01
3.5657182971479900e-01
3.5657182971479878e-01
3.5657182971479895e-01
3.5657182971479895e-01
3.5657182971479873e-01
3.5657182971480000e-01
3.5657182971479973e-01
3.5657182971479906e-01
3.5657182971479884e-01
3.5657182971479850e-01
3.5657182971479839e-01
3.5657182971479895e-01
3.5657182971479867e-01
3.7745811115678796e-01
6.7959431878122201e-01
9.7029556009473394e-01
1.2496283621709352e+00
1.5182175906404338e+00
1.7764764650118283e+00
2.0248023055480382e+00
2.0248023055480391e+00
2.0248023055480355e+00
2.0248023055480320e+00
2.0248023055480306e+00
2.0248023055480315e+00
2.0248023055480315e+00
2.0248023055480293e+00
2.0248023055480320e+00
2.0248023055480249e+00
2.0248023055480187e+00
2.0248023055480209e+00
2.0248023055480195e+00
2.0248023055480191e+00
2.0248023055480195e+00
1.7470909423191165e+00
1.4802458791409010e+00
1.2234770078519630e+00
9.7658386520990259e-01
7.3918661130999563e-01
5.1092002085035626e-01
5.1092002085035637e-01
5.1092002085035571e-01
5.1092002085035515e-01
5.1092002085035493e-01
5.1092002085035471e-01
5.1092002085035437e-01
5.1092002085035282e-01
5.1092002085035126e-01
5.1092002085035249e-01
5.1092002085035237e-01
5.1092002085035249e-01
5.1092002085035171e-01
5.1092002085035249e-01
5.1092002085035193e-01
7.2058283377801091e-01
9.2236770598296336e-01
1.1162045220573678e+00
1.3025860729412364e+00
1.4817991032351294e+00
1.6541193245731036e+00
1.6541193245731023e+00
1.6541193245731036e+00
1.6541193245731010e+00
1.6541193245731018e+00
1.6541193245730998e+00
1.6541193245731010e+00
1.6541193245731001e+00
1.6541193245731010e+00
1.6541193245731010e+00
1.6541193245730947e+00
1.6541193245730947e+00
1.6541193245730965e+00
1.6541193245730961e+00
1.6541193245730956e+00
1.4566178298405257e+00
1.2668982053359019e+00
1.0842888191454985e+00
9.0870287283547069e-01
7.3987023119540751e-01
5.7753115260862942e-01
5.7753115260862942e-01
5.7753115260863008e-01
5.7753115260863030e-01
5.7753115260863075e-01
5.7753115260862997e-01
5.7753115260862953e-01
5.7753115260862864e-01
5.7753115260862864e-01
5.7753115260862886e-01
5.7753115260862886e-01
5.7753115260862931e-01
5.7753115260862908e-01
5.7753115260862931e-01
5.7753115260862953e-01
7.2252056913902973e-01
8.6211969068185512e-01
9.9616288069782033e-01
1.1250505612252268e+00
1.2489810236739198e+00
1.3681449298276569e+00
1.3681449298276585e+00
1.3681449298276571e+00
1.3681449298276562e+00
1.3681449298276549e+00
1.3681449298276558e+00
1.3681449298276520e+00
1.3681449298276518e+00
1.3681449298276522e+00
1.3681449298276540e+00
1.3681449298276540e+00
1.3681449298276533e+00
1.3681449298276553e+00
1.3681449298276549e+00
1.3681449298276542e+00
1.2272542915460947e+00
1.0919683846558281e+00
9.6169940160331513e-01
8.3644076536261769e-01
7.1599976828473366e-01
6.0019111720397411e-01
6.0019111720397511e-01
6.0019111720397411e-01
6.0019111720397433e-01
6.0019111720397456e-01
6.0019111720397389e-01
6.0019111720397433e-01
6.0019111720397367e-01
6.0019111720397389e-01
6.0019111720397367e-01
6.0019111720397300e-01
