0.0000000000000000e+00
0.0000000000000000e+00
0.0000000000000000e+00
0.0000000000000000e+00
1.6666735126238436e-01
6.0897690622019640e-01
1.0344610869513777e+00
1.4433920818076624e+00
1.8365949551519916e+00
2.2146746421995234e+00
2.5782128023805502e+00
2.6457174383819804e+00
2.6457174383819808e+00
2.6457174383819755e+00
2.6457174383819702e+00
2.6457174383819644e+00
2.6457174383819608e+00
2.6457174383819644e+00
2.6457174383819657e+00
2.6457174383819653e+00
2.6457174383819577e+00
2.6457174383819586e+00
2.6457174383819626e+00
2.6457174383819626e+00
2.5299303065690815e+00
2.1365468788093773e+00
1.7584792723484530e+00
1.3947650524912270e+00
1.0450398451365246e+00
7.0876560529997323e-01
3.8542498972964806e-01
3.5657182971388857e-01
3.5657182971388834e-01
3.5657182971388834e-01
3.5657182971388846e-01
3.5657182971388823e-01
3.5657182971388796e-01
3.5657182971388796e-01
3.5657182971388751e-01
3.5657182971388784e-01
3.5657182971388768e-01
3.5657182971388746e-01
3.5657182971388823e-01
3.5657182971388790e-01
3.7745811115585404e-01
6.7959431878003973e-01
9.7029556009332796e-01
1.2496283621693662e+00
1.5182175906385902e+00
1.7764764650098674e+00
2.0248023055459874e+00
2.0248023055459861e+00
2.0248023055459856e+00
2.0248023055459852e+00
2.0248023055459821e+00
2.0248023055459790e+00
2.0248023055459776e+00
2.0248023055459763e+00
2.0248023055459821e+00
2.0248023055459781e+00
2.0248023055459745e+00
2.0248023055459745e+00
2.0248023055459754e+00
2.0248023055459750e+00
2.0248023055459750e+00
1.7470909423166421e+00
1.4802458791379722e+00
1.2234770078486392e+00
9.7658386520623097e-01
7.3918661130595020e-01
5.1092002084592636e-01
5.1092002084592636e-01
5.1092002084592603e-01
5.1092002084592569e-01
5.1092002084592569e-01
5.1092002084592492e-01
5.1092002084592547e-01
5.1092002084592458e-01
5.1092002084592336e-01
5.1092002084592258e-01
5.1092002084592225e-01
5.1092002084592292e-01
5.1092002084592236e-01
5.1092002084592292e-01
5.1092002084592225e-01
7.2058283377321675e-01
9.2236770597784212e-01
1.1162045220519043e+00
1.3025860729355085e+00
1.4817991032292057e+00
1.6541193245668968e+00
1.6541193245668959e+00
1.6541193245668973e+00
1.6541193245668966e+00
1.6541193245668988e+00
1.6541193245668981e+00
1.6541193245668986e+00
1.6541193245668955e+00
1.6541193245668959e+00
1.6541193245669001e+00
1.6541193245668990e+00
1.6541193245668986e+00
1.6541193245668997e+00
1.6541193245668993e+00
1.6541193245668993e+00
1.4566178298340957e+00
1.2668982053292803e+00
1.0842888191387130e+00
9.0870287282849960e-01
7.3987023118830764e-01
5.7753115260142895e-01
5.7753115260142884e-01
5.7753115260142929e-01
5.7753115260142951e-01
5.7753115260142995e-01
5.7753115260142929e-01
5.7753115260143006e-01
5.7753115260143018e-01
5.7753115260143129e-01
5.7753115260143106e-01
5.7753115260143162e-01
5.7753115260143151e-01
5.7753115260143129e-01
5.7753115260143151e-01
5.7753115260143173e-01
7.2252056913168317e-01
8.6211969067440408e-01
9.9616288069026382e-01
1.1250505612175676e+00
1.2489810236661609e+00
1.3681449298198398e+00
1.3681449298198411e+00
1.3681449298198396e+00
1.3681449298198396e+00
1.3681449298198392e+00
1.3681449298198396e+00
1.3681449298198367e+00
1.3681449298198385e+00
1.3681449298198414e+00
1.3681449298198407e+00
1.3681449298198436e+00
1.3681449298198429e+00
1.3681449298198454e+00
1.3681449298198436e+00
1.3681449298198418e+00
1.2272542915381930e+00
1.0919683846478365e+00
9.6169940159523981e-01
8.3644076535444400e-01
7.1599976827645806e-01
6.0019111719561613e-01
6.0019111719561669e-01
6.0019111719561524e-01
6.0019111719561546e-01
6.0019111719561569e-01
6.0019111719561524e-01
6.0019111719561502e-01
6.0019111719561458e-01
6.0019111719561535e-01
6.0019111719561546e-01
6.0019111719561535e-01
