0.0000000000000000e+00
-8.0000000033819056e-04
-1.6000000002497480e-03
-2.4000000002496573e-03
-3.2500028751188100e-03
-4.1827004280716694e-03
-4.3109499133175879e-03
-4.4330176651024931e-03
-4.5509785054402710e-03
-4.6644024152790228e-03
-4.7734638616226252e-03
-3.9937152320661208e-03
-3.1937157492740440e-03
-2.3937152317656451e-03
-1.5937152317639844e-03
-7.9371523151541595e-04
-7.9371523151594223e-04
-7.9371523151647891e-04
-7.9371523151659015e-04
-7.9371523151625665e-04
-7.9371523151604891e-04
6.2847681462728554e-06
8.0628476823404701e-04
1.6062847682341368e-03
2.4410195452189221e-03
3.3590282415230576e-03
3.4718466825804607e-03
3.5815704735039570e-03
3.6864880218271346e-03
3.7873703006953315e-03
3.8843724866995210e-03
3.0930284505334524e-03
2.2930283721268041e-03
1.4930284508344938e-03
6.9302845083474025e-04
-1.0697154891549722e-04
-1.0697154891578571e-04
-1.0697154891607823e-04
-1.0697154891611889e-04
-1.0697154891632613e-04
-1.0697154891667956e-04
-9.0697154925394020e-04
-1.7069715491659177e-03
-2.5069715491661164e-03
-3.3132374685947734e-03
-4.2038859693769720e-03
-4.2916974438193829e-03
-4.3748885309619510e-03
-4.4554652848927782e-03
-4.5329429500398947e-03
-4.6074407014039835e-03
-3.8074408713285116e-03
-3.0074406919137920e-03
-2.2074406919135947e-03
-1.4074406919135462e-03
-6.0744069166383721e-04
-6.0744069166360410e-04
-6.0744069166296713e-04
-6.0744069166360399e-04
-6.0744069166331148e-04
-6.0744069166263895e-04
1.9255930800122779e-04
9.9255930808883424e-04
1.7925593080885972e-03
2.5925593080895794e-03
3.4758650258248387e-03
3.5553188677458288e-03
3.6329568939455687e-03
3.7070248269398995e-03
3.7782440077683624e-03
3.8467239855723657e-03
3.0467235368856651e-03
2.2467239934966300e-03
1.4467239934984140e-03
6.4672399349828481e-04
-1.5327600625216379e-04
-1.5327600625261899e-04
-1.5327600625277609e-04
-1.5327600625207309e-04
-1.5327600625201764e-04
-1.5327600625207309e-04
-9.5327600659112454e-04
-1.7532760065029542e-03
-2.5532760065029550e-03
-3.3532760065031492e-03
-4.2161790953577786e-03
-4.2773172264991329e-03
-4.3348613698636117e-03
-4.3907758248944136e-03
-4.4445397360366587e-03
-4.4962358020558188e-03
-3.6962371980423761e-03
-2.8962357976219889e-03
-2.0962357976185555e-03
-1.2962357976198128e-03
-4.9623579737017123e-04
-4.9623579737007495e-04
-4.9623579737048413e-04
-4.9623579737057000e-04
-4.9623579737045876e-04
-4.9623579737099002e-04
3.0376420229332737e-04
1.1037642023808728e-03
1.9037642023810768e-03
2.7037642023814389e-03
3.5630107391739965e-03
3.6193246607965717e-03
3.6747133533756087e-03
3.7273891304340392e-03
3.7780389261690460e-03
3.8267406500823073e-03
3.0267388728650903e-03
2.2267406539677953e-03
1.4267406539723595e-03
6.2674065397088849e-04
-1.7325934577921216e-04
-1.7325934577997059e-04
-1.7325934577984870e-04
-1.7325934577964544e-04
-1.7325934577972131e-04
-1.7325934577998412e-04
-9.7325934611746431e-04
-1.7732593460290309e-03
-2.5732593460284078e-03
-3.3732593460286471e-03
-4.2167581840602845e-03
-4.2592415234257025e-03
-4.2988488724970131e-03
-4.3375151693690380e-03
-4.3746943095195074e-03
-4.4104434811831289e-03
-3.6104464192697225e-03
-2.8104434791994979e-03
-2.0104434791921024e-03
-1.2104434791943269e-03
-4.1044347894522736e-04
-4.1044347894536967e-04
-4.1044347894526401e-04
-4.1044347894567877e-04
-4.1044347894576551e-04
-4.1044347894584135e-04
3.8955652071667534e-04
1.1895565208047789e-03
1.9895565208049443e-03
2.7895565208047538e-03
3.6318217064130955e-03
3.6718046611137201e-03
3.7114901795890186e-03
3.7490677657965902e-03
3.7852000672380136e-03
3.8199426627338949e-03
3.0199394263057252e-03
2.2199426645864830e-03
1.4199426645937450e-03
6.1994266459126544e-04
-1.8005733515866792e-04
-1.8005733515864754e-04
-1.8005733515898088e-04
-1.8005733515955643e-04
-1.8005733515981924e-04
-1.8005733516030415e-04
