0.0000000000000000e+00
2.0000000008949361e-04
4.0000000014664406e-04
6.0000000014663883e-04
8.2499986015204712e-04
1.0913458770216594e-03
1.1552256128868961e-03
1.2165088107848189e-03
1.2754892410265638e-03
1.3322011943994673e-03
1.3867319185714992e-03
1.1968576158987009e-03
9.9685758741356275e-04
7.9685761590277983e-04
5.9685761590258176e-04
3.9685761575640444e-04
3.9685761575637159e-04
3.9685761575554911e-04
3.9685761575560463e-04
3.9685761575513397e-04
3.9685761575516216e-04
1.9685761584516698e-04
-3.1423840986306248e-06
-2.0314238409810639e-04
-4.2051056405058941e-04
-6.7951861384195952e-04
-7.3617224214515625e-04
-7.9078524398885366e-04
-8.4324402462886247e-04
-8.9368516076282923e-04
-9.4218625298033820e-04
-7.4651422540194276e-04
-5.4651423203659925e-04
-3.4651422539800475e-04
-1.4651422539794707e-04
5.3485774455025440e-05
5.3485774454956186e-05
5.3485774454417161e-05
5.3485774454905527e-05
5.3485774454795087e-05
5.3485774454974977e-05
2.5348577454341705e-04
4.5348577460157559e-04
6.5348577460159758e-04
8.5661871236303137e-04
1.1019384634914119e-03
1.1456007863045413e-03
1.1874442538885234e-03
1.2277326375374530e-03
1.2664714688461788e-03
1.3037203449944694e-03
1.1037203324090130e-03
9.0372034597617805e-04
7.0372034597631023e-04
5.0372034597639720e-04
3.0372034583111581e-04
3.0372034583169162e-04
3.0372034583199488e-04
3.0372034583230789e-04
3.0372034583234182e-04
3.0372034583260821e-04
1.0372034592165061e-04
-9.6279654021029734e-05
-2.9627965402146718e-04
-4.9627965402080493e-04
-7.3793700600336093e-04
-7.7790720095504600e-04
-8.1647844966173475e-04
-8.5351242082923741e-04
-8.8912200907565516e-04
-9.2336199758571351e-04
-7.2336202181667972e-04
-5.2336199672319808e-04
-3.2336199672387242e-04
-1.2336199672309815e-04
7.6638003129892322e-05
7.6638003129491519e-05
7.6638003129682840e-05
7.6638003130752189e-05
7.6638003131840348e-05
7.6638003132079455e-05
2.7663800321914235e-04
4.7663800327736030e-04
6.7663800327694308e-04
8.7663800327675908e-04
1.1080870430717285e-03
1.1384116072593500e-03
1.1674306783297993e-03
1.1953879104400248e-03
1.2222698650496092e-03
1.2481178982838097e-03
1.0481178049651326e-03
8.4811789883424945e-04
6.4811789883255648e-04
4.4811789883300861e-04
2.4811789868736488e-04
2.4811789868722643e-04
2.4811789868637413e-04
2.4811789868610335e-04
2.4811789868563211e-04
2.4811789868590099e-04
4.8117898776248522e-05
-1.5188210116718966e-04
-3.5188210116740337e-04
-5.5188210116736860e-04
-7.8150765086003652e-04
-8.0990931510182499e-04
-8.3735667744513323e-04
-8.6369456931260718e-04
-8.8901946571002849e-04
-9.1337032746844553e-04
-7.1337043137124673e-04
-5.1337032695903154e-04
-3.1337032696116804e-04
-1.1337032696088859e-04
8.6629672891878610e-05
8.6629672891818139e-05
8.6629672891809506e-05
8.6629672891656051e-05
8.6629672891440674e-05
8.6629672891451123e-05
2.8662967298122787e-04
4.8662967303779431e-04
6.8662967303843468e-04
8.8662967303834998e-04
1.1083779011954397e-03
1.1293744047314439e-03
1.1494244323278977e-03
1.1687575839632351e-03
1.1873471533438908e-03
1.2052217392825978e-03
1.0052215467444988e-03
8.0522173962486565e-04
6.0522173962039138e-04
4.0522173962256972e-04
2.0522173947687817e-04
2.0522173947642208e-04
2.0522173947637559e-04
2.0522173947575825e-04
2.0522173947562429e-04
2.0522173947581159e-04
5.2217395643842678e-06
-1.9477826037812699e-04
-3.9477826037816367e-04
-5.9477826037748109e-04
-8.1591202033267577e-04
-8.3614876311158281e-04
-8.5574508979756520e-04
-8.7453388525447436e-04
-8.9260003495374163e-04
-9.0997133260137405e-04
-7.0997152531639628e-04
-5.0997133226829384e-04
-3.0997133227323326e-04
-1.0997133227135498e-04
9.0028667581799410e-05
9.0028667581777604e-05
9.0028667581824496e-05
9.0028667582093229e-05
9.0028667582234284e-05
9.0028667582605650e-05
