0.0000000000000000e+00
2.0000000008949361e-04
4.0000000014708533e-04
6.0000000014722430e-04
8.2499986015243797e-04
1.0913458770231157e-03
1.1552256128874562e-03
1.2165088107855433e-03
1.2754892410272349e-03
1.3322011944001575e-03
1.3867319185722467e-03
1.1968576158993655e-03
9.9685758741353435e-04
7.9685761590331532e-04
5.9685761590223872e-04
3.9685761575628572e-04
3.9685761575685520e-04
3.9685761575694985e-04
3.9685761575697527e-04
3.9685761575652587e-04
3.9685761575645800e-04
1.9685761584476981e-04
-3.1423840980942158e-06
-2.0314238409841029e-04
-4.2051056405068292e-04
-6.7951861384214340e-04
-7.3617224214560250e-04
-7.9078524398944791e-04
-8.4324402462929691e-04
-8.9368516076244065e-04
-9.4218625298027260e-04
-7.4651422540200770e-04
-5.4651423203696799e-04
-3.4651422539822891e-04
-1.4651422539840053e-04
5.3485774454977884e-05
5.3485774453560303e-05
5.3485774454524579e-05
5.3485774454572446e-05
5.3485774454390470e-05
5.3485774454221477e-05
2.5348577454412438e-04
4.5348577460130524e-04
6.5348577460070095e-04
8.5661871236261092e-04
1.1019384634907183e-03
1.1456007863041345e-03
1.1874442538885211e-03
1.2277326375365126e-03
1.2664714688461161e-03
1.3037203449950314e-03
1.1037203324091537e-03
9.0372034597692766e-04
7.0372034597556679e-04
5.0372034597650551e-04
3.0372034583070327e-04
3.0372034583057473e-04
3.0372034583028249e-04
3.0372034582982821e-04
3.0372034582998661e-04
3.0372034582953883e-04
1.0372034591988218e-04
-9.6279654022827653e-05
-2.9627965402260689e-04
-4.9627965402321327e-04
-7.3793700600557433e-04
-7.7790720095741162e-04
-8.1647844966380818e-04
-8.5351242083115742e-04
-8.8912200907783278e-04
-9.2336199758825586e-04
-7.2336202181980656e-04
-5.2336199672615514e-04
-3.2336199672690716e-04
-1.2336199672616265e-04
7.6638003127468710e-05
7.6638003127111356e-05
7.6638003126768369e-05
7.6638003127144994e-05
7.6638003126522526e-05
7.6638003126283541e-05
2.7663800321641943e-04
4.7663800327306990e-04
6.7663800327316345e-04
8.7663800327271338e-04
1.1080870430689052e-03
1.1384116072567872e-03
1.1674306783269032e-03
1.1953879104377252e-03
1.2222698650477858e-03
1.2481178982809938e-03
1.0481178049624538e-03
8.4811789883226536e-04
6.4811789883036737e-04
4.4811789883058743e-04
2.4811789868511901e-04
2.4811789868493551e-04
2.4811789868429393e-04
2.4811789868382789e-04
2.4811789868427777e-04
2.4811789868392774e-04
4.8117898774025094e-05
-1.5188210116954867e-04
-3.5188210116915983e-04
-5.5188210116923983e-04
-7.8150765086225046e-04
-8.0990931510370803e-04
-8.3735667744689571e-04
-8.6369456931465025e-04
-8.8901946571164222e-04
-9.1337032746980403e-04
-7.1337043137353786e-04
-5.1337032696087144e-04
-3.1337032696356353e-04
-1.1337032696223843e-04
8.6629672890624066e-05
8.6629672890451597e-05
8.6629672890389757e-05
8.6629672890494735e-05
8.6629672891064903e-05
8.6629672891135742e-05
2.8662967298008154e-04
4.8662967303707381e-04
6.8662967303666092e-04
8.8662967303698508e-04
1.1083779011931087e-03
1.1293744047295884e-03
1.1494244323258728e-03
1.1687575839611302e-03
1.1873471533417181e-03
1.2052217392813989e-03
1.0052215467425954e-03
8.0522173962308886e-04
6.0522173961944010e-04
4.0522173962090135e-04
2.0522173947483727e-04
2.0522173947447564e-04
2.0522173947474422e-04
2.0522173947392665e-04
2.0522173947477829e-04
2.0522173947459048e-04
5.2217395645270284e-06
-1.9477826037865158e-04
-3.9477826037822357e-04
-5.9477826037829891e-04
-8.1591202033352254e-04
-8.3614876311243532e-04
-8.5574508979839939e-04
-8.7453388525566894e-04
-8.9260003495484773e-04
-9.0997133260223946e-04
-7.0997152531783274e-04
-5.0997133226924924e-04
-3.0997133227417159e-04
-1.0997133227314709e-04
9.0028667579752789e-05
9.0028667579985811e-05
9.0028667579676054e-05
9.0028667579954383e-05
9.0028667580157372e-05
9.0028667579907776e-05
