0.0000000000000000e+00
0.0000000000000000e+00
0.0000000000000000e+00
0.0000000000000000e+00
5.0000205378708000e-05
1.8269307186602642e-04
3.1033832608537442e-04
4.3301762454223488e-04
5.5097848654551778e-04
6.6440239265976367e-04
7.7346384071405572e-04
7.9371523151448029e-04
7.9371523151448029e-04
7.9371523151448029e-04
7.9371523151448029e-04
7.9371523151448029e-04
7.9371523151448029e-04
7.9371523151448029e-04
7.9371523151448029e-04
7.9371523151448029e-04
7.9371523151448029e-04
7.9371523151448029e-04
7.9371523151448029e-04
7.9371523151448029e-04
8.2845137105832872e-04
9.4646639938620160e-04
1.0598866813244282e-03
1.1690009472815450e-03
1.2739185094879110e-03
1.3748007814388583e-03
1.4718029661099244e-03
1.4804589141146479e-03
1.4804589141146479e-03
1.4804589141146479e-03
1.4804589141146479e-03
1.4804589141146479e-03
1.4804589141146479e-03
1.4804589141146479e-03
1.4804589141146479e-03
1.4804589141146479e-03
1.4804589141146479e-03
1.4804589141146479e-03
1.4804589141146479e-03
1.4804589141146479e-03
1.4867247985472414e-03
1.5773656608345345e-03
1.6645760332285537e-03
1.7483758738513907e-03
1.8289526423921991e-03
1.9064303047036002e-03
1.9809280568644492e-03
1.9809280568644492e-03
1.9809280568644492e-03
1.9809280568644492e-03
1.9809280568644492e-03
1.9809280568644492e-03
1.9809280568644492e-03
1.9809280568644492e-03
1.9809280568644492e-03
1.9809280568644492e-03
1.9809280568644492e-03
1.9809280568644492e-03
1.9809280568644492e-03
1.9809280568644492e-03
1.9809280568644492e-03
2.0642414658331842e-03
2.1442949847867167e-03
2.2213256461734573e-03
2.2953935889661273e-03
2.3666127651361551e-03
2.4350927422741044e-03
2.4350927422741044e-03
2.4350927422741044e-03
2.4350927422741044e-03
2.4350927422741044e-03
2.4350927422741044e-03
2.4350927422741044e-03
2.4350927422741044e-03
2.4350927422741044e-03
2.4350927422741044e-03
2.4350927422741044e-03
2.4350927422741044e-03
2.4350927422741044e-03
2.4350927422741044e-03
2.4350927422741044e-03
2.4979915861523486e-03
2.5585270478137847e-03
2.6166780926360537e-03
2.6725925579011737e-03
2.7263564669893136e-03
2.7780525333906624e-03
2.7780525333906624e-03
2.7780525333906624e-03
2.7780525333906624e-03
2.7780525333906624e-03
2.7780525333906624e-03
2.7780525333906624e-03
2.7780525333906624e-03
2.7780525333906624e-03
2.7780525333906624e-03
2.7780525333906624e-03
2.7780525333906624e-03
2.7780525333906624e-03
2.7780525333906624e-03
2.7780525333906624e-03
2.8373029818104674e-03
2.8942188691618853e-03
2.9490016850190291e-03
3.0016774689120666e-03
3.0523272614041033e-03
3.1010289849801526e-03
3.1010289849801526e-03
3.1010289849801526e-03
3.1010289849801526e-03
3.1010289849801526e-03
3.1010289849801526e-03
3.1010289849801526e-03
3.1010289849801526e-03
3.1010289849801526e-03
3.1010289849801526e-03
3.1010289849801526e-03
3.1010289849801526e-03
3.1010289849801526e-03
3.1010289849801526e-03
3.1010289849801526e-03
3.1445258099392511e-03
3.1864055464020831e-03
3.2266185034068575e-03
3.2652848075650624e-03
3.3024639462996574e-03
3.3382131181457697e-03
3.3382131181457697e-03
3.3382131181457697e-03
3.3382131181457697e-03
3.3382131181457697e-03
3.3382131181457697e-03
3.3382131181457697e-03
3.3382131181457697e-03
3.3382131181457697e-03
3.3382131181457697e-03
3.3382131181457697e-03
3.3382131181457697e-03
3.3382131181457697e-03
3.3382131181457697e-03
3.3382131181457697e-03
3.3804803096302502e-03
3.4210660816973442e-03
3.4601467766131118e-03
3.4977243674853362e-03
3.5338566666087154e-03
3.5685992619329554e-03
3.5685992619329554e-03
3.5685992619329554e-03
3.5685992619329554e-03
3.5685992619329554e-03
3.5685992619329554e-03
3.5685992619329554e-03
3.5685992619329554e-03
3.5685992619329554e-03
3.5685992619329554e-03
3.5685992619329554e-03
