0.0000000000000000e+00
8.8000000037636184e+01
1.7600000003489035e+02
2.6400000003489691e+02
3.5200021359385607e+02
4.4000058936195933e+02
4.4005878726276268e+02
4.4000000343854958e+02
4.4000000146510331e+02
4.4000000182063610e+02
4.4000000168285413e+02
3.5200000006100368e+02
2.6400004306857562e+02
1.7600000003491232e+02
8.8000000034702509e+01
4.7459687471912663e-11
2.7435867832108079e-11
5.9662265603715702e-11
6.7651860330693672e-11
6.6425531565174290e-11
1.1716687211638069e-10
8.7999999962424710e+01
1.7599999996521728e+02
2.6399999996521035e+02
3.5199988975589201e+02
4.3999937967303106e+02
4.3994144456091311e+02
4.3999999921808956e+02
4.3999999795559296e+02
4.3999999857821183e+02
4.3999999868517273e+02
3.5199999993902003e+02
2.6399999362309558e+02
1.7599999996516374e+02
8.7999999965179143e+01
3.0540768077436328e-11
9.6438977588567133e-11
4.6876300495101253e-11
4.0243397270084724e-11
2.9625660895194977e-11
4.1456242942535130e-11
8.8000000037534107e+01
1.7600000003485323e+02
2.6400000003484308e+02
3.5200000272247962e+02
4.4000061506867075e+02
4.4005854007115857e+02
4.4000000192488829e+02
4.4000000058449308e+02
4.4000000084754140e+02
4.4000000078342288e+02
3.5200001462924433e+02
2.6400000003467818e+02
1.7600000003460173e+02
8.8000000034641630e+01
7.1324765968462864e-11
1.0664139049101428e-10
1.4759883337263461e-10
1.5487816142976438e-10
1.5357558460908520e-10
2.2660447829111330e-10
8.7999999962743786e+01
1.7599999996542502e+02
2.6399999996540453e+02
3.5199999996548041e+02
4.3999938011677665e+02
4.3994163085971547e+02
4.3999999974839312e+02
4.3999999886602893e+02
4.3999999929018838e+02
4.3999999934362785e+02
3.5199996199154373e+02
2.6399999996509246e+02
1.7599999996530647e+02
8.7999999965208232e+01
1.4425724063666806e-10
5.1281763094941451e-11
-4.0624234038210845e-11
-7.9259771493348802e-11
-1.8041152102497510e-11
-1.5001832305980930e-11
8.8000000037576541e+01
1.7600000003486565e+02
2.6400000003485843e+02
3.5200000003483518e+02
4.4000033996414010e+02
4.4005837621379095e+02
4.4000000116751511e+02
4.4000000022097100e+02
4.4000000040751354e+02
4.4000000037677916e+02
3.5200011501156536e+02
2.6400000003508194e+02
1.7600000003462176e+02
8.8000000034768988e+01
-3.7197810147344236e-11
2.4235977588740621e-11
4.1587757870536095e-11
1.1252258029678005e-10
1.6763195851717113e-10
2.3511547665235703e-10
8.7999999962526616e+01
1.7599999996525503e+02
2.6399999996525548e+02
3.5199999996530619e+02
4.3999968438460792e+02
4.3994175881027439e+02
4.3999999995028969e+02
4.3999999934190231e+02
4.3999999964058554e+02
4.3999999966763744e+02
3.5199985241600695e+02
2.6399999996476623e+02
1.7599999996539105e+02
8.7999999965174112e+01
6.4511437045836806e-11
-4.2199057346979841e-12
2.9591755140920903e-11
5.9884168750349421e-11
6.3780758840864089e-11
8.8050260441654777e-11
8.8000000037514468e+01
1.7600000003473502e+02
2.6400000003469279e+02
3.5200000003470757e+02
4.4000016096468113e+02
4.4005826192692871e+02
4.4000000074906188e+02
4.4000000006882283e+02
4.4000000019459310e+02
4.4000000017995654e+02
3.5200024178819325e+02
2.6400000003546626e+02
1.7600000003445859e+02
8.8000000034807698e+01
4.3823324544442708e-11
4.4899633590506904e-11
3.9564730843146866e-11
1.0238778131179146e-11
1.8467354738208616e-11
4.0747502811151850e-11
8.7999999962405354e+01
1.7599999996514435e+02
2.6399999996513986e+02
3.5199999996510269e+02
4.3999983789876228e+02
4.3994184936405816e+02
4.4000000000936137e+02
4.3999999960070778e+02
4.3999999981679974e+02
4.3999999983062946e+02
3.5199973198389682e+02
2.6399999996433718e+02
1.7599999996541379e+02
8.7999999965060411e+01
2.5263956669403625e-11
1.0569461053297085e-10
1.4006617388860944e-10
1.9967855209757561e-10
2.1672182674258845e-10
2.8956042557877963e-10
