0.0000000000000000e+00
8.7048282883939981e-10
1.4840656822002558e-08
1.4842085916000820e-08
-1.6015512991204820e-04
-4.3964136133047444e-04
-1.6974665588579466e-02
-2.0462100753893482e-06
-1.2266886283251854e-06
-1.3350006888775868e-06
-1.2342331339142895e-06
5.9419225760283485e-10
-2.7769936319085536e-05
1.4560640652684955e-08
1.4539082527240237e-08
-2.1581072100745845e-10
-2.0544280153835825e-10
-3.3168214665076974e-10
-3.1895451311227471e-10
-3.6993223577362549e-10
-3.6305674418682109e-10
5.8703794926440352e-10
1.4404078620685014e-08
1.4459894670449631e-08
-7.9329913166267319e-05
-4.5220939764933617e-04
-1.6986978965245467e-02
-8.0072677410545247e-07
-1.3300545662753119e-06
-1.0535476071557746e-06
-9.7412243879049159e-07
5.6984134257570244e-10
-4.6170376446316077e-06
1.4490408628518568e-08
1.4504786615478410e-08
-3.5740976733984678e-10
-4.4043332765344990e-10
-4.5691488411826013e-10
-3.9570830597150514e-10
-4.0661537162261945e-10
-4.1769874136741825e-10
3.7591707996131318e-10
1.4416809107676307e-08
1.4379808198350614e-08
-2.3094776665725030e-06
-4.5808597034667199e-04
-1.6850531655758238e-02
-1.0585454342721337e-06
-5.2512263920221209e-07
-6.2291097964544516e-07
-5.7586121866408462e-07
-1.0267593542203991e-05
1.4469093505933367e-08
1.4442215516008306e-08
1.4500417891727072e-08
-6.5776522244667269e-11
9.6311279659770711e-12
3.7572387227211393e-11
3.4062307895458825e-11
5.4960085675391433e-11
7.5889671610385408e-11
9.7455262516271399e-10
1.4925821335319568e-08
1.4874128035707087e-08
1.4977545402240645e-08
-4.5235897261804284e-04
-1.6882792001748123e-02
-3.1055832523470130e-07
-7.0140877597455707e-07
-5.2485131805026871e-07
-4.8519420208907628e-07
-2.4492099873719241e-05
1.5258489929116297e-08
1.5193036521756173e-08
1.5331594284943201e-08
4.7909200718083375e-10
4.2514353238886638e-10
4.2439944370209387e-10
6.1500757529928323e-10
7.3173011792223390e-10
7.4094107908143039e-10
1.3123816752533057e-09
1.5348444173257091e-08
1.5319886477169265e-08
1.5237479512691553e-08
-2.5402103361379708e-04
-1.6768807315001057e-02
-5.7913205010414778e-07
-2.2070109036698049e-07
-2.9953916788569390e-07
-2.7688614362033741e-07
-7.8124354724343255e-05
1.5129337661547337e-08
1.4989369746793048e-08
1.5005258014111933e-08
3.5111690507797236e-10
3.0770861940536718e-10
2.1824326576564818e-10
1.3840605202823618e-10
1.6552164055879838e-10
1.5702752996077567e-10
1.2634438117481821e-09
1.5067723358236270e-08
1.5055777199105839e-08
1.5081101407839112e-08
-2.2938150567237460e-04
-1.6810693185195551e-02
-9.4412470352834469e-08
-3.8124816929688127e-07
-2.6518715420994618e-07
-2.4512050072111713e-07
-9.6729620762225384e-05
1.5459956187079833e-08
1.5255190378757057e-08
1.5270750600943143e-08
3.7523581657439644e-10
3.1521154182340197e-10
3.1004697078964551e-10
3.3058173293657918e-10
3.4554798300893390e-10
3.3392762603328390e-10
1.2489253804871844e-09
1.5121190250286140e-08
1.5226261010335612e-08
1.5198288646589218e-08
-1.2100080371316255e-04
-1.6711714889397964e-02
-3.2526606387144440e-07
-8.2786426807651032e-08
-1.4276029805669304e-07
-1.3190986515631626e-07
-1.6329445204283087e-04
1.5541779364085075e-08
1.5134627948891498e-08
1.5366756209768265e-08
6.9576429982463431e-10
6.4846272841415571e-10
6.7494115852972197e-10
5.9180720599093312e-10
5.9654436959418800e-10
5.9677694115687929e-10
1.4020028475733141e-09
1.5363879930563527e-08
1.5394883106199789e-08
1.5471050885430145e-08
-1.1714456180217733e-04
-1.6759895886607670e-02
-3.4154664684771048e-09
-2.1233732384831431e-07
-1.3452997157645105e-07
-1.2441748201815940e-07
-1.7644512370483970e-04
1.5701995915077287e-08
1.5165134895566486e-08
1.5353621673635659e-08
5.0508702147040424e-10
5.2486479106241757e-10
4.9295482450965532e-10
5.1367356953633086e-10
5.0839633114319743e-10
5.1477522280887629e-10
