0.0000000000000000e+00
8.7048282883939981e-10
1.4867776085481542e-08
1.4886036479351234e-08
-1.6015509538519357e-04
-4.3964130599438342e-04
-1.6974665573079157e-02
-2.0461512844451441e-06
-1.2266495717982951e-06
-1.3349629632697054e-06
-1.2341904019383050e-06
6.5571139000867877e-10
-2.7769972207559200e-05
1.4562231197252749e-08
1.4471975246910282e-08
-2.6691346034872846e-10
-2.0375582735069548e-10
-2.7720755129177235e-10
-2.7431726392455514e-10
-3.2925117874297572e-10
-2.9589869578624071e-10
4.7027673250556974e-10
1.4372458268110929e-08
1.4344958996793820e-08
-7.9330009974130193e-05
-4.5220949666504597e-04
-1.6986979096614115e-02
-8.0086216204305034e-07
-1.3301796678268880e-06
-1.0536016388593210e-06
-9.7421904234809197e-07
4.6430083334472778e-10
-4.6171529406136944e-06
1.4383005732228757e-08
1.4404100780700341e-08
-4.3455149943134246e-10
-6.1508724739933190e-10
-5.4099900886757705e-10
-5.1385128331803625e-10
-5.3219677373535343e-10
-5.5272240321476339e-10
3.7208192627959672e-10
1.4329047835714047e-08
1.4251758727025529e-08
-2.3096087808755063e-06
-4.5808609166159278e-04
-1.6850531769095622e-02
-1.0586317127515897e-06
-5.2527288188591394e-07
-6.2297809831716298e-07
-5.7591617917850404e-07
-1.0267676949912923e-05
1.4455597123807560e-08
1.4300529596780156e-08
1.4407321024108804e-08
-2.1579552345696179e-10
-1.9314066631948050e-10
-2.1155608506878575e-10
-2.5066659690193742e-10
-2.2150126892488661e-10
-2.5543768703205518e-10
7.6910195337710099e-10
1.4720766533582244e-08
1.4708247858384735e-08
1.4720061235968296e-08
-4.5235920510412460e-04
-1.6882792256737330e-02
-3.1078987801178792e-07
-7.0161978591860127e-07
-5.2508696240826553e-07
-4.8544666196411588e-07
-2.4492409624808748e-05
1.4957074911377014e-08
1.4888336093466870e-08
1.5018173161999658e-08
2.2832851870249863e-10
1.5582276319653019e-10
1.1821872613216292e-10
2.4400758722520882e-10
2.3312662375153368e-10
2.2705080560384534e-10
1.0261756534076710e-09
1.4944066056816729e-08
1.4938358913334563e-08
1.4847892613884747e-08
-2.5402129180553015e-04
-1.6768807556346792e-02
-5.7939553852985789e-07
-2.2091214651391142e-07
-2.9970433541169901e-07
-2.7712945128697102e-07
-7.8124579161302656e-05
1.4946896610839823e-08
1.4763504317145788e-08
1.4764374172955802e-08
1.2695848033050102e-10
1.1361833329732332e-10
9.2993505888066108e-13
-3.3323651266104677e-11
1.6858334621188767e-11
-3.3315576197456271e-11
1.0794596483497906e-09
1.4873996825687661e-08
1.4928157736255070e-08
1.4914051965544699e-08
-2.2938168729807890e-04
-1.6810693340369505e-02
-9.4552656350607632e-08
-3.8141223366011583e-07
-2.6530548232121258e-07
-2.4521896433028374e-07
-9.6729798139227386e-05
1.5320091029714740e-08
1.5086587381958710e-08
1.5191494874205267e-08
2.9962986694907311e-10
2.4665920002221079e-10
2.5034437895641344e-10
2.6688836830787071e-10
3.4727360254376458e-10
3.3612329606470415e-10
1.1869247852004949e-09
1.5079417920503992e-08
1.5096874288035697e-08
1.5114733066437262e-08
-1.2100096135065875e-04
-1.6711715005433416e-02
-3.2538784265652469e-07
-8.2910258683229377e-08
-1.4288450394763423e-07
-1.3198925225746500e-07
-1.6329459305228645e-04
1.5434794492693899e-08
1.5053098440736995e-08
1.5255514414022798e-08
5.0575568900296410e-10
4.7709195247195497e-10
5.1435361788750612e-10
4.0097474650347775e-10
4.8872066362131761e-10
4.5775794357477548e-10
1.3597776187360459e-09
1.5282835304691667e-08
1.5350213876248748e-08
1.5373903331097789e-08
-1.1714466668728834e-04
-1.6759895991884204e-02
-3.5177078476899124e-09
-2.1246096030632663e-07
-1.3466373159675978e-07
-1.2453129403844029e-07
-1.7644528645515103e-04
1.5596529627993343e-08
1.5061070115781977e-08
1.5158500399659810e-08
3.0204891395779506e-10
3.2274716517106445e-10
2.9535561518732400e-10
3.0053314936818628e-10
3.0224936197834322e-10
2.5777719214832832e-10
