0.0000000000000000e+00
-8.8000000036765698e+01
-1.7600000002003617e+02
-2.6400000002003287e+02
-3.5200037374896874e+02
-4.4000102900329290e+02
-4.4007576192834347e+02
-4.4000000548473008e+02
-4.4000000269177264e+02
-4.4000000315561795e+02
-4.4000000291706579e+02
-3.5200000006037862e+02
-2.6400007083853029e+02
-1.7600000002035083e+02
-8.8000000020196978e+01
-2.2155275646100814e-10
-2.5664432239330562e-10
-3.7527937951480480e-10
-3.9416961741205136e-10
-3.9090907891828013e-10
-3.4832332198314851e-10
8.7999999962953382e+01
1.7599999997960555e+02
2.6399999997961288e+02
3.5199981042593038e+02
4.3999892746358398e+02
4.3992445758188211e+02
4.3999999841729499e+02
4.3999999662547566e+02
4.3999999752463742e+02
4.3999999771100187e+02
3.5199999993953696e+02
2.6399998900600036e+02
1.7599999997960040e+02
8.7999999979633628e+01
-3.2149868227221012e-10
-4.2288027917927563e-10
-4.3518740427543915e-10
-4.1510531880317265e-10
-4.4184608537538491e-10
-4.9229147382934020e-10
-8.8000000037160135e+01
-1.7600000002048026e+02
-2.6400000002052730e+02
-3.5200000503202261e+02
-4.4000107315470177e+02
-4.4007539060287093e+02
-4.4000000298347658e+02
-4.4000000110969108e+02
-4.4000000147048604e+02
-4.4000000135931140e+02
-3.5200002489687949e+02
-2.6400000002021591e+02
-1.7600000002023035e+02
-8.8000000020187741e+01
-1.6347494214552383e-11
3.1145152097828599e-11
8.8349397228091711e-11
1.7186716389502069e-11
5.8717010164094576e-11
1.2117253099384508e-10
8.7999999963615622e+01
1.7599999998024830e+02
2.6399999998019564e+02
3.5199999998032911e+02
4.3999892775768791e+02
4.3992474806758605e+02
4.3999999943771923e+02
4.3999999816451486e+02
4.3999999876521912e+02
4.3999999885830738e+02
3.5199993749928899e+02
2.6399999998020007e+02
1.7599999998034718e+02
8.7999999980383109e+01
4.1982453256254264e-10
3.4281618894236883e-10
3.1547151197301602e-10
4.8510267425850727e-10
5.2613147081263015e-10
5.3357262257623214e-10
-8.8000000036407229e+01
-1.7600000001971938e+02
-2.6400000001972938e+02
-3.5200000001979265e+02
-4.4000059398530283e+02
-4.4007514502122672e+02
-4.4000000174677865e+02
-4.4000000044177779e+02
-4.4000000070713520e+02
-4.4000000065378720e+02
-3.5200019313603235e+02
-2.6400000002004390e+02
-1.7600000001974536e+02
-8.8000000019884126e+01
2.5275577031493412e-10
2.4249617825733345e-10
1.4811826641648176e-10
1.0300876660985188e-10
1.4544022260448979e-10
6.7814163092869095e-11
8.7999999963698031e+01
1.7599999998022582e+02
2.6399999998024759e+02
3.5199999998030358e+02
4.3999945500301124e+02
4.3992494811701187e+02
4.3999999985580712e+02
4.3999999896057199e+02
4.3999999937533886e+02
4.3999999942246802e+02
3.5199975568629748e+02
2.6399999998015630e+02
1.7599999998056205e+02
8.7999999980405306e+01
4.5139325296671768e-10
3.4691654073338254e-10
3.5809541291278512e-10
3.9225981252794241e-10
4.1384644631996752e-10
3.8673001376947240e-10
-8.8000000036296512e+01
-1.7600000001963477e+02
-2.6400000001953134e+02
-3.5200000001955118e+02
-4.4000028196556354e+02
-4.4007497364187628e+02
-4.4000000107438848e+02
-4.4000000015167120e+02
-4.4000000033741537e+02
-4.4000000031190615e+02
-3.5200040508271582e+02
-2.6400000001997807e+02
-1.7600000001936476e+02
-8.8000000019496611e+01
5.6131475397140451e-10
5.2660863867449512e-10
5.6220432780615865e-10
4.7244084633219404e-10
4.8986984504898958e-10
4.6891627080543021e-10
8.7999999963786223e+01
1.7599999998046766e+02
2.6399999998051226e+02
3.5199999998052505e+02
4.3999972075414803e+02
4.3992508946811893e+02
4.4000000000589466e+02
4.3999999938830865e+02
4.3999999968220254e+02
4.3999999970615499e+02
3.5199955553869177e+02
2.6399999997998657e+02
1.7599999998052698e+02
8.7999999980316460e+01
3.9272189004662849e-10
4.0823919188198989e-10
3.5762862898060234e-10
3.0092327747468099e-10
2.7395317008046547e-10
2.0660443694658141e-10
