2.9999999999999983e+02
2.9999999999999983e+02
2.9999999999999983e+02
2.9999999999999983e+02
3.5150021154006902e+02
4.3817365864329918e+02
4.3695540400190896e+02
4.3566982719312733e+02
4.3449021659964853e+02
4.3335597789403852e+02
4.3226536327571353e+02
3.4406284774585902e+02
3.2381145694543420e+02
3.2381145694543420e+02
3.2381145694543420e+02
3.2381145694543420e+02
3.2381145694543420e+02
3.2381145694543420e+02
3.2381145694543420e+02
3.2381145694543420e+02
3.2381145694543420e+02
3.2381145694543420e+02
3.2381145694543420e+02
3.2381145694543420e+02
3.5958968067559812e+02
4.4640902030945847e+02
4.4521688237795848e+02
4.4418429437556352e+02
4.4313511749100303e+02
4.4212629539411284e+02
4.4115627365436285e+02
3.5306971542816308e+02
3.4441376742343914e+02
3.4441376742343914e+02
3.4441376742343914e+02
3.4441376742343914e+02
3.4441376742343914e+02
3.4441376742343914e+02
3.4441376742343914e+02
3.4441376742343914e+02
3.4441376742343914e+02
3.4441376742343914e+02
3.4441376742343914e+02
3.4441376742343914e+02
3.5086762838901018e+02
4.3796183211232892e+02
4.3714765339087637e+02
4.3625111683837758e+02
4.3544534781257465e+02
4.3467057145250874e+02
4.3392559386678192e+02
3.5942784170593325e+02
3.5942784170593325e+02
3.5942784170593325e+02
3.5942784170593325e+02
3.5942784170593325e+02
3.5942784170593325e+02
3.5942784170593325e+02
3.5942784170593325e+02
3.5942784170593325e+02
3.5942784170593325e+02
3.5942784170593325e+02
3.5942784170593325e+02
3.5942784170593325e+02
3.5942784170593325e+02
4.4524065294373025e+02
4.4438236849713400e+02
4.4367043077194438e+02
4.4292975046165338e+02
4.4221755912411254e+02
4.4153275940617266e+02
3.7305278226822293e+02
3.7305278226822293e+02
3.7305278226822293e+02
3.7305278226822293e+02
3.7305278226822293e+02
3.7305278226822293e+02
3.7305278226822293e+02
3.7305278226822293e+02
3.7305278226822293e+02
3.7305278226822293e+02
3.7305278226822293e+02
3.7305278226822293e+02
3.7305278226822293e+02
3.7305278226822293e+02
4.3783859146281361e+02
4.3729127309584982e+02
4.3665138760135085e+02
4.3609224200215579e+02
4.3555460309781665e+02
4.3503764240306953e+02
3.8334157600171966e+02
3.8334157600171966e+02
3.8334157600171966e+02
3.8334157600171966e+02
3.8334157600171966e+02
3.8334157600171966e+02
3.8334157600171966e+02
3.8334157600171966e+02
3.8334157600171966e+02
3.8334157600171966e+02
3.8334157600171966e+02
3.8334157600171966e+02
3.8334157600171966e+02
3.8334157600171966e+02
4.4436953787411994e+02
4.4374245342627211e+02
4.4325286640771606e+02
4.4272610796039845e+02
4.4221961033416125e+02
4.4173259312545275e+02
3.9303086954940420e+02
3.9303086954940420e+02
3.9303086954940420e+02
3.9303086954940420e+02
3.9303086954940420e+02
3.9303086954940420e+02
3.9303086954940420e+02
3.9303086954940420e+02
3.9303086954940420e+02
3.9303086954940420e+02
3.9303086954940420e+02
3.9303086954940420e+02
3.9303086954940420e+02
3.9303086954940420e+02
4.3783259925727515e+02
4.3747190285489449e+02
4.3701151210697969e+02
4.3662484838515832e+02
4.3625305712358261e+02
4.3589556539048579e+02
4.0014639354437293e+02
4.0014639354437293e+02
4.0014639354437293e+02
4.0014639354437293e+02
4.0014639354437293e+02
4.0014639354437293e+02
4.0014639354437293e+02
4.0014639354437293e+02
4.0014639354437293e+02
4.0014639354437293e+02
4.0014639354437293e+02
4.0014639354437293e+02
4.0014639354437293e+02
4.0014639354437293e+02
4.4368160077338899e+02
4.4321775451801352e+02
4.4288509821415931e+02
4.4250932189678343e+02
4.4214799912164131e+02
4.4180057318222862e+02
4.0705797785798842e+02
4.0705797785798842e+02
4.0705797785798842e+02
4.0705797785798842e+02
4.0705797785798842e+02
4.0705797785798842e+02
4.0705797785798842e+02
4.0705797785798842e+02
4.0705797785798842e+02
4.0705797785798842e+02
