0.0000000000000000e+00
-4.0000000002097868e-04
-8.0000000001612494e-04
-1.2001600640391729e-03
-1.6000000001420945e-03
-1.9999998721693217e-03
-2.4001598081227035e-03
-3.0000413928144248e-03
-4.5000000017223207e-03
-6.0000000117777143e-03
-7.5000000122521747e-03
-7.1000000115215385e-03
-6.7001599468192573e-03
-6.3000000104324275e-03
-5.9000001379709852e-03
-5.5001602014358043e-03
-5.1000000104329500e-03
-4.6999998835583773e-03
-4.3000000103072603e-03
-3.9000000103071100e-03
-3.5000000103073111e-03
-3.1000000103079978e-03
-2.7000000103071502e-03
-2.3001599463347024e-03
-1.9000000104323564e-03
-1.5000001384540291e-03
-1.1001602024014508e-03
-7.0000001043189937e-04
-2.9999988259211459e-04
9.9840309117490319e-05
4.9952069254379395e-04
9.9999988399231292e-05
-2.9968039633596495e-04
-7.0000001043194003e-04
-1.1000000104322677e-03
-1.5001600744605564e-03
-1.9000000104333194e-03
-2.2999998823302827e-03
-2.7000000103076099e-03
-3.1000000103079579e-03
-3.5000000103072131e-03
-3.9000000103065441e-03
-4.3000000103067225e-03
-4.7001600743344493e-03
-5.1000000104315232e-03
-5.4999998824543164e-03
-5.9001598184023878e-03
-6.3000000104318230e-03
-6.7000001385916124e-03
-7.1001603308805854e-03
-7.5004807154542604e-03
-7.1002306079398702e-03
-6.7001406364818033e-03
-6.3002306066169567e-03
-5.9002306066545723e-03
-5.5003905427196409e-03
-5.1002306068192822e-03
-4.7002307348440985e-03
-4.3002306066941137e-03
-3.9002306066944709e-03
-3.5002306066937569e-03
-3.1002306066937797e-03
-2.7002306066939751e-03
-2.3003905427221014e-03
-1.9002306068189015e-03
-1.5002307348417007e-03
-1.1003907987888824e-03
-7.0023060681941485e-04
-3.0023047897983465e-04
9.9609712730052956e-05
4.9929009615619347e-04
9.9769392010788278e-05
-2.9991099272595105e-04
-7.0023060681867152e-04
-1.1002306068191383e-03
-1.5003906708474480e-03
-1.9002306068196129e-03
-2.3002304787174848e-03
-2.7002306066945519e-03
-3.1002306066947464e-03
-3.5002306066943922e-03
-3.9002306066939795e-03
-4.3002306066947434e-03
-4.7003906707225058e-03
-5.1002306068194227e-03
-5.5002304788415793e-03
-5.9003904147892396e-03
-6.3002306068189497e-03
-6.7002307349786228e-03
-7.1003909272688891e-03
-7.5007113118432441e-03
-7.1004075772628846e-03
-6.7002640216438647e-03
-6.3004075759403935e-03
-5.9004075760032025e-03
-5.5005675120938548e-03
-5.1004075761405887e-03
-4.7004077041126581e-03
-4.3004075760161133e-03
-3.9004075760163274e-03
-3.5004075760172444e-03
-3.1004075760168140e-03
-2.7004075760169899e-03
-2.3005675120448118e-03
-1.9004075761415913e-03
-1.5004077041643742e-03
-1.1005677681119113e-03
-7.0040757614179606e-04
-3.0040744830226102e-04
9.9432743407075217e-05
4.9911312683376314e-04
9.9592422687679310e-05
-3.0008796204852932e-04
-7.0040757614126090e-04
-1.1004075761417399e-03
-1.5005676401699053e-03
-1.9004075761423469e-03
-2.3004074480398890e-03
-2.7004075760173833e-03
-3.1004075760173704e-03
-3.5004075760173936e-03
-3.9004075760171873e-03
-4.3004075760169971e-03
-4.7005676400442573e-03
-5.1004075761419028e-03
-5.5004074481644315e-03
-5.9005673841120241e-03
-6.3004075761410950e-03
-6.7004077043004142e-03
-7.1005678965896275e-03
-7.5008882811630649e-03
-7.1005433909289949e-03
-6.7003587125873338e-03
-6.3005433896250549e-03
-5.9005433896930273e-03
-5.5007033257890381e-03
-5.1005433898055922e-03
-4.7005435177472597e-03
-4.3005433896806354e-03
-3.9005433896806127e-03
-3.5005433896803618e-03
-3.1005433896801131e-03
-2.7005433896808142e-03
-2.3007033257090516e-03
-1.9005433898062315e-03
-1.5005435178284438e-03
-1.1007035817751972e-03
-7.0054338980602652e-04
-3.0054326196726013e-04
9.9296929741796145e-05
4.9897731316724350e-04
9.9456609024037450e-05
-3.0022377571072641e-04
-7.0054338980460947e-04
-1.1005433898049830e-03
-1.5007034538326398e-03
-1.9005433898047258e-03
-2.3005432617024526e-03
-2.7005433896800371e-03
-3.1005433896799323e-03
-3.5005433896804941e-03
