0.0000000000000000e+00
1.0000000000568904e-04
2.0000000000893988e-04
2.9999000101229645e-04
4.0000000008175190e-04
4.9999999815219468e-04
5.9998999722285398e-04
8.0000295490102854e-04
1.4500000008256565e-03
2.1000000076001894e-03
2.7500000078605909e-03
2.6500000058717241e-03
2.5499900028811487e-03
2.4500000052259342e-03
2.3500000085720551e-03
2.2499900109186925e-03
2.1500000052259035e-03
2.0500000005330482e-03
1.9500000051528616e-03
1.8500000051532356e-03
1.7500000051531525e-03
1.6500000051521938e-03
1.5500000051527985e-03
1.4499900041519307e-03
1.3500000052244900e-03
1.2500000072979368e-03
1.1499900083717697e-03
1.0500000052247021e-03
9.5000000307742644e-04
8.4998999992954964e-04
7.4996999378109731e-04
8.5000000590858315e-04
9.5002001303276041e-04
1.0500000052258433e-03
1.1500000052259251e-03
1.2499900062261078e-03
1.3500000052254913e-03
1.4500000032258446e-03
1.5500000051526864e-03
1.6500000051527706e-03
1.7500000051528749e-03
1.8500000051533479e-03
1.9500000051531508e-03
2.0499900061538875e-03
2.1500000052264551e-03
2.2500000033003559e-03
2.3499900023734041e-03
2.4500000052256263e-03
2.5500000070772621e-03
2.6499900099291032e-03
2.7499700157793960e-03
2.6501153040790946e-03
2.5502506204191575e-03
2.4501153033608647e-03
2.3501153033932990e-03
2.2501053024260084e-03
2.1501153034179212e-03
2.0501153054100630e-03
1.9501153033440338e-03
1.8501153033441313e-03
1.7501153033443340e-03
1.6501153033444181e-03
1.5501153033444862e-03
1.4501053023446709e-03
1.3501153034185700e-03
1.2501153054918156e-03
1.1501053065660067e-03
1.0501153034180883e-03
9.5011530127041808e-04
8.5010529812168379e-04
7.5008529197175629e-04
8.5011530410170012e-04
9.5013531122954448e-04
1.0501153034187284e-03
1.1501153034186751e-03
1.2501053044188912e-03
1.3501153034181181e-03
1.4501153014189823e-03
1.5501153033446713e-03
1.6501153033451751e-03
1.7501153033457294e-03
1.8501153033459610e-03
1.9501153033458034e-03
2.0501053043448995e-03
2.1501153034184637e-03
2.2501153014925558e-03
2.3501053005667589e-03
2.4501153034188093e-03
2.5501153052685799e-03
2.6501053081189009e-03
2.7500853139686759e-03
2.6502037887389139e-03
2.5503122861937387e-03
2.4502037880364254e-03
2.3502037880591149e-03
2.2501937870814154e-03
2.1502037880763583e-03
2.0502037900723201e-03
1.9502037880038503e-03
1.8502037880040415e-03
1.7502037880042117e-03
1.6502037880046852e-03
1.5502037880049258e-03
1.4501937870046702e-03
1.3502037880775033e-03
1.2502037901508075e-03
1.1501937912238905e-03
1.0502037880783298e-03
9.5020378593186434e-04
8.5019378278400782e-04
7.5017377663482527e-04
8.5020378876201513e-04
9.5022379588705194e-04
1.0502037880776621e-03
1.1502037880779528e-03
1.2501937890781469e-03
1.3502037880784869e-03
1.4502037860786385e-03
1.5502037880050254e-03
1.6502037880053437e-03
1.7502037880056714e-03
1.8502037880050422e-03
1.9502037880049252e-03
2.0501937890053047e-03
2.1502037880781026e-03
2.2502037861508212e-03
2.3501937852247442e-03
2.4502037880779195e-03
2.5502037899310000e-03
2.6501937927839335e-03
2.7501737986353491e-03
2.6502716955700586e-03
2.5503596110787127e-03
2.4502716948793897e-03
2.3502716948950787e-03
2.2502616939114204e-03
2.1502716949083974e-03
2.0502716969055933e-03
1.9502716948361677e-03
1.8502716948363947e-03
1.7502716948363563e-03
1.6502716948366730e-03
1.5502716948360578e-03
1.4502616938354047e-03
1.3502716949085646e-03
1.2502716969819759e-03
1.1502616980561503e-03
1.0502716949085402e-03
9.5027169276000532e-04
8.5026168961177084e-04
7.5024168346236007e-04
8.5027169559182447e-04
9.5029170272003833e-04
1.0502716949079692e-03
1.1502716949079838e-03
1.2502616959077068e-03
1.3502716949087318e-03
1.4502716929098150e-03
1.5502716948358113e-03
1.6502716948362216e-03
1.7502716948365241e-03
