0.0000000000000000e+00
1.0000000000565927e-04
2.0000000000928119e-04
2.9999000101309345e-04
4.0000000008233764e-04
4.9999999815223306e-04
5.9998999722191127e-04
8.0000295490134860e-04
1.4500000008264055e-03
2.1000000076009618e-03
2.7500000078615116e-03
2.6500000058725464e-03
2.5499900028823114e-03
2.4500000052271138e-03
2.3500000085728001e-03
2.2499900109193300e-03
2.1500000052275996e-03
2.0500000005356320e-03
1.9500000051539362e-03
1.8500000051546554e-03
1.7500000051545153e-03
1.6500000051538153e-03
1.5500000051538005e-03
1.4499900041535002e-03
1.3500000052258342e-03
1.2500000072998396e-03
1.1499900083738845e-03
1.0500000052275507e-03
9.5000000307995686e-04
8.4998999993230340e-04
7.4996999378288375e-04
8.5000000591114425e-04
9.5002001303533419e-04
1.0500000052274909e-03
1.1500000052277141e-03
1.2499900062278235e-03
1.3500000052271469e-03
1.4500000032278396e-03
1.5500000051544987e-03
1.6500000051547386e-03
1.7500000051543438e-03
1.8500000051551438e-03
1.9500000051548003e-03
2.0499900061551192e-03
2.1500000052284943e-03
2.2500000033027945e-03
2.3499900023762404e-03
2.4500000052285818e-03
2.5500000070792913e-03
2.6499900099307364e-03
2.7499700157809295e-03
2.6501153040813263e-03
2.5502506204223272e-03
2.4501153033633155e-03
2.3501153033961683e-03
2.2501053024289565e-03
2.1501153034202982e-03
2.0501153054118680e-03
1.9501153033460879e-03
1.8501153033458294e-03
1.7501153033464966e-03
1.6501153033462361e-03
1.5501153033457731e-03
1.4501053023460038e-03
1.3501153034189460e-03
1.2501153054921619e-03
1.1501053065660588e-03
1.0501153034196723e-03
9.5011530127252328e-04
8.5010529812456560e-04
7.5008529197598196e-04
8.5011530410265574e-04
9.5013531122690336e-04
1.0501153034194609e-03
1.1501153034197480e-03
1.2501053044195168e-03
1.3501153034192572e-03
1.4501153014197684e-03
1.5501153033462430e-03
1.6501153033462170e-03
1.7501153033456615e-03
1.8501153033462225e-03
1.9501153033461536e-03
2.0501053043464213e-03
2.1501153034194777e-03
2.2501153014930966e-03
2.3501053005667524e-03
2.4501153034203714e-03
2.5501153052731452e-03
2.6501053081255878e-03
2.7500853139769475e-03
2.6502037887414539e-03
2.5503122861898495e-03
2.4502037880392022e-03
2.3502037880621441e-03
2.2501937870849347e-03
2.1502037880799844e-03
2.0502037900751511e-03
1.9502037880069186e-03
1.8502037880068032e-03
1.7502037880067778e-03
1.6502037880066745e-03
1.5502037880070450e-03
1.4501937870068826e-03
1.3502037880795239e-03
1.2502037901523746e-03
1.1501937912262864e-03
1.0502037880802512e-03
9.5020378593315086e-04
8.5019378278568193e-04
7.5017377663694424e-04
8.5020378876359774e-04
9.5022379588837499e-04
1.0502037880796202e-03
1.1502037880798885e-03
1.2501937890803080e-03
1.3502037880805747e-03
1.4502037860801796e-03
1.5502037880067562e-03
1.6502037880067912e-03
1.7502037880070445e-03
1.8502037880074574e-03
1.9502037880070168e-03
2.0501937890071661e-03
2.1502037880803690e-03
2.2502037861540144e-03
2.3501937852280132e-03
2.4502037880800489e-03
2.5502037899319580e-03
2.6501937927840020e-03
2.7501737986338356e-03
2.6502716955739605e-03
2.5503596110865927e-03
2.4502716948830217e-03
2.3502716948994654e-03
2.2502616939153197e-03
2.1502716949125937e-03
2.0502716969097636e-03
1.9502716948395294e-03
1.8502716948398741e-03
1.7502716948398730e-03
1.6502716948402132e-03
1.5502716948397966e-03
1.4502616938399204e-03
1.3502716949130430e-03
1.2502716969872217e-03
1.1502616980606211e-03
1.0502716949128007e-03
9.5027169276443169e-04
8.5026168961587194e-04
7.5024168346587473e-04
8.5027169559758755e-04
9.5029170272645496e-04
1.0502716949126461e-03
1.1502716949129423e-03
1.2502616959133464e-03
1.3502716949129797e-03
1.4502716929135461e-03
1.5502716948401604e-03
1.6502716948403307e-03
1.7502716948402978e-03
