0.0000000000000000e+00
0.0000000000000000e+00
0.0000000000000000e+00
0.0000000000000000e+00
0.0000000000000000e+00
0.0000000000000000e+00
0.0000000000000000e+00
2.0002268952896502e-04
1.3000000013038103e-03
2.4000000099144735e-03
3.5000000102904656e-03
3.5000000102904656e-03
3.5000000102904656e-03
3.5000000102904656e-03
3.5000000102904656e-03
3.5000000102904656e-03
3.5000000102904656e-03
3.5000000102904656e-03
3.5000000102904656e-03
3.5000000102904656e-03
3.5000000102904656e-03
3.5000000102904656e-03
3.5000000102904656e-03
3.5000000102904656e-03
3.5000000102904656e-03
3.5000000102904656e-03
3.5000000102904656e-03
3.5000000102904656e-03
3.5000000102904656e-03
3.5000000102904656e-03
3.5000000102904656e-03
3.5000000102904656e-03
3.5000000102904656e-03
3.5000000102904656e-03
3.5000000102904656e-03
3.5000000102904656e-03
3.5000000102904656e-03
3.5000000102904656e-03
3.5000000102904656e-03
3.5000000102904656e-03
3.5000000102904656e-03
3.5000000102904656e-03
3.5000000102904656e-03
3.5000000102904656e-03
3.5000000102904656e-03
3.5000000102904656e-03
3.5000000102904656e-03
3.5000000102904656e-03
3.5000000102904656e-03
3.5000000102904656e-03
3.5002306066778946e-03
3.5002306066778946e-03
3.5002306066778946e-03
3.5002306066778946e-03
3.5002306066778946e-03
3.5002306066778946e-03
3.5002306066778946e-03
3.5002306066778946e-03
3.5002306066778946e-03
3.5002306066778946e-03
3.5002306066778946e-03
3.5002306066778946e-03
3.5002306066778946e-03
3.5002306066778946e-03
3.5002306066778946e-03
3.5002306066778946e-03
3.5002306066778946e-03
3.5002306066778946e-03
3.5002306066778946e-03
3.5002306066778946e-03
3.5002306066778946e-03
3.5002306066778946e-03
3.5002306066778946e-03
3.5002306066778946e-03
3.5002306066778946e-03
3.5002306066778946e-03
3.5002306066778946e-03
3.5002306066778946e-03
3.5002306066778946e-03
3.5002306066778946e-03
3.5002306066778946e-03
3.5002306066778946e-03
3.5002306066778946e-03
3.5002306066778946e-03
3.5002306066778946e-03
3.5002306066778946e-03
3.5002306066778946e-03
3.5002306066778946e-03
3.5002306066778946e-03
3.5002306066778946e-03
3.5004075759994492e-03
3.5004075759994492e-03
3.5004075759994492e-03
3.5004075759994492e-03
3.5004075759994492e-03
3.5004075759994492e-03
3.5004075759994492e-03
3.5004075759994492e-03
3.5004075759994492e-03
3.5004075759994492e-03
3.5004075759994492e-03
3.5004075759994492e-03
3.5004075759994492e-03
3.5004075759994492e-03
3.5004075759994492e-03
3.5004075759994492e-03
3.5004075759994492e-03
3.5004075759994492e-03
3.5004075759994492e-03
3.5004075759994492e-03
3.5004075759994492e-03
3.5004075759994492e-03
3.5004075759994492e-03
3.5004075759994492e-03
3.5004075759994492e-03
3.5004075759994492e-03
3.5004075759994492e-03
3.5004075759994492e-03
3.5004075759994492e-03
3.5004075759994492e-03
3.5004075759994492e-03
3.5004075759994492e-03
3.5004075759994492e-03
3.5004075759994492e-03
3.5004075759994492e-03
3.5004075759994492e-03
3.5004075759994492e-03
3.5004075759994492e-03
3.5004075759994492e-03
3.5004075759994492e-03
3.5005433896647961e-03
3.5005433896647961e-03
3.5005433896647961e-03
3.5005433896647961e-03
3.5005433896647961e-03
3.5005433896647961e-03
3.5005433896647961e-03
3.5005433896647961e-03
3.5005433896647961e-03
3.5005433896647961e-03
3.5005433896647961e-03
3.5005433896647961e-03
3.5005433896647961e-03
3.5005433896647961e-03
3.5005433896647961e-03
3.5005433896647961e-03
3.5005433896647961e-03
3.5005433896647961e-03
3.5005433896647961e-03
3.5005433896647961e-03
3.5005433896647961e-03
3.5005433896647961e-03
3.5005433896647961e-03
3.5005433896647961e-03
3.5005433896647961e-03
3.5005433896647961e-03
3.5005433896647961e-03
3.5005433896647961e-03
3.5005433896647961e-03
3.5005433896647961e-03
3.5005433896647961e-03
