0.0000000000000000e+00
4.4000000002345438e+01
8.8000000002228603e+01
1.3201320572457576e+02
1.7600000001973805e+02
2.1999998858829042e+02
2.6401318287036554e+02
3.0800090758115834e+02
3.5200000005215213e+02
3.9600000039657857e+02
4.4000000041161871e+02
3.9600000017227842e+02
3.5201319421533429e+02
3.0800000001962513e+02
2.6400001153747223e+02
2.2001321732886345e+02
1.7600000001968488e+02
1.3199998844178751e+02
8.8000000002170580e+01
4.4000000002188500e+01
2.2081650693936807e-09
4.3999999997805105e+01
8.7999999997846729e+01
1.3198680571544833e+02
1.7599999998048463e+02
2.1999998853207461e+02
2.6398678281021154e+02
3.0799999998045490e+02
3.5200001141930773e+02
3.9598682856679767e+02
4.3996046284942327e+02
3.9599999981746498e+02
3.5202636533383850e+02
3.0799999998044478e+02
2.6399999998040113e+02
2.1998679425787864e+02
1.7599999998033357e+02
1.3200001142935977e+02
8.7999999997807450e+01
4.3999999997757982e+01
2.1802967325233096e-09
4.4000000002168548e+01
8.8000000002157222e+01
1.3201320572463547e+02
1.7600000001960086e+02
2.1999998858811310e+02
2.6401318286999725e+02
3.0800000001958705e+02
3.5200001146056735e+02
3.9601322863296542e+02
4.4000922426711531e+02
3.9600000017626348e+02
3.5200399052594713e+02
3.0799999999667023e+02
2.6400000000285644e+02
2.2001319429144689e+02
1.7600000001947865e+02
1.3200001146094237e+02
8.8000000001956380e+01
4.4000000001983906e+01
1.9594287267174980e-09
4.3999999998035662e+01
8.7999999998023441e+01
1.3198680571554365e+02
1.7599999998057211e+02
2.1999998853212588e+02
2.6398678281024792e+02
3.0799999998050600e+02
3.5200001141935815e+02
3.9598682856686634e+02
4.3996046284948579e+02
3.9599999981739279e+02
3.5202636533345543e+02
3.0799999998048685e+02
2.6399999998044683e+02
2.1998679425795066e+02
1.7599999998043768e+02
1.3200001142937305e+02
8.7999999997878689e+01
4.3999999997842501e+01
2.1303897223061284e-09
4.4000000002119073e+01
8.8000000002181224e+01
1.3201320572460912e+02
1.7600000001958355e+02
2.1999998858803613e+02
2.6401318286993171e+02
3.0800000001958006e+02
3.5200001146056127e+02
3.9601322863302687e+02
4.4001630303997752e+02
3.9600000017643447e+02
3.5199691505771744e+02
3.0799999999826014e+02
2.6400000000579627e+02
2.2001319429577248e+02
1.7600000001944801e+02
1.3200001145660801e+02
8.8000000002098275e+01
4.4000000002108827e+01
2.1871865503682938e-09
4.3999999997824574e+01
8.7999999997794419e+01
1.3198680571536417e+02
1.7599999998044564e+02
2.1999998853199151e+02
2.6398678281013963e+02
3.0799999998035287e+02
3.5200001141914680e+02
3.9598682856657285e+02
4.3996046284921880e+02
3.9599999981720771e+02
3.5202636533343497e+02
3.0799999998046849e+02
2.6399999998038908e+02
2.1998679425788848e+02
1.7599999998028579e+02
1.3200001142930478e+02
8.7999999997753079e+01
4.3999999997738172e+01
2.2900259317822926e-09
4.4000000002261359e+01
8.8000000002222336e+01
1.3201320572464570e+02
1.7600000001968107e+02
2.1999998858807527e+02
2.6401318286998918e+02
3.0800000001958978e+02
3.5200001146064187e+02
3.9601322863309866e+02
4.4002173558659172e+02
3.9600000017647847e+02
3.5199148504735848e+02
3.0800000000094087e+02
2.6400000000836405e+02
2.2001319429821331e+02
1.7600000001942092e+02
1.3200001145403741e+02
8.8000000002019320e+01
4.4000000002039855e+01
2.0054142934775259e-09
4.3999999997989327e+01
8.7999999997961794e+01
1.3198680571550364e+02
1.7599999998051155e+02
2.1999998853205466e+02
2.6398678281024718e+02
3.0799999998053119e+02
3.5200001141939947e+02
3.9598682856684019e+02
4.3996046284945078e+02
3.9599999981733555e+02
3.5202636533335931e+02
3.0799999998062714e+02
2.6399999998057797e+02
2.1998679425813089e+02
1.7599999998055904e+02
1.3200001142950205e+02
8.7999999997963812e+01
4.3999999997939163e+01
2.1141039261306479e-09
