0.0000000000000000e+00
-4.4000000002269850e+01
-8.8000000001335735e+01
-1.3202200836403799e+02
-1.7600000001151182e+02
-2.1999998328894972e+02
-2.6402197491662872e+02
-3.0800320714166844e+02
-3.5200000003991283e+02
-3.9600000001333279e+02
-4.4000000001995863e+02
-3.9600000009854091e+02
-3.5202199182098281e+02
-3.0800000001157798e+02
-2.6400001655222866e+02
-2.2002202472310893e+02
-1.7600000001164852e+02
-1.3199998367715486e+02
-8.8000000001534303e+01
-4.4000000001485532e+01
-1.5039540439423699e-09
4.3999999998344435e+01
8.7999999998486516e+01
1.3197800835481115e+02
1.7599999998829426e+02
2.1999998327191199e+02
2.6397797492534391e+02
3.0799999998841110e+02
3.5200001667430513e+02
3.9597804170298036e+02
4.3993409177412695e+02
3.9599999989430796e+02
3.5204394973620504e+02
3.0799999998848921e+02
2.6399999998845601e+02
2.1997799162475030e+02
1.7599999998827946e+02
1.3200001672190356e+02
8.7999999998452182e+01
4.3999999998420819e+01
-1.4936987372175138e-09
-4.4000000001372001e+01
-8.8000000001427736e+01
-1.3202200836503843e+02
-1.7600000001144545e+02
-2.1999998328794283e+02
-2.6402197491462738e+02
-3.0800000001151727e+02
-3.5200001676569502e+02
-3.9602204189689934e+02
-4.4004579966371864e+02
-3.9600000010143475e+02
-3.5197621603099049e+02
-3.0799999999000710e+02
-2.6399999999210172e+02
-2.2002199163781674e+02
-1.7600000001169551e+02
-1.3200001673569824e+02
-8.8000000001691831e+01
-4.4000000001735799e+01
-1.6141076370699244e-09
4.3999999998379565e+01
8.7999999998344691e+01
1.3197800835462388e+02
1.7599999998830404e+02
2.1999998327174089e+02
2.6397797492522409e+02
3.0799999998825803e+02
3.5200001667410822e+02
3.9597804170278198e+02
4.3993409177388793e+02
3.9599999989400646e+02
3.5204394973583896e+02
3.0799999998839843e+02
2.6399999998834380e+02
2.1997799162462061e+02
1.7599999998826132e+02
1.3200001672181196e+02
8.7999999998345032e+01
4.3999999998337969e+01
-1.6127753687483981e-09
-4.4000000001528633e+01
-8.8000000001645731e+01
-1.3202200836533277e+02
-1.7600000001168357e+02
-2.1999998328812902e+02
-2.6402197491469053e+02
-3.0800000001156917e+02
-3.5200001676572930e+02
-3.9602204189712290e+02
-4.4005051884578393e+02
-3.9600000010165127e+02
-3.5197150298418273e+02
-3.0799999998886335e+02
-2.6399999999514546e+02
-2.2002199164511043e+02
-1.7600000001171273e+02
-1.3200001672840253e+02
-8.8000000001676469e+01
-4.4000000001706539e+01
-1.8197249230275017e-09
4.3999999998265771e+01
8.7999999998264087e+01
1.3197800835457591e+02
1.7599999998818279e+02
2.1999998327160972e+02
2.6397797492499558e+02
3.0799999998823193e+02
3.5200001667414449e+02
3.9597804170280057e+02
4.3993409177401082e+02
3.9599999989392325e+02
3.5204394973572664e+02
3.0799999998830197e+02
2.6399999998824563e+02
2.1997799162455814e+02
1.7599999998821579e+02
1.3200001672173281e+02
8.7999999998237584e+01
4.3999999998242558e+01
-1.7431780011921178e-09
-4.4000000001741114e+01
-8.8000000001750919e+01
-1.3202200836533336e+02
-1.7600000001180138e+02
-2.1999998328833905e+02
-2.6402197491492694e+02
-3.0800000001174135e+02
-3.5200001676576636e+02
-3.9602204189690462e+02
-4.4005414054319533e+02
-3.9600000010180679e+02
-3.5196788599575552e+02
-3.0799999999046378e+02
-2.6399999999802139e+02
-2.2002199164928200e+02
-1.7600000001171662e+02
-1.3200001672424946e+02
-8.8000000001609891e+01
-4.4000000001578812e+01
-1.5540623300714150e-09
4.3999999998513125e+01
8.7999999998386983e+01
1.3197800835462019e+02
1.7599999998824046e+02
2.1999998327179642e+02
2.6397797492531515e+02
3.0799999998825490e+02
3.5200001667391604e+02
3.9597804170244672e+02
4.3993409177341971e+02
3.9599999989400243e+02
3.5204394973632645e+02
3.0799999998838985e+02
2.6399999998834073e+02
2.1997799162469940e+02
1.7599999998841434e+02
1.3200001672197155e+02
8.7999999998425437e+01
4.3999999998470301e+01
-1.6130528285625124e-09
