2.9999999999999983e+02
2.9999999999999983e+02
2.9999999999999983e+02
2.9999999999999983e+02
2.9999999999999983e+02
2.9999999999999983e+02
2.9999999999999983e+02
3.0800090758115834e+02
3.5200000005215219e+02
3.9600000039657874e+02
4.4000000041161849e+02
4.4000000041161849e+02
4.4000000041161849e+02
4.4000000041161849e+02
4.4000000041161849e+02
4.4000000041161849e+02
4.4000000041161849e+02
4.4000000041161849e+02
4.4000000041161849e+02
4.4000000041161849e+02
4.4000000041161849e+02
4.4000000041161849e+02
4.4000000041161849e+02
4.4000000041161849e+02
4.4000000041161849e+02
4.4000000041161849e+02
4.4000000041161849e+02
4.4000000041161849e+02
4.4000000041161849e+02
4.4000000041161849e+02
4.4000000041161849e+02
4.4000000041161849e+02
4.4000000041161849e+02
4.4000000041161849e+02
4.4000000041161849e+02
4.4000000041161849e+02
4.4000000041161849e+02
4.4000000041161849e+02
4.4000000041161849e+02
4.4000000041161849e+02
4.4000000041161849e+02
4.4000000041161849e+02
4.4000000041161849e+02
4.4000000041161849e+02
4.4000000041161849e+02
4.4000000041161849e+02
4.4000000041161849e+02
4.4000000041161849e+02
4.4000000041161849e+02
4.4000000041161849e+02
4.4000922426711543e+02
4.4000922426711543e+02
4.4000922426711543e+02
4.4000922426711543e+02
4.4000922426711543e+02
4.4000922426711543e+02
4.4000922426711543e+02
4.4000922426711543e+02
4.4000922426711543e+02
4.4000922426711543e+02
4.4000922426711543e+02
4.4000922426711543e+02
4.4000922426711543e+02
4.4000922426711543e+02
4.4000922426711543e+02
4.4000922426711543e+02
4.4000922426711543e+02
4.4000922426711543e+02
4.4000922426711543e+02
4.4000922426711543e+02
4.4000922426711543e+02
4.4000922426711543e+02
4.4000922426711543e+02
4.4000922426711543e+02
4.4000922426711543e+02
4.4000922426711543e+02
4.4000922426711543e+02
4.4000922426711543e+02
4.4000922426711543e+02
4.4000922426711543e+02
4.4000922426711543e+02
4.4000922426711543e+02
4.4000922426711543e+02
4.4000922426711543e+02
4.4000922426711543e+02
4.4000922426711543e+02
4.4000922426711543e+02
4.4000922426711543e+02
4.4000922426711543e+02
4.4000922426711543e+02
4.4001630303997797e+02
4.4001630303997797e+02
4.4001630303997797e+02
4.4001630303997797e+02
4.4001630303997797e+02
4.4001630303997797e+02
4.4001630303997797e+02
4.4001630303997797e+02
4.4001630303997797e+02
4.4001630303997797e+02
4.4001630303997797e+02
4.4001630303997797e+02
4.4001630303997797e+02
4.4001630303997797e+02
4.4001630303997797e+02
4.4001630303997797e+02
4.4001630303997797e+02
4.4001630303997797e+02
4.4001630303997797e+02
4.4001630303997797e+02
4.4001630303997797e+02
4.4001630303997797e+02
4.4001630303997797e+02
4.4001630303997797e+02
4.4001630303997797e+02
4.4001630303997797e+02
4.4001630303997797e+02
4.4001630303997797e+02
4.4001630303997797e+02
4.4001630303997797e+02
4.4001630303997797e+02
4.4001630303997797e+02
4.4001630303997797e+02
4.4001630303997797e+02
4.4001630303997797e+02
4.4001630303997797e+02
4.4001630303997797e+02
4.4001630303997797e+02
4.4001630303997797e+02
4.4001630303997797e+02
4.4002173558659183e+02
4.4002173558659183e+02
4.4002173558659183e+02
4.4002173558659183e+02
4.4002173558659183e+02
4.4002173558659183e+02
4.4002173558659183e+02
4.4002173558659183e+02
4.4002173558659183e+02
4.4002173558659183e+02
4.4002173558659183e+02
4.4002173558659183e+02
4.4002173558659183e+02
4.4002173558659183e+02
4.4002173558659183e+02
4.4002173558659183e+02
4.4002173558659183e+02
4.4002173558659183e+02
4.4002173558659183e+02
4.4002173558659183e+02
4.4002173558659183e+02
4.4002173558659183e+02
4.4002173558659183e+02
4.4002173558659183e+02
4.4002173558659183e+02
4.4002173558659183e+02
4.4002173558659183e+02
4.4002173558659183e+02
4.4002173558659183e+02
4.4002173558659183e+02
4.4002173558659183e+02
