0.0000000000000000e+00
7.6904062990227029e-11
8.8388450175422823e-10
-8.8026394877570094e-03
8.2046344427899974e-09
5.2993381505851388e-06
-8.7920462209292033e-03
-2.2995605251392077e-03
1.2217095350143896e-08
3.8322444944054491e-07
3.9163866022111450e-07
7.3719222849235840e-08
-8.7976056713056500e-03
8.0242915804733990e-09
-5.0147571400755314e-06
-8.8073942347203834e-03
8.0058271645033260e-09
4.7645595200922425e-06
6.1743610264589682e-10
6.8057615214479367e-10
6.7267438903230945e-10
5.0003459827437747e-10
6.2363065523186283e-10
-8.7973606753714434e-03
7.7640484814291118e-09
-5.2602185081835341e-06
-8.8078849370704058e-03
7.8640126739298686e-09
5.2549151931867909e-06
-8.7868639071137771e-03
-2.6371075356334220e-02
7.6759961628507603e-08
1.7584402283054083e-02
8.0053175156632322e-09
8.0019952911282857e-09
-8.8026331618999646e-03
7.8996355920344055e-09
5.2924904256691451e-06
5.9784329441111458e-10
6.0579918323938030e-10
6.5403118450348201e-10
7.4048030249802507e-10
6.7835661031634976e-10
-8.8026404388918487e-03
8.0935360388821414e-09
5.3000861844182388e-06
-8.7920447347613912e-03
7.9631217462960736e-09
-5.3051871205891829e-06
-8.8132639822398173e-03
-3.6575396636195322e-02
7.4764927452434107e-08
2.7774494876037253e-02
6.6032089193402810e-09
1.0679713273188163e-08
-8.7973464594875046e-03
7.7398344799549756e-09
-5.2747854217401029e-06
2.1713546429386096e-10
2.1335049780747677e-10
2.9066640266393907e-10
3.1731872246565581e-10
3.1603356430269109e-10
-8.7973609293339958e-03
7.7488067853077156e-09
-5.2603511112529468e-06
-8.8078849811163411e-03
7.7320936076252167e-09
5.2546988211781214e-06
-8.7868641623330551e-03
-2.6371075729109347e-02
7.6613072944498960e-08
1.7584402543968092e-02
7.9164137296526671e-09
7.8815426585603429e-09
-8.8026333305566157e-03
7.8082353020824868e-09
5.2924340656101794e-06
4.3177535668287158e-10
4.8695598755522910e-10
5.5044339713000976e-10
6.1193477323791261e-10
5.5183874589786539e-10
-8.8026407626503687e-03
7.8849204867172696e-09
5.2999045506907448e-06
-8.7920447276002307e-03
7.9596562416002955e-09
-5.3053498602167497e-06
-8.8132643665089910e-03
-3.4215806148366695e-02
7.4695695606823060e-08
2.5412073737635200e-02
9.3139919517058927e-09
1.0550557420669893e-08
-8.7973494640136082e-03
7.6044183875894097e-09
-5.2718999965763346e-06
3.0119744254599030e-10
2.9956263434662363e-10
2.5666904871239273e-10
3.5105210348383063e-10
3.7580829242914522e-10
-8.7973609019184485e-03
7.6479998598392265e-09
-5.2604585331111723e-06
-8.8078852615615984e-03
7.7535733072736861e-09
5.2549230218376782e-06
-8.7868638845308329e-03
-2.6371075340564560e-02
7.6590701117704057e-08
1.7584402192763571e-02
7.7060699756564456e-09
7.7277628238258492e-09
-8.8026334814247965e-03
7.7809244466822251e-09
5.2923160453440476e-06
3.5786595410358396e-10
3.8873927219517615e-10
4.4364612542715340e-10
3.6143778458830601e-10
3.1992392633253800e-10
-8.8026408240621575e-03
7.7153374682085936e-09
5.2995320268705497e-06
-8.7920451454148625e-03
7.6982312490240880e-09
-5.3052194568693335e-06
-8.8132638667686447e-03
-3.2404956598167417e-02
7.4462198700364691e-08
2.3599051217356608e-02
1.0285627891630328e-08
1.0127394563738816e-08
-8.7973512677358787e-03
7.4989248279536679e-09
-5.2704162733251247e-06
2.3958470829493675e-10
2.9287438574343254e-10
2.9146463762168558e-10
3.7816258637288159e-10
2.7336943107401555e-10
-8.7973610638567620e-03
7.5653818453843954e-09
-5.2604637256956049e-06
-8.8078851219853659e-03
7.5436120340752669e-09
5.2543427329439439e-06
-8.7868645506126788e-03
-2.6371076152843610e-02
7.6450957842489943e-08
1.7584402724504844e-02
7.5878783988434848e-09
7.5791624970694001e-09
-8.8026336366112731e-03
7.7037644697676687e-09
5.2923485765444899e-06
3.1021929863849620e-10
3.8591404249840823e-10
3.7894460114311388e-10
