0.0000000000000000e+00
7.4285577069685568e-11
9.0183751180335365e-10
-8.8026394366523923e-03
8.2476780665981065e-09
5.2993433617902083e-06
-8.7920463052160100e-03
-2.2995604948603384e-03
1.2261796942623479e-08
3.8326696518897778e-07
3.9168097068131868e-07
7.3755479353192905e-08
-8.7976056259812078e-03
8.0700620936734253e-09
-5.0147557407406047e-06
-8.8073942559115190e-03
8.0669168013402381e-09
4.7647056961601187e-06
6.5497822686892836e-10
7.2537507418104912e-10
7.3601850237795095e-10
5.7867849564086679e-10
6.5588010907301776e-10
-8.7973605990768425e-03
7.8552452151347784e-09
-5.2601068276567624e-06
-8.8078847980035697e-03
8.0484381741285841e-09
5.2550793736781646e-06
-8.7868637275611301e-03
-2.6371075236045448e-02
7.6926015017222574e-08
1.7584402450371357e-02
8.0836826295218638e-09
8.1073589677680469e-09
-8.8026330950014917e-03
7.9920896666489332e-09
5.2925972134320689e-06
6.9171391609743360e-10
7.1989874154150457e-10
7.2221340090991427e-10
8.5264090201836096e-10
7.8053250199209572e-10
-8.8026403665910635e-03
8.2174597923745307e-09
5.3002546662488985e-06
-8.7920445251986924e-03
8.1768232812682511e-09
-5.3050683805873245e-06
-8.8132638854942404e-03
-3.6575396569775577e-02
7.4892301917647318e-08
2.7774495036897467e-02
6.7229548946989408e-09
1.0829811759062783e-08
-8.7973462800369617e-03
7.8265001391579086e-09
-5.2747262309105555e-06
3.1190619202086282e-10
2.8289674520430058e-10
3.9966024239502730e-10
3.7044060180667614e-10
3.2644592251813441e-10
-8.7973609098995782e-03
7.7149281316516643e-09
-5.2604186498590098e-06
-8.8078850660660377e-03
7.7718212850407026e-09
5.2548016207396372e-06
-8.7868640063523146e-03
-2.6371075466238170e-02
7.6614291110234374e-08
1.7584402223115605e-02
7.9071807516003031e-09
7.9123205538308757e-09
-8.8026333294471664e-03
7.8391406057129097e-09
5.2924436617187238e-06
5.0081091755435502e-10
5.0393436392484909e-10
4.8155486791374062e-10
5.6899423058273958e-10
5.1914031260238493e-10
-8.8026406845882685e-03
7.9152815215782558e-09
5.2999097538217236e-06
-8.7920447902123267e-03
8.0620894890248089e-09
-5.3049869318602045e-06
-8.8132638251400292e-03
-3.4215805464428692e-02
7.4870516349324964e-08
2.5412073331881505e-02
9.4794898918477966e-09
1.0750912501362759e-08
-8.7973492117798396e-03
7.8660873282720925e-09
-5.2716889115447963e-06
5.4231119317467565e-10
5.0497092178740984e-10
4.8718908160103525e-10
5.3130614952658066e-10
5.6352201863554866e-10
-8.7973606744362037e-03
7.8262684656640682e-09
-5.2603050526740828e-06
-8.8078850263380269e-03
8.0040827624149313e-09
5.2550722348227423e-06
-8.7868636593592415e-03
-2.6371075074662170e-02
7.6840076946557813e-08
1.7584402390142421e-02
7.9609917994530897e-09
7.9855256000640971e-09
-8.8026331792237702e-03
8.0790956659786568e-09
5.2925398629021059e-06
6.1113896297322982e-10
6.2003917622955518e-10
6.5991345571963238e-10
6.7905529499302434e-10
6.2285078782396344e-10
-8.8026405514462260e-03
8.0440551615458541e-09
5.2999402976446393e-06
-8.7920447304298006e-03
7.9985859890949287e-09
-5.3050297804932765e-06
-8.8132637452422134e-03
-3.2404956608606372e-02
7.4881587267766404e-08
2.3599051988693456e-02
1.0668578263104887e-08
1.0557475885308701e-08
-8.7973508697838047e-03
7.9095307148739634e-09
-5.2700080470367600e-06
5.7920659643547346e-10
6.2921034720592539e-10
6.1083303376291306e-10
6.6945447961327828e-10
5.7691912305079411e-10
-8.7973607030375229e-03
7.8921835376319659e-09
-5.2600529386733361e-06
-8.8078847424989792e-03
7.9041802260475556e-09
5.2546908854143665e-06
-8.7868642368498836e-03
-2.6371075909386990e-02
7.6882408521690832e-08
1.7584403209994055e-02
7.9375598923043153e-09
7.9464702964187131e-09
-8.8026332261924595e-03
8.0068396661411040e-09
5.2925906487480503e-06
6.1307397534718462e-10
6.7639576713729513e-10
6.2731164007709142e-10
