0.0000000000000000e+00
-4.0000000002112087e-04
-8.0000000001558002e-04
-1.2001600640379319e-03
-1.6000000001408577e-03
-1.9999998721695537e-03
-2.4001598081218583e-03
-2.9951613787157568e-03
-4.4730522801034144e-03
-5.9725137109310992e-03
-7.4725003365030762e-03
-7.4993292952415915e-03
-7.4999843588909824e-03
-7.5006394229696688e-03
-7.5012944874778952e-03
-7.5019495524143252e-03
-7.5026046177802553e-03
-7.5032596835757619e-03
-7.5024977667615565e-03
-7.5017358505268502e-03
-7.5024977624179763e-03
-7.5032596748895028e-03
-7.5025006676593545e-03
-7.5017416610058891e-03
-7.5025006632790259e-03
-7.5032596661276079e-03
-7.5025006802525128e-03
-7.5017416949537544e-03
-7.5025006758711790e-03
-7.5032596573655968e-03
-7.5025006802517885e-03
-7.5017417037144497e-03
-7.5025006758718876e-03
-7.5032596486046101e-03
-7.5025006802530558e-03
-7.5017417124768624e-03
-7.5025006758726032e-03
-7.5032596398439590e-03
-7.5025006802535259e-03
-7.5017417212387459e-03
-7.5025006758714357e-03
-7.5032596310812289e-03
-7.5025006802517443e-03
-7.5017417299991212e-03
-7.5025006758718867e-03
-7.5032596223202856e-03
-7.5025006802532110e-03
-7.5017417387617047e-03
-7.5025006758723664e-03
-7.5032596135582805e-03
-7.5025006802535033e-03
-7.5017417475241235e-03
-7.5025006758719882e-03
-7.5032596047964898e-03
-7.5025006802539830e-03
-7.5017417562871416e-03
-7.5025006758732164e-03
-7.5032595960344292e-03
-7.5025006802542319e-03
-7.5017417650497086e-03
-7.5025006758732520e-03
-7.5032595872731971e-03
-7.5025006802543169e-03
-7.5017417738125246e-03
-7.5025006758734957e-03
-7.5032595785106369e-03
-7.5025006802549032e-03
-7.5017417825754169e-03
-7.5025006758744055e-03
-7.5032595697485252e-03
-7.5025006802561349e-03
-7.5017417913392833e-03
-7.5025006758747178e-03
-7.5032595609868975e-03
-7.5025006802561071e-03
-7.5017418001013794e-03
-7.5025006758744359e-03
-7.5032595522234900e-03
-7.5025006802561557e-03
-7.5017418088650792e-03
-7.5025006758758055e-03
-7.5032595434615075e-03
-7.5025006802568340e-03
-7.5017418176267390e-03
-7.5025006758752816e-03
-7.5032595346987757e-03
-7.5025006802565087e-03
-7.5017418263893668e-03
-7.5025006758749806e-03
-7.5032595259348737e-03
-7.5025006802562303e-03
-7.5017418351526694e-03
-7.5025006758748652e-03
-7.5032595171715217e-03
-7.5025006802562294e-03
-7.5017418439163527e-03
-7.5025006758743032e-03
-7.5032595084092435e-03
-7.5025006802569259e-03
-7.5017418526802868e-03
-7.5025006758747854e-03
-7.5032594996462211e-03
-7.5025006802572321e-03
-7.5017418614439077e-03
-7.5025006758753223e-03
-7.5032594908826574e-03
-7.5025006802577829e-03
-7.5017418702077766e-03
-7.5025006758763059e-03
-7.5032594821198102e-03
-7.5025006802579876e-03
-7.5017418789717922e-03
-7.5025006758755982e-03
-7.5032594733548509e-03
-7.5025006802562104e-03
-7.5017418877347287e-03
-7.5025006758749416e-03
-7.5032594645915423e-03
-7.5025006802569710e-03
-7.5017418964988154e-03
-7.5025006758747802e-03
-7.5032594558270705e-03
-7.5025006802573223e-03
-7.5017419052637174e-03
-7.5025006758754204e-03
-7.5032594470633724e-03
-7.5025006802571384e-03
-7.5017419140270018e-03
-7.5025006758760631e-03
-7.5032594382996535e-03
-7.5025006802578427e-03
-7.5017419227909783e-03
-7.5025006758753822e-03
-7.5032594295365556e-03
-7.5025006802590128e-03
-7.5017419315566271e-03
-7.5025006758764109e-03
-7.5032594207721966e-03
-7.5025006802583545e-03
-7.5017419403197345e-03
-7.5025006758768272e-03
-7.5032594120092288e-03
-7.5025006802588272e-03
-7.5017419490835983e-03
-7.5025006758760527e-03
-7.5032594032443511e-03
-7.5025006802590718e-03
-7.5017419578485012e-03
-7.5025006758767500e-03
-7.5032593944805142e-03
-7.5025006802587162e-03
-7.5017419666119070e-03
-7.5025006758752850e-03
-7.5032593857145662e-03
-7.5025006802583033e-03
-7.5017419753767431e-03
-7.5025006758755895e-03
-7.5032593769502401e-03
-7.5025006802575903e-03
-7.5017419841411168e-03
-7.5025006758751706e-03
