0.0000000000000000e+00
1.0000000000576372e-04
2.0000000000826177e-04
2.9999000101181930e-04
4.0000000008097507e-04
4.9999999815124048e-04
5.9998999722175460e-04
7.9756375359027768e-04
1.4365261400194485e-03
2.0862566725154243e-03
2.7362501704327772e-03
2.7496646458274598e-03
2.7499918738208007e-03
2.7503191017061524e-03
2.7506463294845996e-03
2.7509735571566388e-03
2.7513007847209279e-03
2.7516280121774993e-03
2.7512488793735171e-03
2.7508697464259275e-03
2.7512488796490563e-03
2.7516280127278794e-03
2.7512503298145474e-03
2.7508726467579282e-03
2.7512503300918291e-03
2.7516280132831869e-03
2.7512503361113499e-03
2.7508726587969112e-03
2.7512503363883783e-03
2.7516280138371171e-03
2.7512503361125122e-03
2.7508726582441030e-03
2.7512503363881003e-03
2.7516280143911678e-03
2.7512503361112758e-03
2.7508726576895397e-03
2.7512503363878353e-03
2.7516280149439873e-03
2.7512503361106231e-03
2.7508726571354759e-03
2.7512503363884781e-03
2.7516280154989310e-03
2.7512503361128504e-03
2.7508726565829401e-03
2.7512503363892799e-03
2.7516280160532120e-03
2.7512503361122606e-03
2.7508726560291391e-03
2.7512503363893810e-03
2.7516280166072528e-03
2.7512503361119319e-03
2.7508726554744483e-03
2.7512503363890002e-03
2.7516280171602896e-03
2.7512503361119809e-03
2.7508726549217905e-03
2.7512503363891325e-03
2.7516280177139326e-03
2.7512503361126184e-03
2.7508726543681223e-03
2.7512503363881198e-03
2.7516280182656528e-03
2.7512503361115138e-03
2.7508726538136327e-03
2.7512503363879299e-03
2.7516280188191813e-03
2.7512503361119788e-03
2.7508726532614975e-03
2.7512503363886472e-03
2.7516280193734966e-03
2.7512503361124567e-03
2.7508726527082084e-03
2.7512503363898676e-03
2.7516280199280331e-03
2.7512503361129441e-03
2.7508726521535856e-03
2.7512503363884538e-03
2.7516280204801890e-03
2.7512503361111383e-03
2.7508726515994594e-03
2.7512503363877352e-03
2.7516280210340095e-03
2.7512503361108347e-03
2.7508726510454468e-03
2.7512503363879004e-03
2.7516280215883720e-03
2.7512503361109106e-03
2.7508726504907304e-03
2.7512503363876068e-03
2.7516280221416074e-03
2.7512503361110646e-03
2.7508726499379257e-03
2.7512503363873999e-03
2.7516280226948871e-03
2.7512503361114436e-03
2.7508726493844973e-03
2.7512503363885661e-03
2.7516280232497609e-03
2.7512503361123092e-03
2.7508726488323330e-03
2.7512503363891962e-03
2.7516280238036386e-03
2.7512503361127585e-03
2.7508726482801667e-03
2.7512503363904066e-03
2.7516280243572375e-03
2.7512503361128418e-03
2.7508726477267387e-03
2.7512503363896056e-03
2.7516280249098779e-03
2.7512503361128587e-03
2.7508726471723232e-03
2.7512503363888805e-03
2.7516280254629407e-03
2.7512503361126358e-03
2.7508726466193211e-03
2.7512503363888770e-03
2.7516280260159623e-03
2.7512503361117645e-03
2.7508726460649144e-03
2.7512503363886494e-03
2.7516280265690845e-03
2.7512503361112363e-03
2.7508726455111880e-03
2.7512503363877621e-03
2.7516280271215571e-03
2.7512503361111777e-03
2.7508726449572592e-03
2.7512503363869259e-03
2.7516280276742942e-03
2.7512503361103256e-03
2.7508726444041586e-03
2.7512503363880374e-03
2.7516280282285539e-03
2.7512503361104106e-03
2.7508726438504583e-03
2.7512503363876463e-03
2.7516280287819207e-03
2.7512503361100948e-03
2.7508726432959045e-03
2.7512503363864623e-03
2.7516280293349497e-03
2.7512503361097266e-03
2.7508726427419835e-03
2.7512503363868691e-03
2.7516280298883825e-03
2.7512503361094834e-03
2.7508726421882216e-03
2.7512503363864068e-03
2.7516280304415081e-03
2.7512503361103334e-03
2.7508726416369369e-03
2.7512503363870283e-03
2.7516280309961391e-03
2.7512503361105355e-03
2.7508726410831290e-03
2.7512503363883614e-03
2.7516280315502684e-03
2.7512503361116561e-03
2.7508726405300640e-03
2.7512503363888012e-03
