0.0000000000000000e+00
1.0000000000497821e-04
2.0000000000899816e-04
2.9999000101259922e-04
4.0000000008217208e-04
4.9999999815235623e-04
5.9998999722321133e-04
7.9756375359075235e-04
1.4365261400204289e-03
2.0862566725159890e-03
2.7362501704332734e-03
2.7496646458288259e-03
2.7499918738205405e-03
2.7503191017054034e-03
2.7506463294829009e-03
2.7509735571535450e-03
2.7513007847171219e-03
2.7516280121737497e-03
2.7512488793728839e-03
2.7508697464281189e-03
2.7512488796465734e-03
2.7516280127219692e-03
2.7512503298136840e-03
2.7508726467615850e-03
2.7512503300900467e-03
2.7516280132766917e-03
2.7512503361100376e-03
2.7508726588010820e-03
2.7512503363876688e-03
2.7516280138311362e-03
2.7512503361115993e-03
2.7508726582485795e-03
2.7512503363874832e-03
2.7516280143844067e-03
2.7512503361101894e-03
2.7508726576940079e-03
2.7512503363869814e-03
2.7516280149380238e-03
2.7512503361100289e-03
2.7508726571404494e-03
2.7512503363872681e-03
2.7516280154914986e-03
2.7512503361100714e-03
2.7508726565860240e-03
2.7512503363873340e-03
2.7516280160454262e-03
2.7512503361094751e-03
2.7508726560312555e-03
2.7512503363866523e-03
2.7516280165989851e-03
2.7512503361093446e-03
2.7508726554777846e-03
2.7512503363866792e-03
2.7516280171526264e-03
2.7512503361098685e-03
2.7508726549254348e-03
2.7512503363877772e-03
2.7516280177078785e-03
2.7512503361116418e-03
2.7508726543726820e-03
2.7512503363877946e-03
2.7516280182603610e-03
2.7512503361112632e-03
2.7508726538185719e-03
2.7512503363877269e-03
2.7516280188138085e-03
2.7512503361105120e-03
2.7508726532641495e-03
2.7512503363874043e-03
2.7516280193678371e-03
2.7512503361111478e-03
2.7508726527119111e-03
2.7512503363881441e-03
2.7516280199211349e-03
2.7512503361114028e-03
2.7508726521587742e-03
2.7512503363883970e-03
2.7516280204759529e-03
2.7512503361127511e-03
2.7508726516068120e-03
2.7512503363893923e-03
2.7516280210296020e-03
2.7512503361127945e-03
2.7508726510541820e-03
2.7512503363904461e-03
2.7516280215834016e-03
2.7512503361132859e-03
2.7508726504999284e-03
2.7512503363895137e-03
2.7516280221358052e-03
2.7512503361123717e-03
2.7508726499468339e-03
2.7512503363899751e-03
2.7516280226899011e-03
2.7512503361127915e-03
2.7508726493936332e-03
2.7512503363897622e-03
2.7516280232432410e-03
2.7512503361124241e-03
2.7508726488395759e-03
2.7512503363894695e-03
2.7516280237965983e-03
2.7512503361122168e-03
2.7508726482869741e-03
2.7512503363897054e-03
2.7516280243497825e-03
2.7512503361124541e-03
2.7508726477326797e-03
2.7512503363895349e-03
2.7516280249037803e-03
2.7512503361126111e-03
2.7508726471794252e-03
2.7512503363903251e-03
2.7516280254580461e-03
2.7512503361137169e-03
2.7508726466262475e-03
2.7512503363900801e-03
2.7516280260111506e-03
2.7512503361126271e-03
2.7508726460716772e-03
2.7512503363894521e-03
2.7516280265637585e-03
2.7512503361120876e-03
2.7508726455178077e-03
2.7512503363896156e-03
2.7516280271185165e-03
2.7512503361129723e-03
2.7508726449643525e-03
2.7512503363891980e-03
2.7516280276711942e-03
2.7512503361116943e-03
2.7508726444100918e-03
2.7512503363887560e-03
2.7516280282245363e-03
2.7512503361115373e-03
2.7508726438566821e-03
2.7512503363894547e-03
2.7516280287777470e-03
2.7512503361124888e-03
2.7508726433037203e-03
2.7512503363889881e-03
2.7516280293315540e-03
2.7512503361124883e-03
2.7508726427504645e-03
2.7512503363896637e-03
2.7516280298861143e-03
2.7512503361129719e-03
2.7508726421968171e-03
2.7512503363890098e-03
2.7516280304395219e-03
2.7512503361122155e-03
2.7508726416426280e-03
2.7512503363895623e-03
2.7516280309938879e-03
2.7512503361123621e-03
2.7508726410897660e-03
2.7512503363901391e-03
2.7516280315465482e-03
2.7512503361132950e-03
2.7508726405362687e-03
2.7512503363887964e-03
