0.0000000000000000e+00
0.0000000000000000e+00
0.0000000000000000e+00
0.0000000000000000e+00
0.0000000000000000e+00
0.0000000000000000e+00
0.0000000000000000e+00
1.9514341990142597e-04
1.2730522797153299e-03
2.3725135608267957e-03
3.4725003362497324e-03
3.4993292898865703e-03
3.4999840333439507e-03
3.5004874809523617e-03
3.5009900541824565e-03
3.5014926225217921e-03
3.5019951909968563e-03
3.5024977596365592e-03
3.5024977596365592e-03
3.5024977596365592e-03
3.5024977596365592e-03
3.5025006605185357e-03
3.5025006605185357e-03
3.5025006605185357e-03
3.5025006605185357e-03
3.5025006731120240e-03
3.5025006731120240e-03
3.5025006731120240e-03
3.5025006731120240e-03
3.5025006731120240e-03
3.5025006731120240e-03
3.5025006731120240e-03
3.5025006731120240e-03
3.5025006731120240e-03
3.5025006731120240e-03
3.5025006731120240e-03
3.5025006731120240e-03
3.5025006731120240e-03
3.5025006731120240e-03
3.5025006731120240e-03
3.5025006731120240e-03
3.5025006731120240e-03
3.5025006731120240e-03
3.5025006731120240e-03
3.5025006731120240e-03
3.5025006731120240e-03
3.5025006731120240e-03
3.5025006731120240e-03
3.5025006731120240e-03
3.5025006731120240e-03
3.5025006731120240e-03
3.5025006731120240e-03
3.5025006731120240e-03
3.5025006731120240e-03
3.5025006731120240e-03
3.5025006731120240e-03
3.5025006731120240e-03
3.5025006731120240e-03
3.5025006731120240e-03
3.5025006731120240e-03
3.5025006731120240e-03
3.5025006731120240e-03
3.5025006731120240e-03
3.5025006731120240e-03
3.5025006731120240e-03
3.5025006731120240e-03
3.5025006731120240e-03
3.5025006731120240e-03
3.5025006731120240e-03
3.5025006731120240e-03
3.5025006731120240e-03
3.5025006731120240e-03
3.5025006731120240e-03
3.5025006731120240e-03
3.5025006731120240e-03
3.5025006731120240e-03
3.5025006731120240e-03
3.5025006731120240e-03
3.5025006731120240e-03
3.5025006731120240e-03
3.5025006731120240e-03
3.5025006731120240e-03
3.5025006731120240e-03
3.5025006731120240e-03
3.5025006731120240e-03
3.5025006731120240e-03
3.5025006731120240e-03
3.5025006731120240e-03
3.5025006731120240e-03
3.5025006731120240e-03
3.5025006731120240e-03
3.5025006731120240e-03
3.5025006731120240e-03
3.5025006731120240e-03
3.5025006731120240e-03
3.5025006731120240e-03
3.5025006731120240e-03
3.5025006731120240e-03
3.5025006731120240e-03
3.5025006731120240e-03
3.5025006731120240e-03
3.5025006731120240e-03
3.5025006731120240e-03
3.5025006731120240e-03
3.5025006731120240e-03
3.5025006731120240e-03
3.5025006731120240e-03
3.5025006731120240e-03
3.5025006731120240e-03
3.5025006731120240e-03
3.5025006731120240e-03
3.5025006731120240e-03
3.5025006731120240e-03
3.5025006731120240e-03
3.5025006731120240e-03
3.5025006731120240e-03
3.5025006731120240e-03
3.5025006731120240e-03
3.5025006731120240e-03
3.5025006731120240e-03
3.5025006731120240e-03
3.5025006731120240e-03
3.5025006731120240e-03
3.5025006731120240e-03
3.5025006731120240e-03
3.5025006731120240e-03
3.5025006731120240e-03
3.5025006731120240e-03
3.5025006731120240e-03
3.5025006731120240e-03
3.5025006731120240e-03
3.5025006731120240e-03
3.5025006731120240e-03
3.5025006731120240e-03
3.5025006731120240e-03
3.5025006731120240e-03
3.5025006731120240e-03
3.5025006731120240e-03
3.5025006731120240e-03
3.5025006731120240e-03
3.5025006731120240e-03
3.5025006731120240e-03
3.5025006731120240e-03
3.5025006731120240e-03
3.5025006731120240e-03
3.5025006731120240e-03
3.5025006731120240e-03
3.5025006731120240e-03
3.5025006731120240e-03
3.5025006731120240e-03
3.5025006731120240e-03
3.5025006731120240e-03
3.5025006731120240e-03
3.5025006731120240e-03
3.5025006731120240e-03
3.5025006731120240e-03
3.5025006731120240e-03
3.5025006731120240e-03
3.5025006731120240e-03
3.5025006731120240e-03
3.5025006731120240e-03
