0.0000000000000000e+00
4.4000000002331312e+01
8.8000000002138293e+01
1.3201320572442393e+02
1.7600000001958779e+02
2.1999998858827405e+02
2.6401318287029801e+02
3.0800088021595826e+02
3.5200000004842690e+02
3.9600000371418287e+02
4.4000000022541190e+02
4.4000000054909913e+02
4.4000001607721538e+02
4.4002000268570271e+02
4.4004010474052825e+02
4.4006020746921064e+02
4.4008031020834926e+02
4.4010041295410190e+02
4.4000000058783115e+02
4.3989958825991528e+02
4.4000000022976405e+02
4.4010002932162331e+02
4.4000000058921773e+02
4.3989997189495165e+02
4.4000000022810963e+02
4.4010002693707440e+02
4.4000000058917306e+02
4.3989997427944638e+02
4.4000000022800583e+02
4.4010002621475854e+02
4.4000000058920597e+02
4.3989997500173916e+02
4.4000000022804619e+02
4.4010002549252027e+02
4.4000000058921165e+02
4.3989997572403149e+02
4.4000000022808712e+02
4.4010002477027206e+02
4.4000000058923587e+02
4.3989997644638123e+02
4.4000000022805347e+02
4.4010002404794341e+02
4.4000000058917340e+02
4.3989997716856158e+02
4.4000000022810229e+02
4.4010002332572520e+02
4.4000000058927310e+02
4.3989997789092109e+02
4.4000000022814129e+02
4.4010002260341997e+02
4.4000000058928526e+02
4.3989997861326106e+02
4.4000000022810065e+02
4.4010002188110343e+02
4.4000000058936513e+02
4.3989997933580605e+02
4.4000000022827544e+02
4.4010002115883185e+02
4.4000000058948984e+02
4.3989998005820115e+02
4.4000000022823087e+02
4.4010002043642464e+02
4.4000000058943567e+02
4.3989998078055572e+02
4.4000000022823883e+02
4.4010001971400879e+02
4.4000000058945426e+02
4.3989998150298982e+02
4.4000000022831762e+02
4.4010001899170300e+02
4.4000000058957892e+02
4.3989998222554300e+02
4.4000000022842067e+02
4.4010001826942124e+02
4.4000000058962900e+02
4.3989998294788381e+02
4.4000000022835002e+02
4.4010001754695338e+02
4.4000000058959893e+02
4.3989998367039880e+02
4.4000000022845751e+02
4.4010001682460245e+02
4.4000000058963849e+02
4.3989998439271835e+02
4.4000000022844461e+02
4.4010001610221519e+02
4.4000000058961166e+02
4.3989998511504371e+02
4.4000000022836650e+02
4.4010001537964257e+02
4.4000000058954947e+02
4.3989998583752930e+02
4.4000000022836679e+02
4.4010001465718091e+02
4.4000000058957653e+02
4.3989998656004417e+02
4.4000000022836593e+02
4.4010001393486164e+02
4.4000000058966248e+02
4.3989998728259081e+02
4.4000000022841772e+02
4.4010001321243158e+02
4.4000000058968885e+02
4.3989998800519254e+02
4.4000000022853413e+02
4.4010001248996912e+02
4.4000000058976707e+02
4.3989998872766341e+02
4.4000000022856051e+02
4.4010001176750086e+02
4.4000000058977417e+02
4.3989998945015179e+02
4.4000000022849599e+02
4.4010001104490118e+02
4.4000000058967231e+02
4.3989999017263563e+02
4.4000000022844074e+02
4.4010001032240717e+02
4.4000000058965446e+02
4.3989999089507273e+02
4.4000000022839106e+02
4.4010000959978760e+02
4.4000000058963417e+02
4.3989999161762609e+02
4.4000000022840118e+02
4.4010000887728586e+02
4.4000000058962132e+02
4.3989999234008280e+02
4.4000000022839117e+02
4.4010000815470175e+02
4.4000000058959301e+02
4.3989999306257715e+02
4.4000000022836599e+02
4.4010000743228295e+02
4.4000000058968914e+02
4.3989999378522458e+02
4.4000000022844807e+02
4.4010000670970493e+02
4.4000000058963667e+02
4.3989999450764219e+02
4.4000000022839936e+02
4.4010000598726077e+02
4.4000000058967544e+02
4.3989999523014694e+02
4.4000000022837810e+02
4.4010000526468912e+02
4.4000000058968885e+02
4.3989999595271593e+02
4.4000000022839464e+02
4.4010000454216163e+02
4.4000000058966737e+02
4.3989999667525643e+02
4.4000000022831767e+02
4.4010000381954615e+02
4.4000000058965651e+02
4.3989999739789903e+02
4.4000000022844512e+02
4.4010000309700882e+02
4.4000000058969835e+02
4.3989999812049365e+02
4.4000000022838179e+02
