0.0000000000000000e+00
5.0535810150800434e-11
7.9867001703737321e-10
-8.8026395317879636e-03
8.1494034044474758e-09
5.2992053962227998e-06
-8.7920462722918952e-03
-2.1905072472372276e-03
1.1447342259905492e-08
-2.5594594629807283e-05
3.9508488440551030e-07
-7.9965484325511516e-08
-3.9465897304178309e-05
6.5781276431890424e-03
1.3234156107957985e-02
1.9890362176647119e-02
2.6546524456872281e-02
3.3202641683917379e-02
-3.9190174150225965e-07
-3.3203476233035253e-02
-1.5239159117670008e-07
3.3075481783303509e-02
-3.9263142358189683e-07
-3.3076317632659662e-02
-1.5116379667251133e-07
3.3075410874542729e-02
-3.9264607484289467e-07
-3.3076246642275382e-02
-1.5113228472676250e-07
3.3075893840573557e-02
-3.9245828758521807e-07
-3.3076729411934472e-02
-1.5119491510147683e-07
3.3076376796231835e-02
-3.9274567201195242e-07
-3.3077212569477162e-02
-1.5131434117346411e-07
3.3076859579325796e-02
-3.9284450487973021e-07
-3.3077695549155864e-02
-1.5113551016177901e-07
3.3077342781456201e-02
-3.9251057142444659e-07
-3.3078178432957989e-02
-1.5111692613041699e-07
3.3077825751709644e-02
-3.9263682042027166e-07
-3.3078661459963105e-02
-1.5113955669364403e-07
3.3078308779527013e-02
-3.9268952158967370e-07
-3.3079144561463041e-02
-1.5119027483719086e-07
3.3078791641905157e-02
-3.9271902879179894e-07
-3.3079627383495611e-02
-1.5115935000881585e-07
3.3079274696087832e-02
-3.9258464542773433e-07
-3.3080110353438039e-02
-1.5126987135841107e-07
3.3079757333273771e-02
-3.9271437805222300e-07
-3.3080593502433746e-02
-1.5131112042899189e-07
3.3080240287835044e-02
-3.9274403193054851e-07
-3.3081076365099125e-02
-1.5131053408970352e-07
3.3080723365635827e-02
-3.9276112245189724e-07
-3.3081559329529692e-02
-1.5118460392384637e-07
3.3081206392847395e-02
-3.9265918544240513e-07
-3.3082042361759996e-02
-1.5129915524507182e-07
3.3081689311317830e-02
-3.9282986715105223e-07
-3.3082525428656376e-02
-1.5142143566545450e-07
3.3082172286898484e-02
-3.9287896503265684e-07
-3.3083008390290339e-02
-1.5134527903241742e-07
3.3082655362604955e-02
-3.9286189783591637e-07
-3.3083491528785168e-02
-1.5138987991226260e-07
3.3083138340464710e-02
-3.9286427733462528e-07
-3.3083974481558816e-02
-1.5141763214971371e-07
3.3083621302482005e-02
-3.9283589940826598e-07
-3.3084457478748663e-02
-1.5125311877884194e-07
3.3084104436646979e-02
-3.9276382785129976e-07
-3.3084940381114029e-02
-1.5123189856330609e-07
3.3084587406249137e-02
-3.9279308371459222e-07
-3.3085423166744468e-02
-1.5109548304894249e-07
3.3085070448682453e-02
-3.9277487513211220e-07
-3.3085906263920113e-02
-1.5130873129619112e-07
3.3085553285051562e-02
-3.9280889525516618e-07
-3.3086389407276595e-02
-1.5133376063889300e-07
3.3086036332037674e-02
-3.9268009750057734e-07
-3.3086872320772426e-02
-1.5130523055474388e-07
3.3086519253740981e-02
-3.9289112866154177e-07
-3.3087355523874554e-02
-1.5131959713898072e-07
3.3087002260280579e-02
-3.9295666542436141e-07
-3.3087838627005213e-02
-1.5147081649202626e-07
3.3087485178107272e-02
-3.9296835877262267e-07
-3.3088321653688385e-02
-1.5162946682507331e-07
3.3087968054859015e-02
-3.9313226575498036e-07
-3.3088804689559187e-02
-1.5146743634008141e-07
3.3088451126223759e-02
-3.9320282728710757e-07
-3.3089287839463022e-02
-1.5154521253755199e-07
3.3088934174901406e-02
-3.9317183336653238e-07
-3.3089770915366273e-02
-1.5174329580341421e-07
3.3089417115013370e-02
-3.9320266179032384e-07
-3.3090253943515072e-02
-1.5159455945645903e-07
3.3089900237220929e-02
-3.9323433959001546e-07
-3.3090737071012420e-02
-1.5170424783336235e-07
3.3090383221087150e-02
-3.9314877115347870e-07
-3.3091219849262686e-02
-1.5153619855228652e-07
3.3090866497282156e-02
-3.9309167196219571e-07
-3.3091702906389693e-02
-1.5133393174362927e-07
3.3091349632267009e-02
-3.9283660090331793e-07
-3.3092185845578471e-02
-1.5128462108895148e-07
