2.9999999999999983e+02
2.9999999999999983e+02
2.9999999999999983e+02
2.9999999999999983e+02
2.9999999999999983e+02
2.9999999999999983e+02
2.9999999999999983e+02
3.0800088021595832e+02
3.5200000004842678e+02
3.9600000371418287e+02
4.4000000022541212e+02
4.4000000054909935e+02
4.4000001607721526e+02
4.4002000268570265e+02
4.4004010474052825e+02
4.4006020746921070e+02
4.4008031020834926e+02
4.4010041295410178e+02
4.4009991038546218e+02
4.4009991038546218e+02
4.4009991038546218e+02
4.4010002932162314e+02
4.4010002642074119e+02
4.4010002642074119e+02
4.4010002642074119e+02
4.4010002693707446e+02
4.4010002692448074e+02
4.4010002692448074e+02
4.4010002692448074e+02
4.4010002692448074e+02
4.4010002692448074e+02
4.4010002692448074e+02
4.4010002692448074e+02
4.4010002692448074e+02
4.4010002692448074e+02
4.4010002692448074e+02
4.4010002692448074e+02
4.4010002692448074e+02
4.4010002692448074e+02
4.4010002692448074e+02
4.4010002692448074e+02
4.4010002692448074e+02
4.4010002692448074e+02
4.4010002692448074e+02
4.4010002692448074e+02
4.4010002692448074e+02
4.4010002692448074e+02
4.4010002692448074e+02
4.4010002692448074e+02
4.4010002692448074e+02
4.4010002692448074e+02
4.4010002692448074e+02
4.4010002692448074e+02
4.4010002692448074e+02
4.4010002692448074e+02
4.4010002692448074e+02
4.4010002692448074e+02
4.4010002692448074e+02
4.4010002692448074e+02
4.4010002692448074e+02
4.4010002692448074e+02
4.4010002692448074e+02
4.4010002692448074e+02
4.4010002692448074e+02
4.4010002692448074e+02
4.4010002692448074e+02
4.4010002692448074e+02
4.4010002692448074e+02
4.4010002692448074e+02
4.4010002692448074e+02
4.4010002692448074e+02
4.4010002692448074e+02
4.4010002692448074e+02
4.4010002692448074e+02
4.4010002692448074e+02
4.4010002692448074e+02
4.4010002692448074e+02
4.4010002692448074e+02
4.4010002692448074e+02
4.4010002692448074e+02
4.4010002692448074e+02
4.4010002692448074e+02
4.4010002692448074e+02
4.4010002692448074e+02
4.4010002692448074e+02
4.4010002692448074e+02
4.4010002692448074e+02
4.4010002692448074e+02
4.4010002692448074e+02
4.4010002692448074e+02
4.4010002692448074e+02
4.4010002692448074e+02
4.4010002692448074e+02
4.4010002692448074e+02
4.4010002692448074e+02
4.4010002692448074e+02
4.4010002692448074e+02
4.4010002692448074e+02
4.4010002692448074e+02
4.4010002692448074e+02
4.4010002692448074e+02
4.4010002692448074e+02
4.4010002692448074e+02
4.4010002692448074e+02
4.4010002692448074e+02
4.4010002692448074e+02
4.4010002692448074e+02
4.4010002692448074e+02
4.4010002692448074e+02
4.4010002692448074e+02
4.4010002692448074e+02
4.4010002692448074e+02
4.4010002692448074e+02
4.4010002692448074e+02
4.4010002692448074e+02
4.4010002692448074e+02
4.4010002692448074e+02
4.4010002692448074e+02
4.4010002692448074e+02
4.4010002692448074e+02
4.4010002692448074e+02
4.4010002692448074e+02
4.4010002692448074e+02
4.4010002692448074e+02
4.4010002692448074e+02
4.4010002692448074e+02
4.4010002692448074e+02
4.4010002692448074e+02
4.4010002692448074e+02
4.4010002692448074e+02
4.4010002692448074e+02
4.4010002692448074e+02
4.4010002692448074e+02
4.4010002692448074e+02
4.4010002692448074e+02
4.4010002692448074e+02
4.4010002692448074e+02
4.4010002692448074e+02
4.4010002692448074e+02
4.4010002692448074e+02
4.4010002692448074e+02
4.4010002692448074e+02
4.4010002692448074e+02
4.4010002692448074e+02
4.4010002692448074e+02
4.4010002692448074e+02
4.4010002692448074e+02
4.4010002692448074e+02
4.4010002692448074e+02
4.4010002692448074e+02
4.4010002692448074e+02
4.4010002692448074e+02
4.4010002692448074e+02
4.4010002692448074e+02
4.4010002692448074e+02
4.4010002692448074e+02
4.4010002692448074e+02
4.4010002692448074e+02
4.4010002692448074e+02
4.4010002692448074e+02
4.4010002692448074e+02
