0.0000000000000000e+00
-4.4000000002315339e+01
-8.8000000001306120e+01
-1.3202200836391737e+02
-1.7600000001139034e+02
-2.1999998328901694e+02
-2.6402197491651168e+02
-3.0800307072318657e+02
-3.5200000003694322e+02
-3.9600002930877076e+02
-4.3999999983032461e+02
-4.4000000062902200e+02
-4.4000005554314055e+02
-4.4001342455810425e+02
-4.4002687058449965e+02
-4.4004031710717317e+02
-4.4005376368405945e+02
-4.4006721031258564e+02
-4.4000000097975840e+02
-4.3993279173604412e+02
-4.4000000038223595e+02
-4.4006695384007963e+02
-4.4000000098187098e+02
-4.3993304821239997e+02
-4.4000000037931807e+02
-4.4006695152646074e+02
-4.4000000098185916e+02
-4.3993305052586118e+02
-4.4000000037913401e+02
-4.4006695032114942e+02
-4.4000000098168067e+02
-4.3993305173094041e+02
-4.4000000037926526e+02
-4.4006694911599334e+02
-4.4000000098197370e+02
-4.3993305293638025e+02
-4.4000000037942141e+02
-4.4006694791093446e+02
-4.4000000098208898e+02
-4.3993305414169788e+02
-4.4000000037923314e+02
-4.4006694670549206e+02
-4.4000000098179123e+02
-4.3993305534683509e+02
-4.4000000037930062e+02
-4.4006694550031466e+02
-4.4000000098203316e+02
-4.3993305655227016e+02
-4.4000000037938702e+02
-4.4006694429499612e+02
-4.4000000098209938e+02
-4.3993305775769005e+02
-4.4000000037938827e+02
-4.4006694308979746e+02
-4.4000000098218806e+02
-4.3993305896304213e+02
-4.4000000037951111e+02
-4.4006694188442094e+02
-4.4000000098211865e+02
-4.3993306016838903e+02
-4.4000000037954669e+02
-4.4006694067935211e+02
-4.4000000098218334e+02
-4.3993306137385343e+02
-4.4000000037957983e+02
-4.4006693947396508e+02
-4.4000000098227144e+02
-4.3993306257923666e+02
-4.4000000037967789e+02
-4.4006693826860015e+02
-4.4000000098239747e+02
-4.3993306378471300e+02
-4.4000000037966799e+02
-4.4006693706333044e+02
-4.4000000098234574e+02
-4.3993306499004257e+02
-4.4000000037966583e+02
-4.4006693585784802e+02
-4.4000000098237933e+02
-4.3993306619553016e+02
-4.4000000037983096e+02
-4.4006693465254733e+02
-4.4000000098246807e+02
-4.3993306740075820e+02
-4.4000000037970710e+02
-4.4006693344710868e+02
-4.4000000098241929e+02
-4.3993306860623920e+02
-4.4000000037974257e+02
-4.4006693224163598e+02
-4.4000000098241907e+02
-4.3993306981167734e+02
-4.4000000037973911e+02
-4.4006693103616851e+02
-4.4000000098241208e+02
-4.3993307101718995e+02
-4.4000000037963264e+02
-4.4006692983079756e+02
-4.4000000098248324e+02
-4.3993307222270886e+02
-4.4000000037969966e+02
-4.4006692862539552e+02
-4.4000000098254401e+02
-4.3993307342812261e+02
-4.4000000037971438e+02
-4.4006692741989434e+02
-4.4000000098259477e+02
-4.3993307463370888e+02
-4.4000000037990492e+02
-4.4006692621451685e+02
-4.4000000098261290e+02
-4.3993307583928015e+02
-4.4000000037979021e+02
-4.4006692500881223e+02
-4.4000000098235171e+02
-4.3993307704468208e+02
-4.4000000037973587e+02
-4.4006692380341121e+02
-4.4000000098254907e+02
-4.3993307825033929e+02
-4.4000000037973177e+02
-4.4006692259781641e+02
-4.4000000098262097e+02
-4.3993307945603158e+02
-4.4000000037986570e+02
-4.4006692139231859e+02
-4.4000000098259306e+02
-4.3993308066152707e+02
-4.4000000038000866e+02
-4.4006692018687841e+02
-4.4000000098276115e+02
-4.3993308186708282e+02
-4.4000000037987985e+02
-4.4006691898139366e+02
-4.4000000098290667e+02
-4.3993308307285810e+02
-4.4000000038000360e+02
-4.4006691777581574e+02
-4.4000000098280441e+02
-4.3993308427831221e+02
-4.4000000038012553e+02
-4.4006691657039789e+02
-4.4000000098288274e+02
-4.3993308548385892e+02
-4.4000000037998666e+02
-4.4006691536468628e+02
-4.4000000098291281e+02
-4.3993308668955194e+02
-4.4000000038010688e+02
-4.4006691415916032e+02
-4.4000000098285921e+02
-4.3993308789498423e+02
-4.4000000037988548e+02
-4.4006691295328193e+02
-4.4000000098279537e+02
-4.3993308910063757e+02
-4.4000000037983312e+02
-4.4006691174768474e+02
-4.4000000098260273e+02
-4.3993309030620469e+02
-4.4000000037980374e+02
