0.0000000000000000e+00
-1.8587725300331075e-11
8.6574434861052237e-10
-8.8026394550750637e-03
8.2453956485920211e-09
5.2993090043763218e-06
-8.7920461549642007e-03
-2.1905072092304662e-03
1.1520143872767118e-08
-2.5594580897599011e-05
3.9509002580617564e-07
-7.9880079044971686e-08
-3.9465953537257707e-05
6.5781275542344435e-03
1.3234155948965475e-02
1.9890361898405255e-02
2.6546524122432184e-02
3.3202641348740888e-02
-3.9195247977828887e-07
-3.3203476024314116e-02
-1.5255193584758694e-07
3.3075481304232948e-02
-3.9267521523008004e-07
-3.3076317264007296e-02
-1.5125247200374307e-07
3.3075410352768023e-02
-3.9272592631060157e-07
-3.3076246187399773e-02
-1.5112404694068970e-07
3.3075893377590093e-02
-3.9249148009606535e-07
-3.3076728990689558e-02
-1.5124320505420881e-07
3.3076376257482804e-02
-3.9277824329955339e-07
-3.3077212128030109e-02
-1.5135424097886620e-07
3.3076859096002297e-02
-3.9286229928143312e-07
-3.3077695083379384e-02
-1.5122358483984439e-07
3.3077342121500611e-02
-3.9272483910189141e-07
-3.3078178114435509e-02
-1.5127950476046622e-07
3.3077825069533690e-02
-3.9288305290058715e-07
-3.3078661238439423e-02
-1.5135192684064218e-07
3.3078308067783398e-02
-3.9293858169973118e-07
-3.3079144296462908e-02
-1.5138413333670301e-07
3.3078790969902558e-02
-3.9292729033465057e-07
-3.3079627088520393e-02
-1.5131213069143196e-07
3.3079274125480590e-02
-3.9267253337054241e-07
-3.3080110022277578e-02
-1.5136172284652335e-07
3.3079756811936360e-02
-3.9278101951806774e-07
-3.3080593092711677e-02
-1.5137074786155246e-07
3.3080239799606934e-02
-3.9288992090977034e-07
-3.3081076128604198e-02
-1.5140972175237267e-07
3.3080722840324012e-02
-3.9287564073398456e-07
-3.3081559011390066e-02
-1.5130981522078688e-07
3.3081205788896034e-02
-3.9277454899766597e-07
-3.3082041956060806e-02
-1.5133286444764040e-07
3.3081688899589366e-02
-3.9273120634749471e-07
-3.3082524835040497e-02
-1.5132576032781611e-07
3.3082171823359000e-02
-3.9278042555639843e-07
-3.3083007690062123e-02
-1.5118012189600431e-07
3.3082654850678891e-02
-3.9275342348699238e-07
-3.3083490861831620e-02
-1.5136198690624744e-07
3.3083137672589712e-02
-3.9287501377961794e-07
-3.3083973813894295e-02
-1.5132665692741257e-07
3.3083620721954608e-02
-3.9283469053176879e-07
-3.3084456812923740e-02
-1.5128003629640678e-07
3.3084103691865478e-02
-3.9287790715240758e-07
-3.3084939854715265e-02
-1.5133169118097011e-07
3.3084586665767045e-02
-3.9291756311537219e-07
-3.3085422693306506e-02
-1.5126503127940788e-07
3.3085069700694192e-02
-3.9288048470299988e-07
-3.3085905827253841e-02
-1.5137982197895648e-07
3.3085552683136982e-02
-3.9286826130002938e-07
-3.3086388849514807e-02
-1.5125374461745378e-07
3.3086035845940456e-02
-3.9267885235407551e-07
-3.3086871772392147e-02
-1.5128531259890482e-07
3.3086518738334833e-02
-3.9289772113105741e-07
-3.3087355009531368e-02
-1.5136274248403726e-07
3.3087001681867657e-02
-3.9301651984892790e-07
-3.3087838184383954e-02
-1.5145790209507486e-07
3.3087484756451756e-02
-3.9297501403784758e-07
-3.3088321235419493e-02
-1.5160567669978466e-07
3.3087967591702738e-02
-3.9320360694204898e-07
-3.3088804322325020e-02
-1.5155994720153265e-07
3.3088450652374563e-02
-3.9323202825980690e-07
-3.3089287427913082e-02
-1.5156643904610559e-07
3.3088933603672030e-02
-3.9316365367482959e-07
-3.3089770424591380e-02
-1.5170895403876588e-07
3.3089416610954721e-02
-3.9321168272211605e-07
-3.3090253480112873e-02
-1.5162229419701609e-07
3.3089899768257207e-02
-3.9321352849431715e-07
-3.3090736601201723e-02
-1.5172041918164086e-07
3.3090382781177922e-02
-3.9323512891445534e-07
-3.3091219607085297e-02
-1.5159946816105033e-07
3.3090866031075417e-02
-3.9318576482913925e-07
-3.3091702571083043e-02
-1.5144273971387050e-07
3.3091349015847857e-02
-3.9297242138388015e-07
-3.3092185576279243e-02
-1.5155931082654460e-07
