0.0000000000000000e+00
-4.1346321703418986e-03
-4.2640546261889511e-03
-4.3885138749235747e-03
-4.5081864192702730e-03
-4.6232561732426217e-03
-4.7339001673793301e-03
-4.8402886232197968e-03
-4.9425852153179763e-03
-5.0409473230528480e-03
-5.1355262727509517e-03
-5.2264675704925398e-03
-5.3139111259730663e-03
-5.3979914677431216e-03
-5.4788379501798882e-03
-5.5565749524914693e-03
-5.6313220700673350e-03
-5.7031942984795128e-03
-5.7723022103883751e-03
-5.8387521256623972e-03
-5.9026462749415948e-03
-5.9640829569207344e-03
-6.0231566895749961e-03
-6.0799583555717334e-03
-6.1345753420901476e-03
-6.1870916752667770e-03
-6.2375881494620422e-03
-6.2861424515591648e-03
-6.3328292804878377e-03
-6.3777204621389642e-03
-6.4208850598706053e-03
-6.4623894807571535e-03
-6.5022975777551204e-03
-6.5406707479378403e-03
-6.5775680269530030e-03
-6.6130461798447806e-03
-6.6471597883882181e-03
-6.6799613350585580e-03
-6.7115012837755143e-03
-6.7418281575364111e-03
-6.7709886130716823e-03
-6.7990275126198069e-03
-6.8259879929506682e-03
-6.8519115317271419e-03
-6.8768380113170720e-03
-6.9008057801493829e-03
-6.9247741234498665e-03
-6.9461111310526241e-03
-6.9674485939327045e-03
-6.9887865121095625e-03
-7.0076941091820714e-03
-7.0266020637598393e-03
-7.0455103758545841e-03
-7.0624124148277968e-03
-7.0793147394841317e-03
-7.0962173498338834e-03
-7.1110786583928444e-03
-7.1259401878131911e-03
-7.1408019381027088e-03
-7.1542825998075262e-03
-7.1677634432439985e-03
-7.1812444684151884e-03
-7.1927709401540252e-03
-7.2042975447539270e-03
-7.2158242822182913e-03
-7.2273511525488476e-03
-7.2373957662806073e-03
-7.2474404809089862e-03
-7.2574852964346036e-03
-7.2665719069553427e-03
-7.2756586000424089e-03
-7.2847453756991762e-03
-7.2925519169695719e-03
-7.3003585191824417e-03
-7.3081651823382167e-03
-7.3159719064389318e-03
-7.3227069070128008e-03
-7.3294419529471759e-03
-7.3361770442427580e-03
-7.3429121809002939e-03
-7.3484813273126262e-03
-7.3540505047403996e-03
-7.3598992579741659e-03
-7.3657480454169073e-03
-7.3705040563686345e-03
-7.3752600899395296e-03
-7.3802641791286001e-03
-7.3852682933597986e-03
-7.3893259203612234e-03
-7.3933835638262477e-03
-7.3976688155099873e-03
-7.4019540855562345e-03
-7.4054121312675039e-03
-7.4088701889364721e-03
-7.4125434921615795e-03
-7.4162168088798153e-03
-7.4191602902285853e-03
-7.4221037802406431e-03
-7.4252559768518810e-03
-7.4284081833989506e-03
-7.4309102131345211e-03
-7.4334122491307372e-03
-7.4361205747060597e-03
-7.4388289076159223e-03
-7.4409523283423453e-03
-7.4430757535784023e-03
-7.4454059005493317e-03
-7.4477360529501381e-03
-7.4495348540877778e-03
-7.4513336584607487e-03
-7.4533415212104251e-03
-7.4553493879916865e-03
-7.4568699328907114e-03
-7.4583904801012301e-03
-7.4601236321245410e-03
-7.4618567871505533e-03
-7.4631388745222908e-03
-7.4644209635372433e-03
-7.4659199086327590e-03
-7.4674188559753860e-03
-7.4684966370354563e-03
-7.4695744192581088e-03
-7.4708736520032529e-03
-7.4721728864370974e-03
-7.4730756566068418e-03
-7.4739784275918587e-03
-7.4751073326840478e-03
-7.4762362390512873e-03
-7.4769891207804662e-03
-7.4777420030759066e-03
-7.4787256184606285e-03
-7.4797092348129713e-03
-7.4803337660331254e-03
-7.4809582976432601e-03
-7.4818179623812563e-03
-7.4826776278579966e-03
-7.4831922687508441e-03
-7.4837069099092171e-03
-7.4844608144705432e-03
-7.4852147196000779e-03
-7.4856352887281673e-03
-7.4860558580335003e-03
-7.4867195119172267e-03
-7.4873831662407454e-03
-7.4877232156747887e-03
-7.4880632652242641e-03
-7.4886498944873037e-03
-7.4892365240939729e-03
-7.4895076618888209e-03
-7.4897787997564051e-03
-7.4902996850989634e-03
-7.4908205707127735e-03
-7.4910327379907448e-03
-7.4912449053133618e-03
-7.4917096697096298e-03
-7.4921744343227122e-03
-7.4923361432505916e-03
-7.4924978522048144e-03
-7.4929147056909205e-03
-7.4933315593506186e-03
-7.4934500974380130e-03
