0.0000000000000000e+00
1.0673064415183875e-03
1.1320272513038411e-03
1.1942569215721884e-03
1.2540931948964054e-03
1.3116280729950076e-03
1.3669500710926986e-03
1.4201442999643289e-03
1.4712925968938780e-03
1.5204736515744563e-03
1.5677631271753696e-03
1.6132337767408203e-03
1.6569555551240705e-03
1.6989957266032470e-03
1.7394189683713202e-03
1.7782874700340385e-03
1.8156610292922729e-03
1.8515971439316496e-03
1.8861511002861721e-03
1.9193760582933176e-03
1.9513231332757548e-03
1.9820414745819939e-03
2.0115783412020024e-03
2.0399791744695984e-03
2.0672876679802658e-03
2.0935458347998907e-03
2.1187940721107148e-03
2.1430712233577857e-03
2.1664146380047768e-03
2.1888602289995875e-03
2.2104425280212491e-03
2.2311947386093973e-03
2.2511487872407744e-03
2.2703353724563054e-03
2.2887840120767982e-03
2.3065230886283859e-03
2.3235798929974265e-03
2.3399806664233034e-03
2.3557506408646975e-03
2.3709140778226659e-03
2.3854943056612478e-03
2.3995137555007516e-03
2.4129939957277090e-03
2.4259557651721683e-03
2.4384190050191607e-03
2.4504028894840142e-03
2.4623866303373487e-03
2.4730555610873242e-03
2.4837243780122661e-03
2.4943930811154244e-03
2.5038470508038963e-03
2.5133009311151967e-03
2.5227547220518071e-03
2.5312062048313761e-03
2.5396576161847103e-03
2.5481089561125111e-03
2.5555393265216521e-03
2.5629696417209264e-03
2.5703999017109565e-03
2.5771412986803845e-03
2.5838826502027948e-03
2.5906239562798446e-03
2.5963854676209672e-03
2.6021469457666452e-03
2.6079083907171357e-03
2.6136698024746383e-03
2.6186978817401125e-03
2.6237259357236443e-03
2.6287539644257144e-03
2.6332859528744980e-03
2.6378179207845937e-03
2.6423498681558259e-03
2.6462759574715665e-03
2.6502020313723226e-03
2.6541280898596956e-03
2.6580541329328704e-03
2.6613534526951890e-03
2.6646527615716039e-03
2.6679520595642341e-03
2.6712513466698429e-03
2.6742406631098344e-03
2.6772299706135845e-03
2.6799496291564379e-03
2.6826692803025775e-03
2.6852520279203218e-03
2.6878347688683193e-03
2.6901320897332517e-03
2.6924294053206847e-03
2.6946629600572650e-03
2.6968965098057435e-03
2.6988344079227709e-03
2.7007723022840885e-03
2.7027060656051012e-03
2.7046398251862674e-03
2.7062717462485375e-03
2.7079036646475594e-03
2.7095801451487681e-03
2.7112566228393842e-03
2.7126279885921725e-03
2.7139993524642357e-03
2.7154551066435606e-03
2.7169108587044837e-03
2.7180602875189093e-03
2.7192097150123603e-03
2.7204761642781548e-03
2.7217426119393725e-03
2.7227029504409000e-03
2.7236632880198951e-03
2.7247674271687907e-03
2.7258715650996940e-03
2.7266707607727647e-03
2.7274699558060638e-03
2.7284349665851948e-03
2.7293999764329219e-03
2.7300618162295911e-03
2.7307236555885366e-03
2.7315694374096390e-03
2.7324152185159850e-03
2.7329599544843996e-03
2.7335046901566570e-03
2.7342483186735640e-03
2.7349919466369698e-03
2.7354368261698174e-03
2.7358817055047175e-03
2.7365378284629331e-03
2.7371939509898565e-03
2.7375536665112206e-03
2.7379133819012340e-03
2.7384945605530685e-03
2.7390757388661563e-03
2.7393628093995170e-03
2.7396498798499414e-03
2.7401668831818576e-03
2.7406838862471215e-03
2.7409089813607711e-03
2.7411340764230104e-03
2.7415961345429239e-03
2.7420581924492604e-03
2.7422304074046300e-03
2.7424026223310874e-03
2.7428176445310564e-03
2.7432326665597067e-03
2.7433597561277792e-03
2.7434868456804413e-03
2.7438616080056859e-03
2.7442363701905745e-03
2.7443249474124187e-03
2.7444135246275743e-03
2.7447538311122796e-03
2.7450941374811298e-03
2.7451498427185595e-03
2.7452055479542182e-03
2.7455163691650969e-03
2.7458271902796494e-03
2.7458548350267845e-03
2.7458824797722803e-03
2.7461680717956994e-03
2.7464536637375808e-03
2.7464573530175326e-03
2.7464610422970256e-03
2.7467250488911830e-03
