0.0000000000000000e+00
1.0673064415180837e-03
1.1320272513034371e-03
1.1942569215716290e-03
1.2540931948957850e-03
1.3116280729945768e-03
1.3669500710926817e-03
1.4201442999645301e-03
1.4712925968931650e-03
1.5204736515740248e-03
1.5677631271746541e-03
1.6132337767402092e-03
1.6569555551232806e-03
1.6989957266020383e-03
1.7394189683696500e-03
1.7782874700330981e-03
1.8156610292906041e-03
1.8515971439300144e-03
1.8861511002848910e-03
1.9193760582913544e-03
1.9513231332749376e-03
1.9820414745809461e-03
2.0115783412005105e-03
2.0399791744691847e-03
2.0672876679794488e-03
2.0935458347993334e-03
2.1187940721100842e-03
2.1430712233568012e-03
2.1664146380038773e-03
2.1888602289981151e-03
2.2104425280204346e-03
2.2311947386083101e-03
2.2511487872408260e-03
2.2703353724559750e-03
2.2887840120768953e-03
2.3065230886276655e-03
2.3235798929969955e-03
2.3399806664226208e-03
2.3557506408640465e-03
2.3709140778226195e-03
2.3854943056603795e-03
2.3995137555004936e-03
2.4129939957275998e-03
2.4259557651718036e-03
2.4384190050188823e-03
2.4504028894835246e-03
2.4623866303369983e-03
2.4730555610856203e-03
2.4837243780102434e-03
2.4943930811124047e-03
2.5038470508015969e-03
2.5133009311145340e-03
2.5227547220524073e-03
2.5312062048300499e-03
2.5396576161817170e-03
2.5481089561070203e-03
2.5555393265209083e-03
2.5629696417243455e-03
2.5703999017183997e-03
2.5771412986795085e-03
2.5838826501942283e-03
2.5906239562632190e-03
2.5963854676197065e-03
2.6021469457819446e-03
2.6079083907482748e-03
2.6136698025223527e-03
2.6186978817388466e-03
2.6237259356735763e-03
2.6287539643267228e-03
2.6332859528727160e-03
2.6378179208799398e-03
2.6423498683487453e-03
2.6462759574692098e-03
2.6502020311756067e-03
2.6541280894672998e-03
2.6580541323456821e-03
2.6613534526912417e-03
2.6646527621514617e-03
2.6679520607252147e-03
2.6712513484152970e-03
2.6742406631045466e-03
2.6772299688583058e-03
2.6799496291524307e-03
2.6826692820496323e-03
2.6852520279163376e-03
2.6878347671136218e-03
2.6901320897300017e-03
2.6924294070683496e-03
2.6946629600533047e-03
2.6968965080497787e-03
2.6988344079194619e-03
2.7007723040337267e-03
2.7027060656012484e-03
2.7046398234288481e-03
2.7062717462453122e-03
2.7079036663982528e-03
2.7095801451445202e-03
2.7112566210808322e-03
2.7126279885889464e-03
2.7139993542172566e-03
2.7154551066397737e-03
2.7169108569442837e-03
2.7180602875166741e-03
2.7192097167683324e-03
2.7204761642734719e-03
2.7217426101747758e-03
2.7227029504379588e-03
2.7236632897786502e-03
2.7247674271647154e-03
2.7258715633324835e-03
2.7266707607690992e-03
2.7274699575669712e-03
2.7284349665799281e-03
2.7293999746614860e-03
2.7300618162250205e-03
2.7307236573508287e-03
2.7315694374043342e-03
2.7324152167421253e-03
2.7329599544792743e-03
2.7335046919202350e-03
2.7342483186674916e-03
2.7349919448613051e-03
2.7354368261658045e-03
2.7358817072722268e-03
2.7365378284572406e-03
2.7371939492121674e-03
2.7375536665064431e-03
2.7379133836724474e-03
2.7384945605475582e-03
2.7390757370855663e-03
2.7393628093956767e-03
2.7396498816228548e-03
2.7401668831755900e-03
2.7406838844609939e-03
2.7409089813556172e-03
2.7411340781991842e-03
2.7415961345364070e-03
2.7420581906598697e-03
2.7422304074002568e-03
2.7424026241115646e-03
2.7428176445260274e-03
2.7432326647685314e-03
2.7433597561246715e-03
2.7434868474646929e-03
2.7438616080011488e-03
2.7442363683972903e-03
2.7443249474101740e-03
2.7444135264151634e-03
2.7447538311079914e-03
2.7450941356843349e-03
2.7451498427149496e-03
2.7452055497435798e-03
2.7455163691594998e-03
2.7458271884793616e-03
2.7458548350226953e-03
2.7458824815644214e-03
2.7461680717903426e-03
2.7464536619350262e-03
2.7464573530130570e-03
2.7464610440906686e-03
2.7467250488847441e-03
