0.0000000000000000e+00
1.3461655106117092e-04
2.6405439955676100e-04
3.8851384782282762e-04
5.0818639408656524e-04
6.2325614996197511e-04
7.3390014585963449e-04
8.4028860332750061e-04
9.4258519693010971e-04
1.0409473060556832e-03
1.1355262570385161e-03
1.2264675559684386e-03
1.3139111125468645e-03
1.3979914553321523e-03
1.4788379387069644e-03
1.5565749418849431e-03
1.6313220602632177e-03
1.7031942894157903e-03
1.7723022020094423e-03
1.8387521179158966e-03
1.9026462677806783e-03
1.9640829503010629e-03
2.0231566834550754e-03
2.0799583499135381e-03
2.1345753368597971e-03
2.1870916704314087e-03
2.2375881449912646e-03
2.2861424474265200e-03
2.3328292766670619e-03
2.3777204586067874e-03
2.4208850566051162e-03
2.4623894777383078e-03
2.5022975749641086e-03
2.5406707453572938e-03
2.5775680245664657e-03
2.6130461776382656e-03
2.6471597863482587e-03
2.6799613331728728e-03
2.7115012820316969e-03
2.7418281559242843e-03
2.7709886115808123e-03
2.7990275112417971e-03
2.8259879916770203e-03
2.8519115305495881e-03
2.8768380102279175e-03
2.9008057791430042e-03
2.9239555678124860e-03
2.9461111234818285e-03
2.9674183831167877e-03
2.9880018663143710e-03
3.0076941027244310e-03
3.0266259097895907e-03
3.0449089064892259e-03
3.0624124104259207e-03
3.0792508342360522e-03
3.0955217996238181e-03
3.1110786538364023e-03
3.1260262106105677e-03
3.1404539014629014e-03
3.1542825977216894e-03
3.1676002166763249e-03
3.1804817730791686e-03
3.1927709359755533e-03
3.2045546511451162e-03
3.2159071044068578e-03
3.2268915942415322e-03
3.2373957638799889e-03
3.2474901096770639e-03
3.2572347821062091e-03
3.2665719059481401e-03
3.2755612967450142e-03
3.2842539916491452e-03
3.2925519151876343e-03
3.3005130065084107e-03
3.3081867017445460e-03
3.3156151818971641e-03
3.3227069057605255e-03
3.3295112974946672e-03
3.3360705278846639e-03
3.3424205788290880e-03
3.3484813259267079e-03
3.3542952283964938e-03
3.3598992580749732e-03
3.3653242174191420e-03
3.3705040553212266e-03
3.3754747464327405e-03
3.3802641792598266e-03
3.3848989563316396e-03
3.3893259196317010e-03
3.3935755682884959e-03
3.3976688156574179e-03
3.4016286159252716e-03
3.4054121307593426e-03
3.4090452320178128e-03
3.4125434923189674e-03
3.4159267014219064e-03
3.4191602898762758e-03
3.4222662161006853e-03
3.4252559770133876e-03
3.4281466213707808e-03
3.4309102128935029e-03
3.4335653978717026e-03
3.4361205748698674e-03
3.4385904212785928e-03
3.4409523281818026e-03
3.4432221367489821e-03
3.4454059007133662e-03
3.4475162481196002e-03
3.4495348539847104e-03
3.4514751822357749e-03
3.4533415213738854e-03
3.4551447301242729e-03
3.4568699328310611e-03
3.4585285775837931e-03
3.4601236322857115e-03
3.4616644294576844e-03
3.4631388744945247e-03
3.4645567051512722e-03
3.4659199087930552e-03
3.4672365025003086e-03
3.4684966370328646e-03
3.4697085982539001e-03
3.4708736521612848e-03
3.4719986828754303e-03
3.4730756566223528e-03
3.4741116261599084e-03
3.4751073328404170e-03
3.4760686856333324e-03
3.4769891208110311e-03
3.4778746433649053e-03
3.4787256186147803e-03
3.4795471167092455e-03
3.4803337660750861e-03
3.4810906810400616e-03
3.4818179625334617e-03
3.4825199595464296e-03
3.4831922688021055e-03
3.4838392472107465e-03
3.4844608146208716e-03
3.4850607003321134e-03
3.4856352887873698e-03
3.4861882925536292e-03
3.4867195120661795e-03
3.4872321443633674e-03
3.4877232157398950e-03
3.4881958904245942e-03
3.4886498946346224e-03
3.4890879684307823e-03
3.4895076619580272e-03
3.4899116726587126e-03
3.4902996852445752e-03
3.4906740475820052e-03
3.4910327380644843e-03
3.4913780566531976e-03
3.4917096698548755e-03
3.4920295890564701e-03
3.4923361433279823e-03
3.4926312940714095e-03
3.4929147058341469e-03
3.4931881014147897e-03
3.4934500975183740e-03
