0.0000000000000000e+00
-1.0100345383741948e-03
-9.0336982089286273e-07
-1.6041889595809415e-06
-1.4860242695985771e-06
-1.3739568313787308e-06
-1.2702258015040338e-06
-1.1743339696354869e-06
-1.0856913928312880e-06
-1.0037611345525427e-06
-9.2799116557700782e-07
-8.5798811693362467e-07
-7.9316614930437463e-07
-7.3329979034204526e-07
-6.7789732408865855e-07
-6.2669207690637896e-07
-5.7934326481941653e-07
-5.3564217890849441e-07
-4.9532589905239341e-07
-4.5809453216016469e-07
-4.2338142280586375e-07
-3.9148243410843191e-07
-3.6199048283096413e-07
-3.3479014750753092e-07
-3.0938666239404948e-07
-2.8603992520319360e-07
-2.6454527502751071e-07
-2.4454461263999236e-07
-2.2612292970975993e-07
-2.0909831587258178e-07
-1.9333098514756412e-07
-1.7870168881135247e-07
-1.6525292744640744e-07
-1.5272422425096589e-07
-1.4131570624890512e-07
-1.3074951533925098e-07
-1.2091265074523403e-07
-1.1178625453769315e-07
-1.0343949707739717e-07
-9.5505472147723035e-08
-8.8440088376979999e-08
-8.1807083103208671e-08
-7.5564298043622749e-08
-6.9948192690258286e-08
-6.4706092947630034e-08
-5.9788662849113285e-08
3.5940523738458387e-02
-4.4841704009787460e-07
1.3435396719336829e-03
3.4493625254391716e-02
-3.8269804653147629e-07
-1.0669599858873667e-03
2.6382658058943929e-02
-2.6102677156143285e-07
2.8552044023765566e-03
3.0653698914577265e-02
-2.7040952843568276e-07
-3.8645873380764671e-03
1.5125761186383670e-02
-1.2370151200304213e-07
7.3453980320008234e-03
3.3861677285907436e-02
-2.4861891729205950e-07
-1.1634162643904749e-02
-4.3042412243872140e-03
1.9204383010740594e-02
-1.4105610994321329e-07
-1.1813051005283254e-03
1.3014270002843374e-02
-6.2160513930966438e-08
2.2786119443745584e-03
1.7604657485573414e-02
-1.0034224165938124e-07
-2.7896349005889927e-03
7.0608638219900556e-03
2.7695431882620671e-02
-8.8203507366243387e-08
-1.5056906369903252e-02
-1.9330537202352654e-02
-1.4404184120477774e-02
-3.6201183945258087e-08
2.5262338088385312e-02
2.4651819432373351e-08
-1.7386001246239582e-02
-1.1939864525726004e-09
2.6586288622623175e-02
2.3390265488374215e-08
-1.9783419548224750e-02
9.6071154580700278e-09
2.7583680784167355e-02
2.2430280984291337e-08
-2.1713432498472209e-02
1.6552769334394223e-08
2.8330478616087940e-02
2.1982587290588936e-08
-2.3269244497833182e-02
2.0740656855209594e-08
2.8885548414432975e-02
2.1589465770514686e-08
-2.4525144989023785e-02
2.3351099028945892e-08
2.9294431387670187e-02
2.1547028165299744e-08
-2.5540397596792448e-02
2.5092561022931337e-08
2.9592293845628032e-02
2.1505302509904606e-08
-2.6362323621756771e-02
2.5779573114061416e-08
2.9806233463978777e-02
2.1645207496939714e-08
-2.7028743003345616e-02
2.6354899119090024e-08
2.9957080084456272e-02
2.1616138061520573e-08
-2.7569914734521115e-02
2.6492298133617547e-08
3.0060802250318326e-02
2.1720641955153147e-08
-2.8010072740517589e-02
2.6533796087809125e-08
3.0129603015798829e-02
2.1940543226013438e-08
-2.8368647841047593e-02
2.6416798170714236e-08
3.0172774310720848e-02
2.2094450583181658e-08
-2.8661237913365743e-02
2.6430279427980270e-08
3.0197361815973607e-02
2.2345003318947633e-08
-2.8900379527710896e-02
2.6279653718185392e-08
3.0208681543175027e-02
2.2443620736227836e-08
-2.9096161054270590e-02
2.6216088872428311e-08
3.0210721488471409e-02
2.2516491209788755e-08
-2.9256711848080097e-02
2.5979472312674505e-08
3.0206452134900100e-02
2.2688816365663355e-08
-2.9388591433896070e-02
2.6032008824188221e-08
3.0198068205941016e-02
2.2813432980463039e-08
-2.9497100806113129e-02
2.5805419138241220e-08
3.0187173157677848e-02
2.2796292564801227e-08
-2.9586528933419450e-02
2.5779077390245393e-08
3.0174924937478954e-02
2.3227990111020117e-08
-2.9660352306023083e-02
2.5763944861966936e-08
3.0162143619639835e-02
2.3303274235087868e-08
-2.9721392725067144e-02
2.5808178553419173e-08
