2.9999999999999983e+02
4.4000121310361749e+02
4.4000002447786022e+02
4.4000000217898003e+02
4.4000000202719957e+02
4.4000000187388889e+02
4.4000000173204387e+02
4.4000000160096573e+02
4.4000000147981393e+02
4.4000000136780045e+02
4.4000000126437340e+02
4.4000000116865948e+02
4.4000000108030008e+02
4.4000000099857363e+02
4.4000000092309102e+02
4.4000000085337462e+02
4.4000000078880379e+02
4.4000000072920363e+02
4.4000000067402908e+02
4.4000000062309039e+02
4.4000000057600880e+02
4.4000000053242672e+02
4.4000000049221569e+02
4.4000000045500383e+02
4.4000000042064994e+02
4.4000000038886844e+02
4.4000000035950580e+02
4.4000000033231476e+02
4.4000000030722435e+02
4.4000000028399728e+02
4.4000000026253252e+02
4.4000000024272475e+02
4.4000000022436450e+02
4.4000000020747802e+02
4.4000000019182920e+02
4.4000000017733004e+02
4.4000000016392357e+02
4.4000000015153103e+02
4.4000000014008981e+02
4.4000000012955860e+02
4.4000000011976016e+02
4.4000000011065828e+02
4.4000000010230281e+02
4.4000000009455118e+02
4.4000000008744632e+02
4.4000000008080667e+02
4.4010801138198269e+02
4.4000000060861345e+02
4.4000399495963211e+02
4.4010355785015798e+02
4.4000000051903692e+02
4.3999684345674319e+02
4.4007935295920333e+02
4.4000000035373296e+02
4.4000845717957242e+02
4.4009183737271746e+02
4.4000000036604143e+02
4.3998860519858573e+02
4.4004584691085080e+02
4.4000000016765694e+02
4.4002162762168791e+02
4.4010082732600904e+02
4.4000000033540658e+02
4.3996590121536872e+02
4.3998873743801641e+02
4.4006015360433389e+02
4.4000000019365547e+02
4.3999395018415919e+02
4.4003406371339264e+02
4.4000000007985517e+02
4.4001184266667542e+02
4.4006285457009648e+02
4.4000000014599453e+02
4.3998161158111191e+02
4.4000116330591561e+02
4.4005308742850548e+02
4.4000000009378249e+02
4.3998484363392765e+02
4.4000205150538358e+02
4.4004687409758958e+02
4.4000000013468571e+02
4.3998571160564734e+02
4.4000000000147787e+02
4.4003792804093405e+02
4.4000000011493330e+02
4.3998968096882197e+02
4.3999999999747797e+02
4.4003073532507869e+02
4.4000000008533056e+02
4.3999267138833136e+02
4.3999999999521788e+02
4.4002494490486595e+02
4.4000000006444390e+02
4.3999491053918359e+02
4.3999999999391275e+02
4.4002027715981353e+02
4.4000000004942012e+02
4.3999657486843768e+02
4.3999999999323694e+02
4.4001650921222341e+02
4.4000000003846327e+02
4.3999780089306796e+02
4.3999999999295932e+02
4.4001346325986935e+02
4.4000000003048115e+02
4.3999869403713853e+02
4.3999999999291742e+02
4.4001099733101870e+02
4.4000000002449696e+02
4.3999933554049437e+02
4.3999999999306533e+02
4.4000899795535889e+02
4.4000000002002918e+02
4.3999978785608545e+02
4.3999999999334625e+02
4.4000737435028009e+02
4.4000000001661931e+02
4.4000009886279724e+02
4.3999999999350655e+02
4.4000605380726427e+02
4.4000000001387241e+02
4.4000030515118908e+02
4.3999999999383613e+02
4.4000497802916169e+02
4.4000000001181581e+02
4.4000043458395180e+02
4.3999999999412569e+02
4.4000410021824916e+02
4.4000000001014030e+02
4.4000050828846975e+02
4.3999999999446732e+02
4.4000338276283344e+02
4.4000000000884376e+02
4.4000054220657790e+02
4.3999999999473812e+02
4.4000279539482545e+02
4.4000000000775844e+02
4.4000054829707256e+02
4.3999999999495839e+02
4.4000231372452674e+02
4.4000000000674959e+02
4.4000053546840445e+02
4.3999999999519821e+02
4.4000191807172371e+02
4.4000000000612158e+02
4.4000051030168231e+02
4.3999999999541228e+02
4.4000159253339046e+02
4.4000000000556656e+02
4.4000047760703336e+02
4.3999999999564386e+02
4.4000132424071171e+02
4.4000000000505696e+02
4.4000044085484194e+02
4.3999999999587192e+02
4.4000110276385317e+02
4.4000000000463217e+02
4.4000040250628138e+02
4.3999999999610463e+02
4.4000091963723264e+02
4.4000000000431834e+02
