0.0000000000000000e+00
4.4000121310361749e+02
4.4000002447786005e+02
4.4000000217897980e+02
4.4000000202719957e+02
4.4000000187388912e+02
4.4000000173204421e+02
4.4000000160096573e+02
4.4000000147981393e+02
4.4000000136780028e+02
4.4000000126437340e+02
4.4000000116865920e+02
4.4000000108030042e+02
4.4000000099857357e+02
4.4000000092309062e+02
4.4000000085337444e+02
4.4000000078880373e+02
4.4000000072920363e+02
4.4000000067402897e+02
4.4000000062309050e+02
4.4000000057600880e+02
4.4000000053242695e+02
4.4000000049221592e+02
4.4000000045500394e+02
4.4000000042064994e+02
4.4000000038886816e+02
4.4000000035950552e+02
4.4000000033231447e+02
4.4000000030722435e+02
4.4000000028399745e+02
4.4000000026253252e+02
4.4000000024272481e+02
4.4000000022436421e+02
4.4000000020747837e+02
4.4000000019182926e+02
4.4000000017733015e+02
4.4000000016392346e+02
4.4000000015153103e+02
4.4000000014008981e+02
4.4000000012955854e+02
4.4000000011976022e+02
4.4000000011065822e+02
4.4000000010230258e+02
4.4000000009455124e+02
4.4000000008744655e+02
4.4000000008080667e+02
4.4010801138198269e+02
4.4000000060861345e+02
4.4000399495963234e+02
4.4010355785015804e+02
4.4000000051903692e+02
4.3999684345674314e+02
4.4007935295920305e+02
4.4000000035373296e+02
4.4000845717957236e+02
4.4009183737271724e+02
4.4000000036604138e+02
4.3998860519858545e+02
4.4004584691085086e+02
4.4000000016765694e+02
4.4002162762168768e+02
4.4010082732600898e+02
4.4000000033540658e+02
4.3996590121536883e+02
4.3998873743801619e+02
4.4006015360433383e+02
4.4000000019365535e+02
4.3999395018415902e+02
4.4003406371339264e+02
4.4000000007985511e+02
4.4001184266667531e+02
4.4006285457009648e+02
4.4000000014599448e+02
4.3998161158111162e+02
4.4000116330591584e+02
4.4005308742850519e+02
4.4000000009378238e+02
4.3998484363392834e+02
4.4000205150538335e+02
4.4004687409758952e+02
4.4000000013468565e+02
4.3998571160564700e+02
4.4000000000147764e+02
4.4003792804093405e+02
4.4000000011493358e+02
4.3998968096882209e+02
4.3999999999747786e+02
4.4003073532507869e+02
4.4000000008533061e+02
4.3999267138833136e+02
4.3999999999521799e+02
4.4002494490486617e+02
4.4000000006444390e+02
4.3999491053918359e+02
4.3999999999391298e+02
4.4002027715981382e+02
4.4000000004942001e+02
4.3999657486843790e+02
4.3999999999323711e+02
4.4001650921222341e+02
4.4000000003846293e+02
4.3999780089306796e+02
4.3999999999295932e+02
4.4001346325986935e+02
4.4000000003048092e+02
4.3999869403713859e+02
4.3999999999291742e+02
4.4001099733101864e+02
4.4000000002449679e+02
4.3999933554049471e+02
4.3999999999306533e+02
4.4000899795535901e+02
4.4000000002002935e+02
4.3999978785608556e+02
4.3999999999334642e+02
4.4000737435027997e+02
4.4000000001661908e+02
4.4000009886279719e+02
4.3999999999350621e+02
4.4000605380726427e+02
4.4000000001387252e+02
4.4000030515118897e+02
4.3999999999383618e+02
4.4000497802916158e+02
4.4000000001181581e+02
4.4000043458395146e+02
4.3999999999412591e+02
4.4000410021824871e+02
4.4000000001014024e+02
4.4000050828846975e+02
4.3999999999446709e+02
4.4000338276283384e+02
4.4000000000884381e+02
4.4000054220657790e+02
4.3999999999473857e+02
4.4000279539482580e+02
4.4000000000775833e+02
4.4000054829707250e+02
4.3999999999495844e+02
4.4000231372452686e+02
4.4000000000674953e+02
4.4000053546840451e+02
4.3999999999519798e+02
4.4000191807172325e+02
4.4000000000612181e+02
4.4000051030168265e+02
4.3999999999541205e+02
4.4000159253339092e+02
4.4000000000556656e+02
4.4000047760703364e+02
4.3999999999564403e+02
4.4000132424071160e+02
4.4000000000505685e+02
4.4000044085484228e+02
4.3999999999587192e+02
4.4000110276385317e+02
4.4000000000463206e+02
4.4000040250628172e+02
4.3999999999610480e+02
4.4000091963723253e+02
4.4000000000431817e+02
