0.0000000000000000e+00
-4.4000222313814311e+02
-4.4000002538121464e+02
-4.4000000378315258e+02
-4.4000000351320085e+02
-4.4000000324783070e+02
-4.4000000300226412e+02
-4.4000000277531581e+02
-4.4000000256547941e+02
-4.4000000237153603e+02
-4.4000000219233840e+02
-4.4000000202662028e+02
-4.4000000187343301e+02
-4.4000000173182508e+02
-4.4000000160092748e+02
-4.4000000148003573e+02
-4.4000000136808706e+02
-4.4000000126478517e+02
-4.4000000116930931e+02
-4.4000000108112158e+02
-4.4000000099937262e+02
-4.4000000092388512e+02
-4.4000000085416275e+02
-4.4000000078979508e+02
-4.4000000073002047e+02
-4.4000000067490447e+02
-4.4000000062404860e+02
-4.4000000057684372e+02
-4.4000000053333264e+02
-4.4000000049306368e+02
-4.4000000045585972e+02
-4.4000000042140994e+02
-4.4000000038965516e+02
-4.4000000036021316e+02
-4.4000000033317059e+02
-4.4000000030806927e+02
-4.4000000028484214e+02
-4.4000000026330918e+02
-4.4000000024352454e+02
-4.4000000022507788e+02
-4.4000000020818493e+02
-4.4000000019247676e+02
-4.4000000017788136e+02
-4.4000000016450019e+02
-4.4000000015215636e+02
-4.4000000014059430e+02
-4.4007207085824587e+02
-4.4000000105697609e+02
-4.4000265141987580e+02
-4.4006906422479005e+02
-4.4000000090165622e+02
-4.3999791041672103e+02
-4.4005297030118334e+02
-4.4000000061470871e+02
-4.4000560197504944e+02
-4.4006118367357521e+02
-4.4000000063644438e+02
-4.3999246978609335e+02
-4.4003072114999907e+02
-4.4000000029133543e+02
-4.4001428222329292e+02
-4.4006696564800870e+02
-4.4000000058397666e+02
-4.3997753537868778e+02
-4.3999304168060564e+02
-4.4004094922340101e+02
-4.4000000033462061e+02
-4.3999513148701976e+02
-4.4002104943901810e+02
-4.4000000014191272e+02
-4.4000956405889292e+02
-4.4004524992104166e+02
-4.4000000024616588e+02
-4.3998440120732533e+02
-4.3999410242484862e+02
-4.4002539197087077e+02
-4.4000000018188274e+02
-4.3999990056581368e+02
-4.4002138209361033e+02
-4.4006127835827471e+02
-4.4000000017043249e+02
-4.3996044919023842e+02
-4.3999999997654675e+02
-4.4005531411881742e+02
-4.4000000011572831e+02
-4.3996309460288904e+02
-4.3999999997384549e+02
-4.4005051882132591e+02
-4.4000000007534754e+02
-4.3996508763016129e+02
-4.3999999997253167e+02
-4.4004665841414845e+02
-4.4000000004752275e+02
-4.3996657998312861e+02
-4.3999999997166776e+02
-4.4004354648112769e+02
-4.4000000002827744e+02
-4.3996768924252211e+02
-4.3999999997138588e+02
-4.4004103443414073e+02
-4.4000000001475428e+02
-4.3996850638409387e+02
-4.3999999997118607e+02
-4.4003900373455275e+02
-4.4000000000501871e+02
-4.3996910166552175e+02
-4.3999999997115810e+02
-4.4003735973186747e+02
-4.3999999999839116e+02
-4.3996952922917649e+02
-4.3999999997116362e+02
-4.4003602677568472e+02
-4.3999999999329776e+02
-4.3996983069796028e+02
-4.3999999997142493e+02
-4.4003494434242270e+02
-4.3999999998975522e+02
-4.3997003798240166e+02
-4.3999999997147688e+02
-4.4003406395748647e+02
-4.3999999998693454e+02
-4.3997017546994164e+02
-4.3999999997163440e+02
-4.4003334675464805e+02
-4.3999999998502773e+02
-4.3997026173134054e+02
-4.3999999997173927e+02
-4.4003276153397644e+02
-4.3999999998338666e+02
-4.3997031084821072e+02
-4.3999999997185728e+02
-4.4003228322026416e+02
-4.3999999998219096e+02
-4.3997033344637134e+02
-4.3999999997198620e+02
-4.4003189163393296e+02
-4.3999999998116118e+02
-4.3997033749677547e+02
-4.3999999997216401e+02
-4.4003157051460596e+02
-4.3999999998043296e+02
-4.3997032893736059e+02
-4.3999999997226564e+02
-4.4003130674154960e+02
-4.3999999997976954e+02
-4.3997031215446350e+02
-4.3999999997239229e+02
-4.4003108971273588e+02
-4.3999999997946486e+02
-4.3997029035472985e+02
-4.3999999997260898e+02
-4.4003091084830425e+02
-4.3999999997896833e+02
-4.3997026585064509e+02
-4.3999999997241264e+02
-4.4003076319494807e+02
-4.3999999997857947e+02
-4.3997024028327814e+02
-4.3999999997256674e+02
-4.4003064110883844e+02
-4.3999999997819617e+02
