0.0000000000000000e+00
-1.0100345126615210e-03
-9.0333951805426896e-07
-1.6041564520532773e-06
-1.4859784630497610e-06
-1.3739270049405964e-06
-1.2702142080071333e-06
-1.1743670042565304e-06
-1.0856395929199554e-06
-1.0037104032159936e-06
-9.2793879154924734e-07
-8.5793438843966758e-07
-7.9309941963836838e-07
-7.3320286318143079e-07
-6.7777621933410168e-07
-6.2663056950516494e-07
-5.7922292196890895e-07
-5.3552096476085033e-07
-4.9523491534368929e-07
-4.5796801032172418e-07
-4.2334585815709152e-07
-3.9143362376381997e-07
-3.6190404225031738e-07
-3.3479211600988805e-07
-3.0935457005590551e-07
-2.8603300296373329e-07
-2.6454012309830800e-07
-2.4451339273563878e-07
-2.2609320471635102e-07
-2.0903394232282370e-07
-1.9332319702700303e-07
-1.7866860356820104e-07
-1.6532842046687381e-07
-1.5274570497168160e-07
-1.4136660926955194e-07
-1.3072879956332111e-07
-1.2092428011661591e-07
-1.1177031434866973e-07
-1.0343015265829769e-07
-9.5532923727023901e-08
-8.8409565417350305e-08
-8.1829843179561428e-08
-7.5593300659118367e-08
-6.9949269153487819e-08
-6.4714220428466915e-08
-5.9786788018365279e-08
3.5940523734771808e-02
-4.4830898540375503e-07
1.3435398406240772e-03
3.4493625481371928e-02
-3.8253993385049366e-07
-1.0669599693036778e-03
2.6382657980406628e-02
-2.6092480772744561e-07
2.8552046429524782e-03
3.0653699369762200e-02
-2.7039698101172912e-07
-3.8645876779162570e-03
1.5125760516808303e-02
-1.2365554489418284e-07
7.3453987580626677e-03
3.3861678714038196e-02
-2.4852105458596762e-07
-1.1634163994024588e-02
-4.3042439545007841e-03
1.9204378855508485e-02
-1.4087484855836256e-07
-1.1813006208364169e-03
1.3014278746498929e-02
-6.1954538908357358e-08
2.2786036206340256e-03
1.7604640624510694e-02
-1.0000027476254801e-07
-2.7896175269064584e-03
7.0608983118520220e-03
2.7695483387067291e-02
-8.7997228662451071e-08
-1.5056957401270750e-02
-1.9330639251589864e-02
-1.4404337250155526e-02
-3.5291964127819989e-08
2.5262492729274968e-02
2.5209539291204803e-08
-1.7386154519941452e-02
-3.9537077026433778e-10
2.6586443243424837e-02
2.3874608975631906e-08
-1.9783572946269892e-02
1.0359135697397070e-08
2.7583835555979867e-02
2.2941930996373606e-08
-2.1713586066433952e-02
1.7289524474771107e-08
2.8330633493699957e-02
2.2507845027960646e-08
-2.3269398130074972e-02
2.1544646453098171e-08
2.8885703416708940e-02
2.2113130480708286e-08
-2.4525298845510680e-02
2.4066854112670181e-08
2.9294586560375532e-02
2.1999377395756072e-08
-2.5540551770226138e-02
2.5832363674696238e-08
2.9592449388208653e-02
2.2013385112005500e-08
-2.6362478075447407e-02
2.6431673959285442e-08
2.9806389172340172e-02
2.2158137047604700e-08
-2.7028897648571255e-02
2.7108305809977186e-08
2.9957236166535322e-02
2.2226306862904874e-08
-2.7570069550837538e-02
2.7235529198504062e-08
3.0060958541074705e-02
2.2338681086605770e-08
-2.8010227704072677e-02
2.7342706123235552e-08
3.0129759478738409e-02
2.2463379651379016e-08
-2.8368803131660590e-02
2.7159627225607169e-08
3.0172930911391775e-02
2.2678362764300390e-08
-2.8661393541679743e-02
2.7076754660222755e-08
3.0197518701780963e-02
2.2874752091557199e-08
-2.8900535333501863e-02
2.7025700560964428e-08
3.0208838870132957e-02
2.3061320317274570e-08
-2.9096317160571167e-02
2.6977511976369672e-08
3.0210879105741131e-02
2.3072627901208663e-08
-2.9256868310217080e-02
2.6654030556689903e-08
3.0206609953174198e-02
2.3175520416749681e-08
-2.9388748219076038e-02
2.6672632004369564e-08
3.0198226232046536e-02
2.3227029313134250e-08
-2.9497257883970666e-02
2.6398136340232498e-08
3.0187331449731399e-02
2.3273937791850945e-08
-2.9586686251447527e-02
2.6397527722033000e-08
3.0175083456713457e-02
2.3690584997229481e-08
-2.9660509883842744e-02
2.6341457387343092e-08
3.0162302387070773e-02
2.3773066550311924e-08
-2.9721550486491232e-02
2.6435857481558728e-08
