0.0000000000000000e+00
0.0000000000000000e+00
0.0000000000000000e+00
0.0000000000000000e+00
0.0000000000000000e+00
0.0000000000000000e+00
0.0000000000000000e+00
-1.3334845968597722e+00
-8.6666666753587407e+00
-1.6000000066096479e+01
-2.3333333401936905e+01
-2.3333333401936905e+01
-2.3333333401936905e+01
-2.3333333401936905e+01
-2.3333333401936905e+01
-2.3333333401936905e+01
-2.3333333401936905e+01
-2.3333333401936905e+01
-2.3333333401936905e+01
-2.3333333401936905e+01
-2.3333333401936905e+01
-2.3333333401936905e+01
-2.3333333401936905e+01
-2.3333333401936905e+01
-2.3333333401936905e+01
-2.3333333401936905e+01
-2.3333333401936905e+01
-2.3333333401936905e+01
-2.3333333401936905e+01
-1.9001622773887025e+01
-1.1667464382806847e+01
-1.1667464382806847e+01
-1.1667464382806847e+01
-1.1667464382806847e+01
-1.1667464382806848e+01
-1.1667464382806848e+01
-1.1667464382806845e+01
-1.1667464382806845e+01
-1.1667464382806845e+01
-1.1667464382806845e+01
-1.1667464382806848e+01
-1.1667464382806841e+01
-1.1667464382806838e+01
-1.1667464382806841e+01
-1.1667464382806841e+01
-1.1667464382806841e+01
-1.1667464382806841e+01
-1.1667464382806841e+01
-1.1667464382806841e+01
-1.1667464382806841e+01
-1.1667464382806841e+01
-1.1667464382806841e+01
-1.1667464382806841e+01
-1.1667464382806841e+01
-1.1667464382806841e+01
-1.1667464382806841e+01
-1.1667464382806841e+01
-1.1667464382806841e+01
-1.1667464382806841e+01
-1.1667464382806841e+01
-1.1667464382806841e+01
-1.1667464382806841e+01
-1.1667464382806841e+01
-1.1667464382806841e+01
-1.1667464382806841e+01
-1.1667464382806841e+01
-1.1667464382806841e+01
-1.1667464382806841e+01
-1.1667464382806841e+01
-1.1667464382806841e+01
-1.1667464382806841e+01
-1.1667464382806841e+01
-1.1667464382806841e+01
-1.1667464382806841e+01
-1.1667464382806845e+01
-1.1667464382806848e+01
-1.1667464382806847e+01
-1.1667464382806847e+01
-1.1667464382806847e+01
-1.1667464382806843e+01
-1.1667464382806838e+01
-1.1667464382806838e+01
-1.1667464382806831e+01
-1.1667464382806834e+01
-1.1667464382806834e+01
-1.1667464382806827e+01
-1.1667464382806827e+01
-1.1667464382806827e+01
-1.1667464382806827e+01
-1.1667464382806827e+01
-1.1667464382806827e+01
-1.1667464382806827e+01
-1.1667464382806827e+01
-1.1667464382806827e+01
-1.1667464382806827e+01
-1.1667464382806827e+01
-1.1667464382806827e+01
-1.1667464382806827e+01
-1.1667464382806827e+01
-1.1667464382806827e+01
-1.1667464382806827e+01
-1.1667464382806827e+01
-1.1667464382806827e+01
-1.1667464382806827e+01
-1.1667464382806827e+01
-1.1667464382806827e+01
-1.1667464382806827e+01
-1.1667464382806827e+01
-1.1667464382806827e+01
-1.1667464382806827e+01
-1.1667464382806827e+01
-1.1667464382806827e+01
-1.1667464382806827e+01
-1.1667464382806827e+01
-1.1667464382806831e+01
-1.1667464382806827e+01
-1.1667464382806827e+01
-1.1667464382806827e+01
-1.1667464382806827e+01
-1.1667464382806827e+01
-1.1667464382806831e+01
-1.1667464382806831e+01
-1.1667464382806831e+01
-1.1667464382806825e+01
-1.1667464382806822e+01
-1.1667464382806815e+01
-1.1667464382806815e+01
-1.1667464382806815e+01
-1.1667464382806815e+01
-1.1667464382806815e+01
-1.1667464382806815e+01
-1.1667464382806815e+01
-1.1667464382806815e+01
-1.1667464382806815e+01
-1.1667464382806815e+01
-1.1667464382806815e+01
-1.1667464382806815e+01
-1.1667464382806815e+01
-1.1667464382806815e+01
-1.1667464382806815e+01
-1.1667464382806815e+01
-1.1667464382806815e+01
-1.1667464382806815e+01
-1.1667464382806815e+01
-1.1667464382806815e+01
-1.1667464382806815e+01
-1.1667464382806815e+01
-1.1667464382806815e+01
-1.1667464382806815e+01
-1.1667464382806815e+01
-1.1667464382806815e+01
-1.1667464382806815e+01
-1.1667464382806815e+01
-1.1667464382806815e+01
-1.1667464382806818e+01
-1.1667464382806822e+01
-1.1667464382806822e+01
-1.1667464382806822e+01
-1.1667464382806822e+01
-1.1667464382806822e+01
-1.1667464382806818e+01
