0.0000000000000000e+00
0.0000000000000000e+00
0.0000000000000000e+00
0.0000000000000000e+00
0.0000000000000000e+00
0.0000000000000000e+00
0.0000000000000000e+00
6.6674229842978816e-01
4.3333333376785825e+00
8.0000000330469447e+00
1.1666666700966754e+01
1.1666666700966758e+01
1.1666666700966768e+01
1.1666666700966767e+01
1.1666666700966795e+01
1.1666666700966784e+01
1.1666666700966779e+01
1.1666666700966786e+01
1.1666666700966797e+01
1.1666666700966806e+01
1.1666666700966777e+01
1.1666666700966751e+01
1.1666666700966761e+01
1.1666666700966747e+01
1.1666666700966733e+01
1.1666666700966728e+01
1.1666666700966726e+01
1.1666666700966715e+01
1.1666666700966720e+01
9.5008113869414181e+00
5.8337321914011353e+00
5.8337321914011326e+00
5.8337321914011353e+00
5.8337321914011300e+00
5.8337321914011246e+00
5.8337321914011326e+00
5.8337321914011326e+00
5.8337321914011264e+00
5.8337321914011264e+00
5.8337321914011273e+00
5.8337321914011193e+00
5.8337321914011131e+00
5.8337321914011255e+00
5.8337321914011380e+00
5.8337321914011406e+00
5.8337321914011353e+00
5.8337321914011309e+00
5.8337321914011291e+00
5.8337321914011309e+00
5.8337321914011238e+00
5.8337321914011184e+00
5.8337321914011042e+00
5.8337321914010998e+00
5.8337321914011158e+00
5.8337321914011167e+00
5.8337321914011131e+00
5.8337321914011202e+00
5.8337321914011131e+00
5.8337321914011095e+00
5.8337321914011016e+00
5.8337321914011033e+00
5.8337321914011193e+00
5.8337321914011149e+00
5.8337321914011158e+00
5.8337321914011273e+00
5.8337321914011193e+00
5.8337321914011078e+00
5.8337321914011167e+00
5.8337321914011149e+00
5.8337321914011175e+00
5.8337321914011229e+00
5.8337321914011309e+00
5.8337321914011238e+00
5.8337321914011229e+00
5.8337321914011202e+00
5.8337321914011149e+00
5.8337321914011104e+00
5.8337321914011069e+00
5.8337321914010953e+00
5.8337321914011042e+00
5.8337321914011007e+00
5.8337321914011051e+00
5.8337321914010989e+00
5.8337321914010927e+00
5.8337321914010918e+00
5.8337321914010927e+00
5.8337321914010962e+00
5.8337321914010936e+00
5.8337321914011051e+00
5.8337321914011051e+00
5.8337321914011095e+00
5.8337321914011042e+00
5.8337321914010953e+00
5.8337321914011087e+00
5.8337321914011087e+00
5.8337321914010980e+00
5.8337321914010962e+00
5.8337321914010944e+00
5.8337321914010856e+00
5.8337321914010882e+00
5.8337321914010936e+00
5.8337321914011024e+00
5.8337321914010891e+00
5.8337321914010793e+00
5.8337321914010705e+00
5.8337321914010678e+00
5.8337321914010722e+00
5.8337321914010580e+00
5.8337321914010598e+00
5.8337321914010491e+00
5.8337321914010403e+00
5.8337321914010456e+00
5.8337321914010500e+00
5.8337321914010554e+00
5.8337321914010625e+00
5.8337321914010634e+00
5.8337321914010669e+00
5.8337321914010651e+00
5.8337321914010785e+00
5.8337321914010758e+00
5.8337321914010740e+00
5.8337321914010731e+00
5.8337321914010714e+00
5.8337321914010793e+00
5.8337321914010811e+00
5.8337321914010856e+00
5.8337321914010856e+00
5.8337321914010865e+00
5.8337321914010847e+00
5.8337321914010882e+00
5.8337321914010936e+00
5.8337321914010918e+00
5.8337321914010882e+00
5.8337321914010829e+00
5.8337321914010802e+00
5.8337321914010847e+00
5.8337321914010953e+00
5.8337321914010900e+00
5.8337321914010865e+00
5.8337321914010873e+00
5.8337321914011016e+00
5.8337321914011078e+00
5.8337321914011060e+00
5.8337321914011087e+00
5.8337321914011095e+00
5.8337321914011069e+00
5.8337321914010936e+00
5.8337321914010989e+00
5.8337321914010998e+00
5.8337321914010980e+00
5.8337321914010989e+00
5.8337321914010989e+00
5.8337321914011042e+00
5.8337321914011069e+00
5.8337321914011069e+00
5.8337321914010989e+00
5.8337321914010865e+00
5.8337321914010865e+00
5.8337321914010829e+00
5.8337321914010793e+00
5.8337321914010722e+00
