0.0000000000000000e+00
0.0000000000000000e+00
0.0000000000000000e+00
0.0000000000000000e+00
0.0000000000000000e+00
0.0000000000000000e+00
0.0000000000000000e+00
6.6674229842998445e-01
4.3333333376801750e+00
8.0000000330495808e+00
1.1666666700970218e+01
1.1666666700970215e+01
1.1666666700970211e+01
1.1666666700970215e+01
1.1666666700970243e+01
1.1666666700970238e+01
1.1666666700970243e+01
1.1666666700970257e+01
1.1666666700970264e+01
1.1666666700970271e+01
1.1666666700970254e+01
1.1666666700970225e+01
1.1666666700970227e+01
1.1666666700970213e+01
1.1666666700970200e+01
1.1666666700970193e+01
1.1666666700970183e+01
1.1666666700970179e+01
1.1666666700970184e+01
9.5008113869456601e+00
5.8337321914057778e+00
5.8337321914057743e+00
5.8337321914057778e+00
5.8337321914057716e+00
5.8337321914057689e+00
5.8337321914057743e+00
5.8337321914057743e+00
5.8337321914057672e+00
5.8337321914057689e+00
5.8337321914057716e+00
5.8337321914057636e+00
5.8337321914057583e+00
5.8337321914057636e+00
5.8337321914057751e+00
5.8337321914057760e+00
5.8337321914057698e+00
5.8337321914057734e+00
5.8337321914057698e+00
5.8337321914057716e+00
5.8337321914057663e+00
5.8337321914057600e+00
5.8337321914057423e+00
5.8337321914057396e+00
5.8337321914057467e+00
5.8337321914057556e+00
5.8337321914057521e+00
5.8337321914057592e+00
5.8337321914057521e+00
5.8337321914057467e+00
5.8337321914057458e+00
5.8337321914057458e+00
5.8337321914057636e+00
5.8337321914057600e+00
5.8337321914057547e+00
5.8337321914057672e+00
5.8337321914057583e+00
5.8337321914057485e+00
5.8337321914057583e+00
5.8337321914057547e+00
5.8337321914057556e+00
5.8337321914057627e+00
5.8337321914057734e+00
5.8337321914057636e+00
5.8337321914057636e+00
5.8337321914057600e+00
5.8337321914057538e+00
5.8337321914057503e+00
5.8337321914057485e+00
5.8337321914057396e+00
5.8337321914057458e+00
5.8337321914057441e+00
5.8337321914057476e+00
5.8337321914057405e+00
5.8337321914057325e+00
5.8337321914057334e+00
5.8337321914057334e+00
5.8337321914057352e+00
5.8337321914057352e+00
5.8337321914057485e+00
5.8337321914057458e+00
5.8337321914057485e+00
5.8337321914057547e+00
5.8337321914057441e+00
5.8337321914057521e+00
5.8337321914057476e+00
5.8337321914057352e+00
5.8337321914057316e+00
5.8337321914057343e+00
5.8337321914057254e+00
5.8337321914057245e+00
5.8337321914057245e+00
5.8337321914057387e+00
5.8337321914057254e+00
5.8337321914057121e+00
5.8337321914057068e+00
5.8337321914056997e+00
5.8337321914057014e+00
5.8337321914056952e+00
5.8337321914056970e+00
5.8337321914056837e+00
5.8337321914056819e+00
5.8337321914056881e+00
5.8337321914056961e+00
5.8337321914057085e+00
5.8337321914057068e+00
5.8337321914057068e+00
5.8337321914057103e+00
5.8337321914057076e+00
5.8337321914057192e+00
5.8337321914057183e+00
5.8337321914057245e+00
5.8337321914057174e+00
5.8337321914057156e+00
5.8337321914057245e+00
5.8337321914057263e+00
5.8337321914057281e+00
5.8337321914057316e+00
5.8337321914057307e+00
5.8337321914057298e+00
5.8337321914057334e+00
5.8337321914057378e+00
5.8337321914057423e+00
5.8337321914057387e+00
5.8337321914057370e+00
5.8337321914057325e+00
5.8337321914057334e+00
5.8337321914057405e+00
5.8337321914057387e+00
5.8337321914057370e+00
5.8337321914057370e+00
5.8337321914057423e+00
5.8337321914057529e+00
5.8337321914057565e+00
5.8337321914057592e+00
5.8337321914057618e+00
5.8337321914057556e+00
5.8337321914057467e+00
5.8337321914057521e+00
5.8337321914057521e+00
5.8337321914057494e+00
5.8337321914057441e+00
5.8337321914057432e+00
5.8337321914057458e+00
5.8337321914057512e+00
5.8337321914057494e+00
5.8337321914057441e+00
5.8337321914057316e+00
5.8337321914057325e+00
5.8337321914057307e+00
5.8337321914057281e+00
5.8337321914057227e+00
