0.0000000000000000e+00
-4.0000000002097868e-04
-8.0000000001612494e-04
-1.2001600640391729e-03
-1.6000000001420945e-03
-1.9999998721693217e-03
-2.4001598081227035e-03
-3.0000413928144248e-03
-4.5000000017223207e-03
-6.0000000117777143e-03
-7.5000000122522302e-03
-7.1000000115213997e-03
-6.7001599468183692e-03
-6.3000000104330668e-03
-5.9000001379725759e-03
-5.5001602014374453e-03
-5.1000000104333256e-03
-4.6999998835585864e-03
-4.3000000103086437e-03
-3.9000000103083005e-03
-3.5000000103085414e-03
-3.1000000103086848e-03
-2.7000000103088125e-03
-2.3001599463362212e-03
-1.9000000104334178e-03
-1.5000001384553835e-03
-1.1001602024028232e-03
-7.0000001043332217e-04
-2.9999988259376908e-04
7.4955760955848255e-04
2.2497837447889102e-03
1.8498803412367124e-03
1.4498169509713468e-03
1.0495934459316314e-03
6.4988034220434996e-04
2.5000740402119015e-04
-1.5002549649524534e-04
-5.5011965735802127e-04
-9.5011965749979281e-04
-1.3501196574373891e-03
-1.7501196574374722e-03
-2.1501196574376419e-03
-2.5501196574373680e-03
-2.9502797214646399e-03
-3.3501196575621561e-03
-3.7501195295851029e-03
-4.1502794655334883e-03
-4.5501196575620639e-03
-4.9501197857202174e-03
-5.3502799780089658e-03
-5.7506003625818845e-03
-5.3501196705176331e-03
-4.9497992990349916e-03
-4.5501196575622460e-03
-4.1501196575623005e-03
-3.7502795935901471e-03
-3.3501196575627945e-03
-2.9501197854605666e-03
-2.5501196574381070e-03
-2.1501196574382668e-03
-1.7501196574381062e-03
-1.3501196574377406e-03
-9.5011965743784248e-04
-5.5027959346577986e-04
-1.5011965756212470e-04
2.4988021441547963e-04
6.4972015046817612e-04
1.0498803424379710e-03
1.4498804702770117e-03
1.8497206619864247e-03
2.2494010454125386e-03
1.8498803412693452e-03
1.4501999565347187e-03
1.0498803424381627e-03
6.4988034243748866e-04
2.4972027840854929e-04
-1.5011965756280197e-04
-5.5011952946021347e-04
-9.5011965743815202e-04
-1.3501196574383844e-03
-1.7501196574387311e-03
-2.1501196574382538e-03
-2.5501196574377518e-03
-2.9502797214646702e-03
-3.3501196575619922e-03
-3.7501195295855079e-03
-4.1502794655336669e-03
-4.5501196575620257e-03
-4.9501197857211394e-03
-5.3502799780098019e-03
-5.7506003625833304e-03
-5.3501196705190695e-03
-4.9497992990364687e-03
-4.5501196575633224e-03
-4.1501196575631392e-03
-3.7502795935909126e-03
-3.3501196575637946e-03
-2.9501197854620445e-03
-2.5501196574393998e-03
-2.1501196574394612e-03
-1.7501196574395200e-03
-1.3501196574397805e-03
-9.5011965743962913e-04
-5.5027959346687621e-04
-1.5011965756413074e-04
2.4988021441355268e-04
6.4972015046548394e-04
1.0498803424360773e-03
1.4498804702760641e-03
1.8497206619862221e-03
2.2494010454129887e-03
1.8498803412688328e-03
1.4501999565338982e-03
1.0498803424377010e-03
6.4988034243727800e-04
2.4972027840978382e-04
-1.5011965756250658e-04
-5.5011952946003014e-04
-9.5011965743789701e-04
-1.3501196574378246e-03
-1.7501196574377855e-03
-2.1501196574374593e-03
-2.5501196574373563e-03
-2.9502797214646641e-03
-3.3501196575623192e-03
-3.7501195295851063e-03
-4.1502794655339723e-03
-4.5501196575621853e-03
-4.9501197857208775e-03
-5.3502799780094368e-03
-5.7506003625819348e-03
-5.3501196705181830e-03
-4.9497992990361729e-03
-4.5501196575624256e-03
-4.1501196575620325e-03
-3.7502795935897264e-03
-3.3501196575619983e-03
-2.9501197854603107e-03
-2.5501196574381955e-03
-2.1501196574374437e-03
-1.7501196574369671e-03
-1.3501196574370587e-03
-9.5011965743753565e-04
-5.5027959346539194e-04
-1.5011965756177778e-04
2.4988021441651396e-04
6.4972015046927951e-04
1.0498803424382065e-03
1.4498804702770037e-03
1.8497206619860441e-03
2.2494010454117870e-03
1.8498803412687820e-03
1.4501999565357544e-03
1.0498803424376384e-03
6.4988034243698288e-04
2.4972027840840873e-04
-1.5011965756408463e-04
-5.5011952946130451e-04
-9.5011965743839325e-04
-1.3501196574385039e-03
-1.7501196574380635e-03
