0.0000000000000000e+00
1.0000000000568904e-04
2.0000000000893988e-04
2.9999000101229645e-04
4.0000000008175190e-04
4.9999999815219468e-04
5.9998999722285398e-04
8.0000295490102854e-04
1.4500000008256565e-03
2.1000000076002441e-03
2.7500000078607358e-03
2.6500000058711551e-03
2.5499900028812567e-03
2.4500000052263072e-03
2.3500000085719440e-03
2.2499900109188807e-03
2.1500000052263415e-03
2.0500000005328834e-03
1.9500000051532039e-03
1.8500000051536833e-03
1.7500000051542636e-03
1.6500000051543466e-03
1.5500000051543329e-03
1.4499900041534562e-03
1.3500000052267774e-03
1.2500000072998489e-03
1.1499900083746211e-03
1.0500000052272242e-03
9.5000000307899691e-04
5.2503337034016083e-04
-1.2498238635943500e-04
-2.4940170510872506e-05
7.5092037894316474e-05
1.7511424085693466e-04
2.7505982880521968e-04
3.7499542863092289e-04
4.7492104233008367e-04
5.7505982874621092e-04
6.7505982870302199e-04
7.7505982871786921e-04
8.7505982871723359e-04
9.7505982871709659e-04
1.0750598287172617e-03
1.1750498297169031e-03
1.2750598287902390e-03
1.3750598268634918e-03
1.4750498259376811e-03
1.5750598287905169e-03
1.6750598306423717e-03
1.7750498334944812e-03
1.8750298393444473e-03
1.7750598364247453e-03
1.6750798385035844e-03
1.5750598287909974e-03
1.4750598287908421e-03
1.3750498277907120e-03
1.2750598287909433e-03
1.1750598307920432e-03
1.0750598287183400e-03
9.7505982871818188e-04
8.7505982871852108e-04
7.7505982871833509e-04
6.7505982871880071e-04
5.7504982771879715e-04
4.7505982879157379e-04
3.7505983086497672e-04
2.7504983193837071e-04
1.7505982879180041e-04
7.5059826644693683e-05
-2.4950176502881355e-05
-1.2497018265240187e-04
-2.4940170526136284e-05
7.5079836598616518e-05
1.7505982879084504e-04
2.7505982879144804e-04
3.7504982979234353e-04
4.7505982879175398e-04
5.7505982679198389e-04
6.7505982871806963e-04
7.7505982871824977e-04
8.7505982871870247e-04
9.7505982871842203e-04
1.0750598287186941e-03
1.1750498297189989e-03
1.2750598287932322e-03
1.3750598268670617e-03
1.4750498259413034e-03
1.5750598287938469e-03
1.6750598306457627e-03
1.7750498334966952e-03
1.8750298393466996e-03
1.7750598364281267e-03
1.6750798385089215e-03
1.5750598287943153e-03
1.4750598287941673e-03
1.3750498277937621e-03
1.2750598287937587e-03
1.1750598307943504e-03
1.0750598287207415e-03
9.7505982872115454e-04
8.7505982872066422e-04
7.7505982872063523e-04
6.7505982872046485e-04
5.7504982772026841e-04
4.7505982879400110e-04
3.7505983086813706e-04
2.7504983194242492e-04
1.7505982879421775e-04
7.5059826645949244e-05
-2.4950176503151328e-05
-1.2497018265344219e-04
-2.4940170523518688e-05
7.5079836604619176e-05
1.7505982879443413e-04
2.7505982879457770e-04
3.7504982979506195e-04
4.7505982879532616e-04
5.7505982679531954e-04
6.7505982872168718e-04
7.7505982872170078e-04
8.7505982872194163e-04
9.7505982872160340e-04
1.0750598287211869e-03
1.1750498297211449e-03
1.2750598287946020e-03
1.3750598268689285e-03
1.4750498259420565e-03
1.5750598287939848e-03
1.6750598306454682e-03
1.7750498334965466e-03
1.8750298393471409e-03
1.7750598364297981e-03
1.6750798385104420e-03
1.5750598287960595e-03
1.4750598287961143e-03
1.3750498277953348e-03
1.2750598287953878e-03
1.1750598307959164e-03
1.0750598287219638e-03
9.7505982872197442e-04
8.7505982872242952e-04
7.7505982872208806e-04
6.7505982872157909e-04
5.7504982772130675e-04
4.7505982879563955e-04
3.7505983087003403e-04
2.7504983194452686e-04
1.7505982879589078e-04
7.5059826647698089e-05
-2.4950176501474836e-05
-1.2497018265192336e-04
-2.4940170522236151e-05
7.5079836604393879e-05
1.7505982879508666e-04
2.7505982879530904e-04
3.7504982979491726e-04
4.7505982879504307e-04
5.7505982679498246e-04
6.7505982872166376e-04
7.7505982872130082e-04
8.7505982872142685e-04
