0.0000000000000000e+00
1.0000000000565927e-04
2.0000000000928119e-04
2.9999000101309345e-04
4.0000000008233764e-04
4.9999999815223306e-04
5.9998999722191127e-04
8.0000295490134860e-04
1.4500000008264055e-03
2.1000000076009050e-03
2.7500000078615173e-03
2.6500000058720255e-03
2.5499900028826327e-03
2.4500000052267304e-03
2.3500000085721218e-03
2.2499900109185082e-03
2.1500000052276542e-03
2.0500000005360284e-03
1.9500000051549844e-03
1.8500000051552671e-03
1.7500000051550700e-03
1.6500000051551029e-03
1.5500000051551642e-03
1.4499900041545545e-03
1.3500000052274388e-03
1.2500000073014002e-03
1.1499900083750290e-03
1.0500000052275026e-03
9.5000000307912398e-04
5.2503337034101648e-04
-1.2498238635916985e-04
-2.4940170510120063e-05
7.5092037895573444e-05
1.7511424085883573e-04
2.7505982880570248e-04
3.7499542863036551e-04
4.7492104232857121e-04
5.7505982874665957e-04
6.7505982870376098e-04
7.7505982871859270e-04
8.7505982871800793e-04
9.7505982871773074e-04
1.0750598287181546e-03
1.1750498297177525e-03
1.2750598287906087e-03
1.3750598268635716e-03
1.4750498259375289e-03
1.5750598287910850e-03
1.6750598306440308e-03
1.7750498334958608e-03
1.8750298393471730e-03
1.7750598364251434e-03
1.6750798385018659e-03
1.5750598287898885e-03
1.4750598287896265e-03
1.3750498277891072e-03
1.2750598287888035e-03
1.1750598307894739e-03
1.0750598287164439e-03
9.7505982871619312e-04
8.7505982871658263e-04
7.7505982871622480e-04
6.7505982871635985e-04
5.7504982771623301e-04
4.7505982878986725e-04
3.7505983086414470e-04
2.7504983193799330e-04
1.7505982878997895e-04
7.5059826640811426e-05
-2.4950176508609707e-05
-1.2497018265937248e-04
-2.4940170527506424e-05
7.5079836601951686e-05
1.7505982879010944e-04
2.7505982879040531e-04
3.7504982979057113e-04
4.7505982879039689e-04
5.7505982679036246e-04
6.7505982871676848e-04
7.7505982871728071e-04
8.7505982871752340e-04
9.7505982871802228e-04
1.0750598287183886e-03
1.1750498297189650e-03
1.2750598287924056e-03
1.3750598268655210e-03
1.4750498259397454e-03
1.5750598287916232e-03
1.6750598306434698e-03
1.7750498334954113e-03
1.8750298393455105e-03
1.7750598364264965e-03
1.6750798385066054e-03
1.5750598287926478e-03
1.4750598287920969e-03
1.3750498277915924e-03
1.2750598287921311e-03
1.1750598307927000e-03
1.0750598287193576e-03
9.7505982871942047e-04
8.7505982871914482e-04
7.7505982871933364e-04
6.7505982871909832e-04
5.7504982771894319e-04
4.7505982879256144e-04
3.7505983086591471e-04
2.7504983193948716e-04
1.7505982879216134e-04
7.5059826644892987e-05
-2.4950176502596728e-05
-1.2497018265191068e-04
-2.4940170524272859e-05
7.5079836601305000e-05
1.7505982879292535e-04
2.7505982879366865e-04
3.7504982979351989e-04
4.7505982879318502e-04
5.7505982679304359e-04
6.7505982871964108e-04
7.7505982872005637e-04
8.7505982871899693e-04
9.7505982872023872e-04
1.0750598287209197e-03
1.1750498297204083e-03
1.2750598287933751e-03
1.3750598268674006e-03
1.4750498259415768e-03
1.5750598287928726e-03
1.6750598306439421e-03
1.7750498334942987e-03
1.8750298393436548e-03
1.7750598364264679e-03
1.6750798385089453e-03
1.5750598287926107e-03
1.4750598287926703e-03
1.3750498277921297e-03
1.2750598287920478e-03
1.1750598307920814e-03
1.0750598287197614e-03
9.7505982872012108e-04
8.7505982872025537e-04
7.7505982871977936e-04
6.7505982871950924e-04
5.7504982771957528e-04
4.7505982879258231e-04
3.7505983086540362e-04
2.7504983193907208e-04
1.7505982879225919e-04
7.5059826645028932e-05
-2.4950176502323936e-05
-1.2497018265060760e-04
-2.4940170524289091e-05
7.5079836598924919e-05
1.7505982879281948e-04
2.7505982879316222e-04
3.7504982979306154e-04
4.7505982879289408e-04
5.7505982679336082e-04
6.7505982871982788e-04
7.7505982871971897e-04
8.7505982871964399e-04
