0.0000000000000000e+00
0.0000000000000000e+00
0.0000000000000000e+00
0.0000000000000000e+00
0.0000000000000000e+00
0.0000000000000000e+00
0.0000000000000000e+00
2.0002268952896583e-04
1.3000000013038116e-03
2.4000000099144735e-03
3.5000000102905385e-03
3.5000000102905385e-03
3.5000000102905385e-03
3.5000000102905385e-03
3.5000000102905385e-03
3.5000000102905385e-03
3.5000000102905385e-03
3.5000000102905385e-03
3.5000000102905385e-03
3.5000000102905385e-03
3.5000000102905385e-03
3.5000000102905385e-03
3.5000000102905385e-03
3.5000000102905385e-03
3.5000000102905385e-03
3.5000000102905385e-03
3.5000000102905385e-03
3.5000000102905385e-03
3.5000000102905385e-03
4.1497566044980186e-03
5.2498803631600456e-03
5.2498803631600456e-03
5.2498803631600456e-03
5.2498803631600456e-03
5.2498803631600456e-03
5.2498803631600456e-03
5.2498803631600456e-03
5.2498803631600456e-03
5.2498803631600456e-03
5.2498803631600456e-03
5.2498803631600456e-03
5.2498803631600456e-03
5.2498803631600456e-03
5.2498803631600456e-03
5.2498803631600456e-03
5.2498803631600456e-03
5.2498803631600456e-03
5.2498803631600456e-03
5.2498803631600456e-03
5.2498803631600456e-03
5.2498803631600456e-03
5.2498803631600456e-03
5.2498803631600456e-03
5.2498803631600456e-03
5.2498803631600456e-03
5.2498803631600456e-03
5.2498803631600456e-03
5.2498803631600456e-03
5.2498803631600456e-03
5.2498803631600456e-03
5.2498803631600456e-03
5.2498803631600456e-03
5.2498803631600456e-03
5.2498803631600456e-03
5.2498803631600456e-03
5.2498803631600456e-03
5.2498803631600456e-03
5.2498803631600456e-03
5.2498803631600456e-03
5.2498803631600456e-03
5.2498803631600456e-03
5.2498803631600456e-03
5.2498803631600456e-03
5.2498803631600456e-03
5.2498803631600456e-03
5.2498803631600456e-03
5.2498803631600456e-03
5.2498803631600456e-03
5.2498803631600456e-03
5.2498803631600456e-03
5.2498803631600456e-03
5.2498803631600456e-03
5.2498803631600456e-03
5.2498803631600456e-03
5.2498803631600456e-03
5.2498803631600456e-03
5.2498803631600456e-03
5.2498803631600456e-03
5.2498803631600456e-03
5.2498803631600456e-03
5.2498803631600456e-03
5.2498803631600456e-03
5.2498803631600456e-03
5.2498803631600456e-03
5.2498803631600456e-03
5.2498803631600456e-03
5.2498803631600456e-03
5.2498803631600456e-03
5.2498803631600456e-03
5.2498803631600456e-03
5.2498803631600456e-03
5.2498803631600456e-03
5.2498803631600456e-03
5.2498803631600456e-03
5.2498803631600456e-03
5.2498803631600456e-03
5.2498803631600456e-03
5.2498803631600456e-03
5.2498803631600456e-03
5.2498803631600456e-03
5.2498803631600456e-03
5.2498803631600456e-03
5.2498803631600456e-03
5.2498803631600456e-03
5.2498803631600456e-03
5.2498803631600456e-03
5.2498803631600456e-03
5.2498803631600456e-03
5.2498803631600456e-03
5.2498803631600456e-03
5.2498803631600456e-03
5.2498803631600456e-03
5.2498803631600456e-03
5.2498803631600456e-03
5.2498803631600456e-03
5.2498803631600456e-03
5.2498803631600456e-03
5.2498803631600456e-03
5.2498803631600456e-03
5.2498803631600456e-03
5.2498803631600456e-03
5.2498803631600456e-03
5.2498803631600456e-03
5.2498803631600456e-03
5.2498803631600456e-03
5.2498803631600456e-03
5.2498803631600456e-03
5.2498803631600456e-03
5.2498803631600456e-03
5.2498803631600456e-03
5.2498803631600456e-03
5.2498803631600456e-03
5.2498803631600456e-03
5.2498803631600456e-03
5.2498803631600456e-03
5.2498803631600456e-03
5.2498803631600456e-03
5.2498803631600456e-03
5.2498803631600456e-03
5.2498803631600456e-03
5.2498803631600456e-03
5.2498803631600456e-03
5.2498803631600456e-03
5.2498803631600456e-03
5.2498803631600456e-03
5.2498803631600456e-03
5.2498803631600456e-03
5.2498803631600456e-03
5.2498803631600456e-03
5.2498803631600456e-03
5.2498803631600456e-03
