0.0000000000000000e+00
-4.4000000002269850e+01
-8.8000000001335735e+01
-1.3202200836403799e+02
-1.7600000001151182e+02
-2.1999998328894972e+02
-2.6402197491662872e+02
-3.0800320714166844e+02
-3.5200000003991261e+02
-3.9600000001333285e+02
-4.4000000001995306e+02
-3.9600000009856132e+02
-3.5202199182085235e+02
-3.0800000001164744e+02
-2.6400001655244517e+02
-2.2002202472330836e+02
-1.7600000001164872e+02
-1.3199998367712573e+02
-8.8000000001605230e+01
-4.4000000001531738e+01
-1.5394667860947528e-09
4.3999999998443279e+01
8.7999999998421970e+01
1.3197800835473731e+02
1.7599999998835227e+02
2.1999998327190713e+02
2.6397797492536409e+02
3.0799999998836603e+02
3.5200001667415086e+02
3.9596596166698566e+02
4.3998353416555415e+02
3.9599999989137785e+02
3.5199446671603721e+02
3.0796691791150698e+02
2.6399999995886196e+02
2.2001110490332189e+02
1.7600021604063866e+02
1.3200000001144082e+02
8.7999999988961250e+01
4.3999999998481300e+01
-1.5786460462173329e-09
-4.4000000001625580e+01
-8.8000000001575529e+01
-1.3202200836521712e+02
-1.7600000001165716e+02
-2.1999998328824577e+02
-2.6402197491492433e+02
-3.0800000001162340e+02
-3.5200001676548186e+02
-3.9602204189662257e+02
-4.4006609214538349e+02
-3.9600000104995740e+02
-3.5195595183138573e+02
-3.0800000001165330e+02
-2.6400000001167251e+02
-2.2002199165536604e+02
-1.7600000001176673e+02
-1.3200001671820951e+02
-8.8000000001691092e+01
-4.4000000001733497e+01
-1.6819137888481046e-09
4.3999999998348358e+01
8.7999999998376452e+01
1.3197800835468360e+02
1.7599999998840821e+02
2.1999998327193489e+02
2.6397797492536171e+02
3.0799999998841736e+02
3.5200001667412550e+02
3.9597804170272775e+02
4.3993409177375361e+02
3.9599999989418137e+02
3.5204394973640308e+02
3.0799999998842168e+02
2.6399999998835239e+02
2.1997799162457096e+02
1.7599999998831092e+02
1.3200001672185482e+02
8.7999999998290548e+01
4.3999999998281325e+01
-1.7288796994846816e-09
-4.4000000001661661e+01
-8.8000000001580133e+01
-1.3202200836510320e+02
-1.7600000001145202e+02
-2.1999998328808292e+02
-2.6402197491471742e+02
-3.0800000001147572e+02
-3.5200001676550517e+02
-3.9602204189668140e+02
-4.4006609214557409e+02
-3.9600000104996610e+02
-3.5195595183117393e+02
-3.0800000001158060e+02
-2.6400000001158230e+02
-2.2002199165527716e+02
-1.7600000001168664e+02
-1.3200001671820689e+02
-8.8000000001675971e+01
-4.4000000001667161e+01
-1.7059319378720261e-09
4.3999999998268699e+01
8.7999999998292452e+01
1.3197800835467564e+02
1.7599999998832129e+02
2.1999998327182931e+02
2.6397797492521755e+02
3.0799999998830714e+02
3.5200001667417246e+02
3.9597804170289135e+02
4.3993409177403367e+02
3.9599999989434298e+02
3.5204394973647851e+02
3.0799999998856561e+02
2.6399999998855725e+02
2.1997799162493669e+02
1.7599999998858317e+02
1.3200001672209714e+02
8.7999999998563254e+01
4.3999999998582524e+01
-1.4435791188840882e-09
-4.4000000001366139e+01
-8.8000000001353840e+01
-1.3202200836499082e+02
-1.7600000001143854e+02
-2.1999998328791216e+02
-2.6402197491469047e+02
-3.0800000001148220e+02
-3.5200001676550983e+02
-3.9602204189673591e+02
-4.4006609214550099e+02
-3.9600000104982234e+02
-3.5195595183102517e+02
-3.0800000001143621e+02
-2.6400000001137641e+02
-2.2002199165508881e+02
-1.7600000001145060e+02
-1.3200001671800609e+02
-8.8000000001518600e+01
-4.4000000001396700e+01
-1.2956219366939986e-09
4.3999999998654147e+01
8.7999999998560781e+01
1.3197800835487089e+02
1.7599999998861261e+02
2.1999998327222153e+02
2.6397797492569572e+02
3.0799999998861068e+02
3.5200001667434310e+02
3.9597804170291681e+02
4.3993409177396182e+02
3.9599999989432621e+02
3.5204394973653660e+02
3.0799999998850512e+02
2.6399999998842446e+02
2.1997799162462215e+02
1.7599999998824305e+02
1.3200001672182182e+02
8.7999999998398579e+01
4.3999999998354340e+01
-1.5807743497901505e-09
