0.0000000000000000e+00
4.4000000002345438e+01
8.8000000002228603e+01
1.3201320572457576e+02
1.7600000001973805e+02
2.1999998858829042e+02
2.6401318287036554e+02
3.0800090758115812e+02
3.5200000005215213e+02
3.9600000039657891e+02
4.4000000041162070e+02
3.9600000017221282e+02
3.5201319421525767e+02
3.0800000001967976e+02
2.6400001153758660e+02
2.2001321732900627e+02
1.7600000001978222e+02
1.3199998844184759e+02
8.8000000002386656e+01
4.4000000002387068e+01
2.4274298854266874e-09
4.3999999997570391e+01
8.7999999997562384e+01
1.3198680571520407e+02
1.7599999998020854e+02
2.1999998853179727e+02
2.6398678280990521e+02
3.0799999998020257e+02
3.5200001141911315e+02
3.9599026397411001e+02
4.3999521432059089e+02
3.9599999981330075e+02
3.5199158713027703e+02
3.0796996482603538e+02
2.6399999995861890e+02
2.2001684861388912e+02
1.7602049936296544e+02
1.3200000000235394e+02
8.7999999993653546e+01
4.3999999997851489e+01
2.1095654223536416e-09
4.4000000002105850e+01
8.8000000002107797e+01
1.3201320572447648e+02
1.7600000001948467e+02
2.1999998858793347e+02
2.6401318286991165e+02
3.0800000001950366e+02
3.5200001146043360e+02
3.9601322863282383e+02
4.4003966299011046e+02
3.9600000183140781e+02
3.5197356932378949e+02
3.0800000001951184e+02
2.6400000001949098e+02
2.2001319430191342e+02
1.7600000001952375e+02
1.3200001145059682e+02
8.8000000002161997e+01
4.4000000002148845e+01
2.1621718521674655e-09
4.3999999997881574e+01
8.7999999997833129e+01
1.3198680571537415e+02
1.7599999998044703e+02
2.1999998853199699e+02
2.6398678281013503e+02
3.0799999998044973e+02
3.5200001141933495e+02
3.9598682856684388e+02
4.3996046284955486e+02
3.9599999981757810e+02
3.5202636533377216e+02
3.0799999998053039e+02
2.6399999998043864e+02
2.1998679425783146e+02
1.7599999998038822e+02
1.3200001142940903e+02
8.7999999997847539e+01
4.3999999997797929e+01
2.2668568836861703e-09
4.4000000002239055e+01
8.8000000002222109e+01
1.3201320572463226e+02
1.7600000001968823e+02
2.1999998858821959e+02
2.6401318287019171e+02
3.0800000001967823e+02
3.5200001146064619e+02
3.9601322863298179e+02
4.4003966299027013e+02
3.9600000183174541e+02
3.5197356932435764e+02
3.0800000001985455e+02
2.6400000001979970e+02
2.2001319430220565e+02
1.7600000001985813e+02
1.3200001145095800e+02
8.8000000002495852e+01
4.4000000002511861e+01
2.4786875769571316e-09
4.3999999997478184e+01
8.7999999997489368e+01
1.3198680571510550e+02
1.7599999998005688e+02
2.1999998853159744e+02
2.6398678280966772e+02
3.0799999998006086e+02
3.5200001141899691e+02
3.9598682856655353e+02
4.3996046284929218e+02
3.9599999981727825e+02
3.5202636533346680e+02
3.0799999998019371e+02
2.6399999998014351e+02
2.1998679425769717e+02
1.7599999998014039e+02
1.3200001142916651e+02
8.7999999997590436e+01
4.3999999997579131e+01
2.3781985363721575e-09
4.4000000002400867e+01
8.8000000002402743e+01
1.3201320572478380e+02
1.7600000001981425e+02
2.1999998858834337e+02
2.6401318287032637e+02
3.0800000001974684e+02
3.5200001146062442e+02
3.9601322863288891e+02
4.4003966299007942e+02
3.9600000183173626e+02
3.5197356932452891e+02
3.0800000001988917e+02
2.6400000001984961e+02
2.2001319430222026e+02
1.7600000001978705e+02
1.3200001145086532e+02
8.8000000002475161e+01
4.4000000002426340e+01
2.4180165373383369e-09
4.3999999997604149e+01
8.7999999997595111e+01
1.3198680571515104e+02
1.7599999998019774e+02
2.1999998853182566e+02
2.6398678280993181e+02
3.0799999998019575e+02
3.5200001141900293e+02
3.9598682856645854e+02
4.3996046284906828e+02
3.9599999981720487e+02
3.5202636533370344e+02
3.0799999998012044e+02
2.6399999998004540e+02
2.1998679425753835e+02
1.7599999997996258e+02
1.3200001142899094e+02
8.7999999997475328e+01
4.3999999997487592e+01
2.4757016912577417e-09
