0.0000000000000000e+00
7.4285577069685568e-11
9.0183751180335365e-10
-8.8026394366523923e-03
8.2476780665981065e-09
5.2993433617902083e-06
-8.7920463052160100e-03
-2.2995604948984668e-03
1.2261670762097895e-08
3.8326471168477235e-07
3.9168503765356589e-07
7.3668283807083594e-08
-8.7976055516900409e-03
8.0403630902304042e-09
-5.0148732791528083e-06
-8.8073943447614673e-03
8.1803853406822148e-09
4.7648415766879387e-06
8.2545146762753279e-10
9.0122524739558931e-10
9.2108286990732026e-10
9.0946419378967672e-10
8.9961738247098593e-10
-8.7973604172089607e-03
8.1718580975581692e-09
-5.2598318452570231e-06
-8.8078845099258899e-03
8.1786081066880290e-09
5.2550434538461618e-06
-2.4302307096654312e-02
-1.1680155025914487e-02
7.8109435744811467e-08
2.8795857991127114e-03
-3.0469144553810484e-03
2.5161536711143413e-10
-5.7437106111683459e-03
-2.0283322411375405e-02
9.0866469832961733e-09
-4.6924330258095586e-09
6.4435071213126043e-10
5.4285093732729165e-10
4.8656570268647912e-10
5.5801460840672511e-10
-8.8026407136122722e-03
7.8321370918662529e-09
5.2996873094909588e-06
-8.7920450312222089e-03
7.8987478463743251e-09
-5.3049948776911450e-06
-8.8132637384007104e-03
-2.6429155153649981e-02
7.8147444859596731e-07
1.7617492334583838e-02
7.8240827186860574e-09
7.7921260448707482e-09
-8.7973534975858449e-03
7.6839085772570530e-09
-5.2676916693869184e-06
4.0632596151960877e-10
3.6457958118150300e-10
4.2505094947569218e-10
3.9674871380458372e-10
4.6426916632289924e-10
-8.7973607758067632e-03
7.9128841101383331e-09
-5.2600730175383315e-06
-8.8078847631929934e-03
7.9226667832222134e-09
5.2546581657316785e-06
-8.7868643350750199e-03
-2.6371076073623448e-02
7.6575011300605967e-08
1.7584402808131339e-02
7.8788871231349937e-09
7.8899390761528878e-09
-8.8026333149020045e-03
7.8844997655745165e-09
5.2923961781795657e-06
4.1077614386256327e-10
4.6469872951894586e-10
5.1010616177780549e-10
5.9169262608256959e-10
6.6037640109014551e-10
-8.8026404467166745e-03
8.2346524776836025e-09
5.3001056545053965e-06
-8.7920445528309205e-03
8.1480642461849679e-09
-5.3049273456792114e-06
-8.8132637180146581e-03
-2.6429155309852931e-02
7.8174995435114927e-07
1.7617493118381435e-02
8.2388557241206931e-09
8.1724030539372298e-09
-8.7973531237981184e-03
8.1313076983991050e-09
-5.2672818693073651e-06
7.9238961148415528e-10
8.1519855574006786e-10
7.4150039289438226e-10
7.6869625064214588e-10
7.8442142441102838e-10
-8.7973604376636629e-03
8.2568583576786972e-09
-5.2598067383307669e-06
-8.8078845124151921e-03
8.2410723495867537e-09
5.2552151408982805e-06
-8.7868635610207566e-03
-2.6371075116825564e-02
7.7121124327771462e-08
1.7584402955989561e-02
8.3941104114646333e-09
8.4792962544355413e-09
-8.8026327384351458e-03
8.4467384495428186e-09
5.2929179523442965e-06
9.7439842548843049e-10
1.0334728031643420e-09
9.2226721357559815e-10
1.0702432269556804e-09
1.1372276097200326e-09
-8.8026401419126002e-03
8.4281178778405302e-09
5.3004755492242592e-06
-8.7920442962132819e-03
8.3096123667567082e-09
-5.3048469290882268e-06
-8.8132638536426479e-03
-2.6429155475000434e-02
7.8187765065179874e-07
1.7617493553151890e-02
8.4126240107635155e-09
8.4553944119635284e-09
-8.7973528917713040e-03
8.2989194260852344e-09
-5.2672062708508330e-06
9.5868833451686268e-10
1.0488314854159654e-09
1.1336192628501739e-09
1.0570208134638412e-09
9.8348354042971211e-10
-8.7973602489365230e-03
8.3950253632894298e-09
-5.2596880552133737e-06
-8.8078843413460402e-03
8.3860166611220233e-09
5.2553567769553359e-06
-8.7868634502707918e-03
-2.6371074916457935e-02
7.7166790353326861e-08
1.7584402714804544e-02
8.4073217891124557e-09
8.4093875119170443e-09
-8.8026328749580829e-03
8.3127438125444330e-09
5.2928935269908255e-06
9.6733371981043195e-10
9.1856249246469714e-10
9.4967429641687860e-10
