0.0000000000000000e+00
7.6904062990227029e-11
8.8388450175422823e-10
-8.8026394877570094e-03
8.2046344427899974e-09
5.2993381505851388e-06
-8.7920462209292033e-03
-2.2995605251870405e-03
1.2217007297522019e-08
3.8322697852597688e-07
3.9165104062380827e-07
7.3634382497222202e-08
-8.7976056377839992e-03
8.0245170875868288e-09
-5.0148438149217410e-06
-8.8073942593652078e-03
8.0868028142434115e-09
4.7646021823695357e-06
7.3742098414004873e-10
8.0948141136178212e-10
8.5290477198033653e-10
8.3634379561976815e-10
8.1953629921276715e-10
-8.7973605164323784e-03
8.1156148776198073e-09
-5.2599485405404872e-06
-8.8078845727072551e-03
8.1484482248350194e-09
5.2550321940678450e-06
-2.4302307151512225e-02
-1.1680155047506767e-02
7.8044751868814166e-08
2.8795857216515185e-03
-3.0469146012523729e-03
2.3412074636951152e-10
-5.7437105233011194e-03
-2.0283322242166415e-02
9.0870140224229491e-09
-4.6920659866827886e-09
6.1528425374916653e-10
5.1465788920915554e-10
4.7400802368548209e-10
5.0664048534312456e-10
-8.8026407675609718e-03
7.8229217509589991e-09
5.2996881213755370e-06
-8.7920449943504932e-03
7.8616717200116389e-09
-5.3051016546528122e-06
-8.8132638591930830e-03
-2.6429155392020034e-02
7.8142677183152893e-07
1.7617492473504678e-02
7.8931699808997259e-09
7.8449433401766870e-09
-8.7973534076512486e-03
7.8301385652662832e-09
-5.2675335495737907e-06
5.3562205491888596e-10
4.6611083433027203e-10
5.3725199074513686e-10
5.3683297915473343e-10
6.2244309201856894e-10
-8.7973606053353536e-03
8.0095605604812105e-09
-5.2600510599854537e-06
-8.8078847838377987e-03
8.0124692805561237e-09
5.2549226218696971e-06
-8.7868638973436618e-03
-2.6371075528967669e-02
7.6631202314861785e-08
1.7584402454301099e-02
7.9037014770002215e-09
7.9378378908044591e-09
-8.8026332062394064e-03
7.9609382023795086e-09
5.2924956049222599e-06
4.7528587366530587e-10
5.0209591279039705e-10
5.6932685068754939e-10
5.6305862740726194e-10
6.2350416254077385e-10
-8.8026404950832336e-03
8.2381064024133506e-09
5.3001674729025350e-06
-8.7920444983580325e-03
8.2571271919270017e-09
-5.3047906225187159e-06
-8.8132636808945682e-03
-2.6429155297945209e-02
7.8180793955230368e-07
1.7617493249230929e-02
8.3089895298134340e-09
8.2624224278455038e-09
-8.7973530194345329e-03
8.2117607518579006e-09
-5.2672156947498568e-06
8.4736041486285598e-10
8.7419959357607175e-10
8.1569033177186867e-10
8.1234062898991530e-10
8.2182960704583711e-10
-8.7973604219388699e-03
8.2720557899993144e-09
-5.2597296173291748e-06
-8.8078843884004387e-03
8.2518135031725687e-09
5.2551360966860513e-06
-8.7868637634701072e-03
-2.6371075400483952e-02
7.7008432963821005e-08
1.7584403067800576e-02
8.3492309377586840e-09
8.3479997295675954e-09
-8.8026327823551870e-03
8.4386231492093313e-09
5.2929433299032062e-06
9.7121212243161501e-10
9.7334560710525109e-10
9.6419509248451916e-10
9.9916526157536625e-10
9.6053094209395214e-10
-8.8026402721776455e-03
8.3229805273578489e-09
5.3003868582494958e-06
-8.7920444319477369e-03
8.2200343051963862e-09
-5.3049237719890183e-06
-8.8132638401133747e-03
-2.6429155367731581e-02
7.8194944643421205e-07
1.7617493454402389e-02
8.4931183956983780e-09
8.4910436580556171e-09
-8.7973528453381983e-03
8.3739315995268088e-09
-5.2670750262062904e-06
9.5443496469890302e-10
1.0104123571954627e-09
1.1170399366832382e-09
1.0429680572430139e-09
9.4785794524997679e-10
-8.7973603112346532e-03
8.4346499704236808e-09
-5.2595201627478550e-06
-8.8078841308246777e-03
8.4439963579133051e-09
5.2553234394927770e-06
-8.7868636329653214e-03
-2.6371075296733760e-02
7.7075689808010634e-08
1.7584402951594798e-02
8.3621974546005899e-09
8.3486882565873007e-09
-8.8026329576909382e-03
8.2484390371272273e-09
5.2927681032312463e-06
8.7910285142730188e-10
8.1490839564837913e-10
8.5155929353730021e-10
