2.9999999999999983e+02
2.9999999999999983e+02
2.9999999999999983e+02
2.9999999999999983e+02
2.9999999999999983e+02
2.9999999999999983e+02
2.9999999999999983e+02
3.0600068068586864e+02
3.3900000003911407e+02
3.7200000029743398e+02
4.0500000030871581e+02
4.0500000030871581e+02
4.0500000030871581e+02
4.0500000030871581e+02
4.0500000030871581e+02
4.0500000030871581e+02
4.0500000030871581e+02
4.0500000030871581e+02
4.0500000030871581e+02
4.0500000030871581e+02
4.0500000030871581e+02
4.0500000030871581e+02
4.0500000030871581e+02
4.0500000030871581e+02
4.0500000030871581e+02
4.0500000030871581e+02
4.0500000030871581e+02
4.0500000030871581e+02
4.0500000030871581e+02
4.2449269813494027e+02
4.5749641089480093e+02
4.5749641089480093e+02
4.5749641089480093e+02
4.5749641089480093e+02
4.5749641089480093e+02
4.5749641089480093e+02
4.5749641089480093e+02
4.5749641089480093e+02
4.5749641089480093e+02
4.5749641089480093e+02
4.5749641089480093e+02
4.5749641089480093e+02
4.5749641089480093e+02
4.5749641089480093e+02
4.5749641089480093e+02
4.5749641089480093e+02
4.5749641089480093e+02
4.5749641089480093e+02
4.5749641089480093e+02
4.5749641089480093e+02
4.5749641089480093e+02
4.5749641089480093e+02
4.5749641089480093e+02
4.5749641089480093e+02
4.5749641089480093e+02
4.5749641089480093e+02
4.5749641089480093e+02
4.5749641089480093e+02
4.5749641089480093e+02
4.5749641089480093e+02
4.5749641089480093e+02
4.5749641089480093e+02
4.5749641089480093e+02
4.5749641089480093e+02
4.5749641089480093e+02
4.5749641089480093e+02
4.5749641089480093e+02
4.5749641089480093e+02
4.5749641089480093e+02
4.5749641089480093e+02
4.5749641089480093e+02
4.5749641089480093e+02
4.5749641089480093e+02
4.5749641089480093e+02
4.5749641089480093e+02
4.5749641089480093e+02
4.5749641089480093e+02
4.5749641089480093e+02
4.5749641089480093e+02
4.5749641089480093e+02
4.5749641089480093e+02
4.5749641089480093e+02
4.5749641089480093e+02
4.5749641089480093e+02
4.5749641089480093e+02
4.5749641089480093e+02
4.5749641089480093e+02
4.5749641089480093e+02
4.5749641089480093e+02
4.5749641089480093e+02
4.5749641089480093e+02
4.5749641089480093e+02
4.5749641089480093e+02
4.5749641089480093e+02
4.5749641089480093e+02
4.5749641089480093e+02
4.5749641089480093e+02
4.5749641089480093e+02
4.5749641089480093e+02
4.5749641089480093e+02
4.5749641089480093e+02
4.5749641089480093e+02
4.5749641089480093e+02
4.5749641089480093e+02
4.5749641089480093e+02
4.5749641089480093e+02
4.5749641089480093e+02
4.5749641089480093e+02
4.5749641089480093e+02
4.5749641089480093e+02
4.5749641089480093e+02
4.5749641089480093e+02
4.5749641089480093e+02
4.5749641089480093e+02
4.5749641089480093e+02
4.5749641089480093e+02
4.5749641089480093e+02
4.5749641089480093e+02
4.5749641089480093e+02
4.5749641089480093e+02
4.5749641089480093e+02
4.5749641089480093e+02
4.5749641089480093e+02
4.5749641089480093e+02
4.5749641089480093e+02
4.5749641089480093e+02
4.5749641089480093e+02
4.5749641089480093e+02
4.5749641089480093e+02
4.5749641089480093e+02
4.5749641089480093e+02
4.5749641089480093e+02
4.5749641089480093e+02
4.5749641089480093e+02
4.5749641089480093e+02
4.5749641089480093e+02
4.5749641089480093e+02
4.5749641089480093e+02
4.5749641089480093e+02
4.5749641089480093e+02
4.5749641089480093e+02
4.5749641089480093e+02
4.5749641089480093e+02
4.5749641089480093e+02
4.5749641089480093e+02
4.5749641089480093e+02
4.5749641089480093e+02
4.5749641089480093e+02
4.5749641089480093e+02
4.5749641089480093e+02
4.5749641089480093e+02
4.5749641089480093e+02
4.5749641089480093e+02
4.5749641089480093e+02
4.5749641089480093e+02
4.5749641089480093e+02
4.5749641089480093e+02
4.5749641089480093e+02
4.5749641089480093e+02
4.5749641089480093e+02
4.5749641089480093e+02
