0.0000000000000000e+00
-4.0000000002112087e-04
-8.0000000001558002e-04
-1.2001600640379319e-03
-1.6000000001408577e-03
-1.9999998721695537e-03
-2.4001598081218583e-03
-2.9600266767864061e-03
-4.2725990727084037e-03
-5.7344839964649889e-03
-7.2268953189616823e-03
-6.8268949375518704e-03
-6.4270544924737230e-03
-6.0268949375318131e-03
-5.6268954462110566e-03
-5.2270558905100481e-03
-4.8268949375330373e-03
-4.4268940492942048e-03
-4.0268949374075340e-03
-3.6268949374079137e-03
-3.2268949374080042e-03
-2.8268949374088276e-03
-2.4268949374093469e-03
-2.0270548734368384e-03
-1.6268949375334272e-03
-1.2268950655548105e-03
-8.2705512950184364e-04
-4.2689493753267095e-04
-2.6894809694073308e-05
3.7294538201465647e-04
9.9153830909297792e-04
5.9156284941330078e-04
1.9142734534905801e-04
-2.0843715027096718e-04
-6.0846160146871557e-04
-1.0086461362664415e-03
-1.4084371503131311e-03
-1.8083880611419884e-03
-2.2084989967052831e-03
-2.6084371502366854e-03
-3.0084371501478725e-03
-3.4084371501627722e-03
-3.8084371501640076e-03
-4.2085972141915557e-03
-4.6084371502881152e-03
-5.0084370223106058e-03
-5.4085969582584282e-03
-5.8084371502876379e-03
-6.2084372784479242e-03
-6.6085974707380517e-03
-7.0521568957283270e-03
-6.6521559503954055e-03
-6.2523149418471915e-03
-5.8521559500393670e-03
-5.4521570214012835e-03
-5.0523180279349877e-03
-4.6521559500409320e-03
-4.2521539377856606e-03
-3.8521559499148320e-03
-3.4521559499154789e-03
-3.0521559499154028e-03
-2.6521559499154352e-03
-2.2521559499153504e-03
-1.8523158859430251e-03
-1.4521559500398579e-03
-1.0521560780616071e-03
-6.5231614200922242e-04
-2.5215595003951407e-04
1.4784417779993664e-04
5.4768436950945948e-04
9.5658673121669694e-04
5.5658677603312434e-04
1.5642675685847976e-04
-2.4341322357558426e-04
-6.4341313997098122e-04
-1.0435731203275291e-03
-1.4434132235760344e-03
-1.8434132628839083e-03
-2.2434132234521306e-03
-2.6434132234523320e-03
-3.0434132234525377e-03
-3.4434132234531351e-03
-3.8434132234524028e-03
-4.2435732874800515e-03
-4.6434132235769685e-03
-5.0434130955992439e-03
-5.4435730315472233e-03
-5.8434132235764980e-03
-6.2434133517353611e-03
-6.6435735440259448e-03
-7.0438939285994741e-03
-6.6441115368976438e-03
-6.2444889072887375e-03
-5.8441115374773742e-03
-5.4441115364171492e-03
-5.0442714713859558e-03
-4.6441115365243408e-03
-4.2441116655876718e-03
-3.8441115364005649e-03
-3.4441115364002481e-03
-3.0441115364005867e-03
-2.6441115364009404e-03
-2.2441115364007442e-03
-1.8442714724284082e-03
-1.4441115365257840e-03
-1.0441116645490802e-03
-6.4427172849751500e-04
-2.4411153652684840e-04
1.5588859131343219e-04
5.5572878302435490e-04
9.5540916645100614e-04
5.5599813504527351e-04
1.5642751072109199e-04
-2.4400186483715589e-04
-6.4400186468588816e-04
-1.0441619285617781e-03
-1.4440018645630230e-03
-1.8440017364889268e-03
-2.2440018644382079e-03
-2.6440018644385229e-03
-3.0440018644384476e-03
-3.4440018644395429e-03
-3.8440018644391263e-03
-4.2441619284656540e-03
-4.6440018645630540e-03
-5.0440017365858316e-03
-5.4441616725331467e-03
-5.8440018645628004e-03
-6.2440019927227025e-03
-6.6441621850123972e-03
-7.0444825695870853e-03
-6.6445225987828149e-03
-6.2447225320047921e-03
-5.8445225986757544e-03
-5.4445225982174550e-03
-5.0446825337868498e-03
-4.6445225984078882e-03
-4.2445227269535283e-03
-3.8445225982830919e-03
-3.4445225982826528e-03
-3.0445225982824670e-03
-2.6445225982820808e-03
-2.2445225982817142e-03
-1.8446825343093596e-03
-1.4445225984062698e-03
-1.0445227264283942e-03
-6.4468279037527753e-04
-2.4452259840650729e-04
1.5547752943318395e-04
5.5531772114166878e-04
9.5499810456848222e-04
5.5547740120032239e-04
1.5579701724284799e-04
-2.4452259840401991e-04
-6.4452259840392984e-04
-1.0446826624320093e-03
-1.4445225984049065e-03
-1.8445224703026171e-03
-2.2445225982798823e-03
-2.6445225982806510e-03
-3.0445225982809795e-03
