0.0000000000000000e+00
1.0000000000576372e-04
2.0000000000826177e-04
2.9999000101181930e-04
4.0000000008097507e-04
4.9999999815124048e-04
5.9998999722175460e-04
7.8000167026528447e-04
1.3360407193574134e-03
1.9672318873579044e-03
2.6134472708303309e-03
2.5134474687899984e-03
2.4134376657881399e-03
2.3134474687777091e-03
2.2134472727268657e-03
2.1134370756380944e-03
2.0134474687789868e-03
1.9134478629979537e-03
1.8134474687049029e-03
1.7134474687050488e-03
1.6134474687048983e-03
1.5134474687042967e-03
1.4134474687038231e-03
1.3134374677036776e-03
1.2134474687770006e-03
1.1134474708509141e-03
1.0134374719255562e-03
9.1344746877780386e-04
8.1344746662877698e-04
7.1343746347918855e-04
5.0420895638266037e-04
6.0421857532927945e-04
7.0421819335192773e-04
8.0421857513225540e-04
9.0420895783692532e-04
1.0041893434639742e-03
1.1042185751951809e-03
1.2042378020798623e-03
1.3042470261195739e-03
1.4042185750973075e-03
1.5042185750781122e-03
1.6042185750810161e-03
1.7042185750811582e-03
1.8042085760813958e-03
1.9042185751547433e-03
2.0042185732281025e-03
2.1042085723024261e-03
2.2042185751541699e-03
2.3042185770051848e-03
2.4042085798561988e-03
2.5260775856304654e-03
2.4260779752387921e-03
2.3260683639255517e-03
2.2260779750286749e-03
2.1260775870530976e-03
2.0260671980000689e-03
1.9260779750301250e-03
1.8260787532160378e-03
1.7260779749546018e-03
1.6260779749565442e-03
1.5260779749561991e-03
1.4260779749560926e-03
1.3260779749558890e-03
1.2260679739557142e-03
1.1260779750286931e-03
1.0260779771024910e-03
9.2606797817659889e-04
8.2607797502957264e-04
7.2607797288197116e-04
6.2606796973322754e-04
5.2170659706272699e-04
6.2170661202625842e-04
7.2169662798630735e-04
8.2170661179852423e-04
9.2170659461398262e-04
1.0216965784318442e-03
1.1217066117973835e-03
1.2217066441568680e-03
1.3217066117233976e-03
1.4217066117229518e-03
1.5217066117231314e-03
1.6217066117232817e-03
1.7217066117235940e-03
1.8216966127236477e-03
1.9217066117975740e-03
2.0217066098706551e-03
2.1216966089445508e-03
2.2217066117978315e-03
2.3217066136505069e-03
2.4216966165023046e-03
2.5216766223535572e-03
2.4220557684908718e-03
2.3224249893251140e-03
2.2220557679990382e-03
2.1220557681720671e-03
2.0220457673451801e-03
1.9220557682706565e-03
1.8220557701970834e-03
1.7220557681975578e-03
1.6220557681973489e-03
1.5220557681975768e-03
1.4220557681979280e-03
1.3220557681972132e-03
1.2220457671968058e-03
1.1220557682707815e-03
1.0220557703442923e-03
9.2204577141775674e-04
8.2205576827008864e-04
7.2205576612311187e-04
6.2204576297424053e-04
5.2202575682461184e-04
6.2200093251712758e-04
7.2196611417350343e-04
8.2200093230341159e-04
9.2200093229700974e-04
1.0219909332900221e-03
1.1220009322884992e-03
1.2220009302874441e-03
1.3220009322156196e-03
1.4220009322151138e-03
1.5220009322157810e-03
1.6220009322157705e-03
1.7220009322162758e-03
1.8219909332162735e-03
1.9220009322894116e-03
2.0220009303631354e-03
2.1219909294371425e-03
2.2220009322897354e-03
2.3220009341416233e-03
2.4219909369929717e-03
2.5219709428424735e-03
2.4222612994323086e-03
2.3225417130177889e-03
2.2222612990369772e-03
2.1222612991447275e-03
2.0222512982534229e-03
1.9222612992123792e-03
1.8222613011711795e-03
1.7222612991388661e-03
1.6222612991386475e-03
1.5222612991391399e-03
1.4222612991395545e-03
1.3222612991396680e-03
1.2222512981394356e-03
1.1222612992133670e-03
1.0222613012877658e-03
9.2225130236202291e-04
8.2226129921377151e-04
7.2226129706468847e-04
6.2225129391517225e-04
5.2223128776444233e-04
6.2226129944301610e-04
7.2228130611928223e-04
8.2226129921370082e-04
9.2226129921315595e-04
1.0222513002129188e-03
1.1222612992126209e-03
1.2222612972128996e-03
1.3222612991395082e-03
1.4222612991394551e-03
1.5222612991392789e-03
