0.0000000000000000e+00
1.0000000000497821e-04
2.0000000000899816e-04
2.9999000101259922e-04
4.0000000008217208e-04
4.9999999815235623e-04
5.9998999722321133e-04
7.8000167026637463e-04
1.3360407193587808e-03
1.9672318873595945e-03
2.6134472708316007e-03
2.5134474687910518e-03
2.4134376657898231e-03
2.3134474687789043e-03
2.2134472727279282e-03
2.1134370756387428e-03
2.0134474687802896e-03
1.9134478630007592e-03
1.8134474687059746e-03
1.7134474687067326e-03
1.6134474687068726e-03
1.5134474687058090e-03
1.4134474687057426e-03
1.3134374677064653e-03
1.2134474687790443e-03
1.1134474708527390e-03
1.0134374719264466e-03
9.1344746877956579e-04
8.1344746663256930e-04
7.1343746348567967e-04
5.0420895638696834e-04
6.0421857533300163e-04
7.0421819335601983e-04
8.0421857513694099e-04
9.0420895784126798e-04
1.0041893434693425e-03
1.1042185751996161e-03
1.2042378020834653e-03
1.3042470261226703e-03
1.4042185751031526e-03
1.5042185750842592e-03
1.6042185750864990e-03
1.7042185750863724e-03
1.8042085760869078e-03
1.9042185751594353e-03
2.0042185732325889e-03
2.1042085723066142e-03
2.2042185751590627e-03
2.3042185770113565e-03
2.4042085798628814e-03
2.5260775856349007e-03
2.4260779752437898e-03
2.3260683639306176e-03
2.2260779750329870e-03
2.1260775870585113e-03
2.0260671980055355e-03
1.9260779750364296e-03
1.8260787532229914e-03
1.7260779749614817e-03
1.6260779749628683e-03
1.5260779749624279e-03
1.4260779749618452e-03
1.3260779749622684e-03
1.2260679739626685e-03
1.1260779750356395e-03
1.0260779771093585e-03
9.2606797818199779e-04
8.2607797503594926e-04
7.2607797288929896e-04
6.2606796974220571e-04
5.2170659706899075e-04
6.2170661203221156e-04
7.2169662799198477e-04
8.2170661180355569e-04
9.2170659461788824e-04
1.0216965784357532e-03
1.1217066118031985e-03
1.2217066441636221e-03
1.3217066117298193e-03
1.4217066117296225e-03
1.5217066117296934e-03
1.6217066117295638e-03
1.7217066117294565e-03
1.8216966127293298e-03
1.9217066118030269e-03
2.0217066098773030e-03
2.1216966089510902e-03
2.2217066118031801e-03
2.3217066136545536e-03
2.4216966165055906e-03
2.5216766223550399e-03
2.4220557684962894e-03
2.3224249893341142e-03
2.2220557680036938e-03
2.1220557681765144e-03
2.0220457673490737e-03
1.9220557682754508e-03
1.8220557702014384e-03
1.7220557682022560e-03
1.6220557682023900e-03
1.5220557682022455e-03
1.4220557682022897e-03
1.3220557682025488e-03
1.2220457672017400e-03
1.1220557682746358e-03
1.0220557703483192e-03
9.2204577142135737e-04
8.2205576827502718e-04
7.2205576612799534e-04
6.2204576297990332e-04
5.2202575683085760e-04
6.2200093252093086e-04
7.2196611417480122e-04
8.2200093230773603e-04
9.2200093230140152e-04
1.0219909332936589e-03
1.1220009322917700e-03
1.2220009302898343e-03
1.3220009322186699e-03
1.4220009322189534e-03
1.5220009322187739e-03
1.6220009322193197e-03
1.7220009322194666e-03
1.8219909332191609e-03
1.9220009322930096e-03
2.0220009303670984e-03
2.1219909294410894e-03
2.2220009322935054e-03
2.3220009341441083e-03
2.4219909369944037e-03
2.5219709428441627e-03
2.4222612994357108e-03
2.3225417130224349e-03
2.2222612990404115e-03
2.1222612991484381e-03
2.0222512982568477e-03
1.9222612992152572e-03
1.8222613011742053e-03
1.7222612991420784e-03
1.6222612991412773e-03
1.5222612991420835e-03
1.4222612991426525e-03
1.3222612991431776e-03
1.2222512981436891e-03
1.1222612992163737e-03
1.0222613012906240e-03
9.2225130236387289e-04
8.2226129921696980e-04
7.2226129706966040e-04
6.2225129392108592e-04
5.2223128777134956e-04
6.2226129944609968e-04
7.2228130611804093e-04
8.2226129921694107e-04
9.2226129921703175e-04
1.0222513002173003e-03
1.1222612992170102e-03
1.2222612972180695e-03
1.3222612991439216e-03
1.4222612991436605e-03
1.5222612991439215e-03
