0.0000000000000000e+00
0.0000000000000000e+00
0.0000000000000000e+00
0.0000000000000000e+00
0.0000000000000000e+00
0.0000000000000000e+00
0.0000000000000000e+00
1.6001370626697207e-04
1.0723101031018230e-03
2.1344730703709534e-03
3.2268949373927894e-03
3.2268949373927894e-03
3.2268949373927894e-03
3.2268949373927894e-03
3.2268949373927894e-03
3.2268949373927894e-03
3.2268949373927894e-03
3.2268949373927894e-03
3.2268949373927894e-03
3.2268949373927894e-03
3.2268949373927894e-03
3.2268949373927894e-03
3.2268949373927894e-03
3.2268949373927894e-03
3.2268949373927894e-03
3.2268949373927894e-03
3.2268949373927894e-03
3.2268949373927894e-03
3.2268949373927894e-03
3.2268949373927894e-03
3.4453527246373064e-03
3.4453527246373064e-03
3.4453527246373064e-03
3.4453527246373064e-03
3.4453527246373064e-03
3.4453527246373064e-03
3.4453527246373064e-03
3.4453527246373064e-03
3.4453527246373064e-03
3.4453527246373064e-03
3.4453527246373064e-03
3.4453527246373064e-03
3.4453527246373064e-03
3.4453527246373064e-03
3.4453527246373064e-03
3.4453527246373064e-03
3.4453527246373064e-03
3.4453527246373064e-03
3.4453527246373064e-03
3.4453527246373064e-03
3.4890715243882961e-03
3.4890715243882961e-03
3.4890715243882961e-03
3.4890715243882961e-03
3.4890715243882961e-03
3.4890715243882961e-03
3.4890715243882961e-03
3.4890715243882961e-03
3.4890715243882961e-03
3.4890715243882961e-03
3.4890715243882961e-03
3.4890715243882961e-03
3.4890715243882961e-03
3.4890715243882961e-03
3.4890715243882961e-03
3.4890715243882961e-03
3.4890715243882961e-03
3.4890715243882961e-03
3.4890715243882961e-03
3.4890715243882961e-03
3.4978142508522532e-03
3.4978142508522532e-03
3.4978142508522532e-03
3.4978142508522532e-03
3.4978142508522532e-03
3.4978142508522532e-03
3.4978142508522532e-03
3.4978142508522532e-03
3.4978142508522532e-03
3.4978142508522532e-03
3.4978142508522532e-03
3.4978142508522532e-03
3.4978142508522532e-03
3.4978142508522532e-03
3.4978142508522532e-03
3.4978142508522532e-03
3.4978142508522532e-03
3.4978142508522532e-03
3.4978142508522532e-03
3.4978142508522532e-03
3.4985125637997140e-03
3.4985125637997140e-03
3.4985125637997140e-03
3.4985125637997140e-03
3.4985125637997140e-03
3.4985125637997140e-03
3.4985125637997140e-03
3.4985125637997140e-03
3.4985125637997140e-03
3.4985125637997140e-03
3.4985125637997140e-03
3.4985125637997140e-03
3.4985125637997140e-03
3.4985125637997140e-03
3.4985125637997140e-03
3.4985125637997140e-03
3.4985125637997140e-03
3.4985125637997140e-03
3.4985125637997140e-03
3.4985125637997140e-03
3.4986222357631450e-03
3.4986222357631450e-03
3.4986222357631450e-03
3.4986222357631450e-03
3.4986222357631450e-03
3.4986222357631450e-03
3.4986222357631450e-03
3.4986222357631450e-03
3.4986222357631450e-03
3.4986222357631450e-03
3.4986222357631450e-03
3.4986222357631450e-03
3.4986222357631450e-03
3.4986222357631450e-03
3.4986222357631450e-03
3.4986222357631450e-03
3.4986222357631450e-03
3.4986222357631450e-03
3.4986222357631450e-03
3.4986222357631450e-03
3.4991429696094624e-03
3.4991429696094624e-03
3.4991429696094624e-03
3.4991429696094624e-03
3.4991429696094624e-03
3.4991429696094624e-03
3.4991429696094624e-03
3.4991429696094624e-03
3.4991429696094624e-03
3.4991429696094624e-03
3.4991429696094624e-03
3.4991429696094624e-03
3.4991429696094624e-03
3.4991429696094624e-03
3.4991429696094624e-03
3.4991429696094624e-03
3.4991429696094624e-03
3.4991429696094624e-03
3.4991429696094624e-03
3.4991429696094624e-03
3.4991429696094624e-03
3.4991429696094624e-03
3.4991429696094624e-03
3.4991429696094624e-03
3.4991429696094624e-03
3.4991429696094624e-03
3.4991429696094624e-03
3.4991429696094624e-03
3.4991429696094624e-03
3.4991429696094624e-03
3.4991429696094624e-03
