0.0000000000000000e+00
-1.8587725300331075e-11
8.6574434861052237e-10
-8.8026394550750637e-03
8.2453956485920211e-09
5.2993090043763218e-06
-8.7920461549642007e-03
-1.4828875188211915e-03
-3.2837128581398319e-02
-1.2987656039885240e-03
-5.1613296062071698e-05
9.5695297537998349e-09
-8.7457352169914796e-03
8.2761087679984806e-09
-5.6878612299403650e-05
-8.9111154325963744e-03
8.4443682530661486e-09
1.0847366472211961e-04
8.8800269103794295e-10
9.9001931446283368e-10
1.0011947382976596e-09
8.2113594858729015e-10
7.7502650756535364e-10
-8.7973603709132764e-03
8.1779820411212126e-09
-5.2598187836760459e-06
-8.8078844678877184e-03
8.2864772727592886e-09
5.2552011955865130e-06
-8.7868635878731224e-03
-2.7726826737127152e-03
2.5966841627363677e-08
-6.0293808507292561e-03
5.2699302520326627e-09
-2.7684914456374120e-03
-1.4340152069037673e-02
1.4453075113819163e-08
5.5438695732674161e-03
2.2861357370953777e-03
7.9074600917679771e-10
1.3711673751826346e-09
1.1472251513544612e-09
1.0949204636122189e-09
-8.8026400371079682e-03
8.5129587616048303e-09
5.3003842443707016e-06
-8.7920442851388125e-03
8.4594399250640452e-09
-5.3046576336282233e-06
-8.8132635736470552e-03
-1.1013622324080810e-04
2.9567229408063118e-08
-8.6871854486656689e-03
8.1670323248270121e-09
-1.1541533550364156e-04
-9.0281761264310277e-03
8.6028980083408061e-09
2.2550867542744501e-04
9.4736420734986993e-10
1.1480299140308131e-09
1.1135360572804542e-09
1.0456766099406079e-09
1.0825765037917278e-09
-8.7973601020004955e-03
8.5102576548959365e-09
-5.2595065752398704e-06
-8.8078842956282738e-03
8.5998542464399006e-09
5.2556890603833062e-06
-8.7868631033224502e-03
-4.5738928573343715e-06
3.1556007244546320e-08
-8.7980031569796068e-03
8.6186226351990974e-09
6.6260599672077280e-07
-8.8013211083400392e-03
8.5202759127559305e-09
3.9743687803335974e-06
1.0604873011186436e-09
1.0054721424686639e-09
1.0183668116610812e-09
1.0013623662297341e-09
1.0230067182758059e-09
-8.8026401898383989e-03
8.5367489222308015e-09
5.3005772065855126e-06
-8.7920441427087985e-03
8.5902799809976987e-09
-5.3045067823140646e-06
-8.8132634924754927e-03
-5.7154924843440869e-02
3.0675547457169100e-08
4.8378600755722263e-02
-8.1515767955548537e-08
-4.4084446431964138e-09
-8.7972886715687298e-03
8.2531046523403907e-09
-5.3315287632396942e-06
8.3132130817928813e-10
8.2521423037686846e-10
8.0538386963793233e-10
8.2367419088989741e-10
8.3983080134738864e-10
-8.7973605089921945e-03
8.1078978455528936e-09
-5.2599900011778931e-06
-8.8078848422211090e-03
8.0291942968011397e-09
5.2551544416558901e-06
-8.7868636515749127e-03
-2.1545508741118775e-02
3.0966003606368717e-08
1.2764531884956781e-02
-1.3989874726235578e-09
4.1285908526242185e-09
-8.8026317325520034e-03
7.9040824125582435e-09
5.2908669066904594e-06
5.6443266568428647e-10
5.3451386594027006e-10
5.2528209955781811e-10
5.3837792915337479e-10
6.1173284616393140e-10
-8.8026405951859010e-03
8.0644701052752860e-09
5.3000989294604472e-06
-8.7920446049805697e-03
8.1348602233570624e-09
-5.3051293683536380e-06
-8.8132641330962175e-03
-4.9341445127045795e-02
3.0287116503522066e-08
4.0555759717852372e-02
-3.4557968277017811e-08
4.5963071779462752e-09
-8.7973173564378140e-03
8.0111751473354032e-09
-5.3032319633762829e-06
5.8594463489872333e-10
5.4714571672925835e-10
6.4377540748141789e-10
7.3696028831874812e-10
8.4129958519064858e-10
-8.7973603666219174e-03
8.2059413627735194e-09
-5.2596618638854739e-06
-8.8078844241207405e-03
8.3248929783197325e-09
5.2552624249024666e-06
-8.7868637505703184e-03
-2.6371075344494916e-02
3.1370562396961173e-08
1.7584311687987613e-02
8.4449160529706118e-09
8.4234981226359467e-09
-8.8026327744888631e-03
8.3841104868148515e-09
5.2930250546689345e-06
1.0127545172374534e-09
9.6760782673585864e-10
9.8333401771084721e-10
