0.0000000000000000e+00
5.0535810150800434e-11
7.9867001703737321e-10
-8.8026395317879636e-03
8.1494034044474758e-09
5.2992053962227998e-06
-8.7920462722918952e-03
-1.4828875904697647e-03
-3.2837128655228053e-02
-1.2987656835585486e-03
-5.1613327115742908e-05
9.5474224991279449e-09
-8.7457352786226468e-03
8.2755032503826740e-09
-5.6878600291074152e-05
-8.9111154205607571e-03
8.4110631920005252e-09
1.0847352810042904e-04
9.1037642845482365e-10
9.4595108218986108e-10
9.2150788803670477e-10
7.3702480494388438e-10
6.4722933502503471e-10
-8.7973605500235204e-03
8.0899304893522509e-09
-5.2598793003526106e-06
-8.8078844689672298e-03
8.1888949120882811e-09
5.2549803318307314e-06
-8.7868640533859468e-03
-2.7726828810299914e-03
2.5762794723483667e-08
-6.0293810740831445e-03
5.0199916290151114e-09
-2.7684917014104212e-03
-1.4340152399948763e-02
1.4192104744224579e-08
5.5438693997937379e-03
2.2861356032671731e-03
4.3840282534200194e-10
9.5817372904459820e-10
7.9842556296809627e-10
7.5275838708185461e-10
-8.8026404109815756e-03
8.2090564353960633e-09
5.3000988646478171e-06
-8.7920445346146691e-03
8.1597534458443372e-09
-5.3050659599211993e-06
-8.8132640216655352e-03
-1.1013647174690645e-04
2.9292948961186790e-08
-8.6871857147055899e-03
7.9752311704960470e-09
-1.1541557601990343e-04
-9.0281763640866989e-03
8.2984509990799426e-09
2.2550829904895923e-04
5.7055433441386606e-10
8.2818561274170782e-10
7.6763792627468978e-10
7.5711170800828107e-10
7.5769640259549710e-10
-8.7973604798504829e-03
8.1415045609735445e-09
-5.2598266243609030e-06
-8.8078845489361502e-03
8.2721003052719778e-09
5.2553063521229897e-06
-8.7868636152607996e-03
-4.5741768605520509e-06
3.1300129997699403e-08
-8.7980034028724563e-03
8.4397044159402236e-09
6.6252143544102131e-07
-8.8013212040552666e-03
8.2720321087983065e-09
3.9740512271265899e-06
7.6425905435682244e-10
6.8424909406255558e-10
7.1777333788793243e-10
7.1995707604094203e-10
7.7086880180877318e-10
-8.8026404297553568e-03
8.2904504446529496e-09
5.3002380330452628e-06
-8.7920445067934533e-03
8.3354946566947527e-09
-5.3046579640730902e-06
-8.8132635441614659e-03
-5.7154924750631865e-02
3.0428248418145999e-08
4.8378600175197572e-02
-8.1715027350306681e-08
-4.5882700839182601e-09
-8.7972887849115493e-03
8.0350522621196780e-09
-5.3317181504263169e-06
6.1986443167033135e-10
6.1170353252266210e-10
6.6288065011793444e-10
7.0881134797385363e-10
6.4512454131136262e-10
-8.7973606285421981e-03
8.0309954327960795e-09
-5.2600530729747001e-06
-8.8078848922152134e-03
7.8649872169199965e-09
5.2549488955776522e-06
-8.7868639348481162e-03
-2.1545509083324452e-02
3.0811164454927674e-08
1.2764531950987354e-02
-1.5886315998820614e-09
3.9240676815747927e-09
-8.8026318664136717e-03
7.7957957257618174e-09
5.2908201387427617e-06
4.4196644880355240e-10
3.4262273326537107e-10
4.1070463606177214e-10
3.8847655474937818e-10
4.6234294227416770e-10
-8.8026407049622678e-03
7.9008445565573204e-09
5.2998964667390824e-06
-8.7920447995533235e-03
7.9519008345743386e-09
-5.3051892086704421e-06
-8.8132641080809117e-03
-4.9341445127533211e-02
3.0167135530181971e-08
4.0555759496088556e-02
-3.4718140988048142e-08
4.4562878202793992e-09
-8.7973175090214836e-03
7.9243691443099930e-09
-5.3033220465130761e-06
4.8803707000328109e-10
4.5363575659808193e-10
5.4493129608450159e-10
6.2631711835064772e-10
6.7951388433948170e-10
-8.7973605813170940e-03
8.0963121776721855e-09
-5.2597413494233926e-06
-8.8078844054141955e-03
8.1880180515150146e-09
5.2549690099466502e-06
-8.7868641120896224e-03
-2.6371075800907480e-02
3.1260366125458266e-08
1.7584311981600469e-02
8.3179613642322121e-09
8.2432061791883105e-09
-8.8026330019915500e-03
8.1724540377840200e-09
5.2927235161358975e-06
7.5796813509881881e-10
7.1583100257907554e-10
7.0256931925523124e-10
