0.0000000000000000e+00
4.4000000002331312e+01
8.8000000002138293e+01
1.3201320572442393e+02
1.7600000001958779e+02
2.1999998858827405e+02
2.6401318287029801e+02
3.0800068531334830e+02
3.5201536809242111e+02
3.9600055248752932e+02
4.4000001616592971e+02
3.9600000002228768e+02
3.5201317819127917e+02
3.0800000001943312e+02
2.6400002753071016e+02
2.2001324928518014e+02
1.7600000001963338e+02
1.3199995654594463e+02
8.8000000002071658e+01
4.4000000002146280e+01
2.1577907848790144e-09
4.3999999997844427e+01
8.7999999997825881e+01
1.3198680571538262e+02
1.7599999998046303e+02
2.1999998853210073e+02
2.6398678281023285e+02
3.0799999998049805e+02
3.5200001141931710e+02
3.9598682856674634e+02
4.3999868685793740e+02
3.9599999993883762e+02
3.5198810919516285e+02
3.0799999998390473e+02
2.6399869460051292e+02
2.1998418160309228e+02
1.7599999997467984e+02
1.3200262785592264e+02
8.7992053810872861e+01
4.3999999989936121e+01
6.0757211501970170e-10
4.4000000002110212e+01
8.8000000002218115e+01
1.3201320572466531e+02
1.7600000001958350e+02
2.1999998858799569e+02
2.6401318286992898e+02
3.0800000001950207e+02
3.5200001146054706e+02
3.9601322863299202e+02
4.4000004897304166e+02
3.9600000006931049e+02
3.5201314552150518e+02
3.0800000001947086e+02
2.6400006015751904e+02
2.2001331449582679e+02
1.7600000001983483e+02
1.3199989142175957e+02
8.8000000002117076e+01
4.4000000002306088e+01
2.2717697080370413e-09
4.3999999997755609e+01
8.7999999997748233e+01
1.3198680571530474e+02
1.7599999998034812e+02
2.1999998853195163e+02
2.6398678281008972e+02
3.0799999998033906e+02
3.5200001141915709e+02
3.9598682856663942e+02
4.3999999729872968e+02
3.9599999992580479e+02
3.5198679683397529e+02
3.0799999998032399e+02
2.6400000884980716e+02
2.1998681200244405e+02
1.7599999998032519e+02
1.3199999367356151e+02
8.7999999997708031e+01
4.3999999997711924e+01
2.3242514402664852e-09
4.4000000002383707e+01
8.8000000002332243e+01
1.3201320572477243e+02
1.7600000001979262e+02
2.1999998858824418e+02
2.6401318287016198e+02
3.0800000001978100e+02
3.5200001146073930e+02
3.9601322863323452e+02
4.3994748568146304e+02
3.9600000007193950e+02
3.5206570009992572e+02
3.0800000007965070e+02
2.6400000000158951e+02
2.2001319420604241e+02
1.7600000001970542e+02
1.3200001154678426e+02
8.8000000002371763e+01
4.4000000002346262e+01
2.3782163673823909e-09
4.3999999997560693e+01
8.7999999997588873e+01
1.3198680571519864e+02
1.7599999998016926e+02
2.1999998853165130e+02
2.6398678280974428e+02
3.0799999998011089e+02
3.5200001141901828e+02
3.9598682856663186e+02
4.3994598615015991e+02
3.9599999992560646e+02
3.5204084899945599e+02
3.0799999995474843e+02
2.6399999996862903e+02
2.1998679426019882e+02
1.7599999998024055e+02
1.3200001142689896e+02
8.7999999997650107e+01
4.3999999997646768e+01
2.3668021152345369e-09
4.4000000002488378e+01
8.8000000002484526e+01
1.3201320572481686e+02
1.7600000001985333e+02
2.1999998858835033e+02
2.6401318287022286e+02
3.0800000001984341e+02
3.5200001146083287e+02
3.9601322863322360e+02
4.3997092612284155e+02
3.9600000007206995e+02
3.5204227059115266e+02
3.0800000002784469e+02
2.6399999999700549e+02
2.2001319424866713e+02
1.7600000001967874e+02
1.3200001150408241e+02
8.8000000002239034e+01
4.4000000002164221e+01
2.2032421596596053e-09
4.3999999997785793e+01
8.7999999997794021e+01
1.3198680571536426e+02
1.7599999998039144e+02
2.1999998853187731e+02
2.6398678281007108e+02
3.0799999998029716e+02
3.5200001141922053e+02
3.9598682856667648e+02
4.3996046284943770e+02
3.9599999992550738e+02
3.5202636554992119e+02
3.0799999998049242e+02
2.6399999998052226e+02
2.1998679425803840e+02
1.7599999998043529e+02
1.3200001142938447e+02
8.7999999997879598e+01
4.3999999997826436e+01
2.2244614882557927e-09
