0.0000000000000000e+00
-4.4000000002315339e+01
-8.8000000001306120e+01
-1.3202200836391737e+02
-1.7600000001139034e+02
-2.1999998328901694e+02
-2.6402197491651168e+02
-3.0800216820090293e+02
-3.5204820522103932e+02
-3.9600185125317296e+02
-4.4000006777924114e+02
-3.9600000001272889e+02
-3.5202192392652705e+02
-3.0800000001115734e+02
-2.6400008440931651e+02
-2.2002216040060665e+02
-1.7600000001120554e+02
-1.3199984807234833e+02
-8.8000000001172438e+01
-4.4000000001178307e+01
-1.1962610037434225e-09
4.3999999998623544e+01
8.7999999998537092e+01
1.3197800835492208e+02
1.7599999998859684e+02
2.1999998327225165e+02
2.6397797492576456e+02
3.0799999998873579e+02
3.5200001667440790e+02
3.9597804170292574e+02
4.3999591417515990e+02
3.9599999996470228e+02
3.5198207981420012e+02
3.0799999998904974e+02
2.6399592610893944e+02
2.1996984145085787e+02
1.7599999998900250e+02
1.3200817172540911e+02
8.7994339946542993e+01
4.3999999990550705e+01
6.0287895667957874e-10
-4.4000000001137415e+01
-8.8000000001294268e+01
-1.3202200836488936e+02
-1.7600000001122243e+02
-2.1999998328775408e+02
-2.6402197491433878e+02
-3.0800000001119258e+02
-3.5200001676540887e+02
-3.9602204189678969e+02
-4.4000015910938885e+02
-3.9600000003988055e+02
-3.5202183270708690e+02
-3.0800000001139983e+02
-2.6400017557297491e+02
-2.2002234267207203e+02
-1.7600000001138423e+02
-1.3199966591327237e+02
-8.8000000001358075e+01
-4.4000000001317964e+01
-1.3287215205154345e-09
4.3999999998656989e+01
8.7999999998668400e+01
1.3197800835501377e+02
1.7599999998867406e+02
2.1999998327228508e+02
2.6397797492566747e+02
3.0799999998877519e+02
3.5200001667465494e+02
3.9597804170328010e+02
4.3999999272469489e+02
3.9599999995723266e+02
3.5197799883069536e+02
3.0799999998885329e+02
2.6400000951237104e+02
2.1997801068128791e+02
1.7599999998872138e+02
1.3199999764777155e+02
8.7999999998620382e+01
4.3999999998556817e+01
-1.4526618924811177e-09
-4.4000000001523055e+01
-8.8000000001435311e+01
-1.3202200836508226e+02
-1.7600000001137892e+02
-2.1999998328783667e+02
-2.6402197491448663e+02
-3.0800000001131821e+02
-3.5200001676532179e+02
-3.9602204189675291e+02
-4.4000464060626012e+02
-3.9600000004138764e+02
-3.5201732149946014e+02
-3.0800000016126626e+02
-2.6400000000608782e+02
-2.2002199149477067e+02
-1.7600000001156127e+02
-1.3200001687840768e+02
-8.8000000001646214e+01
-4.4000000001627797e+01
-1.6456166219852647e-09
4.3999999998326928e+01
8.7999999998331361e+01
1.3197800835462985e+02
1.7599999998823876e+02
2.1999998327162965e+02
2.6397797492487723e+02
3.0799999998805788e+02
3.5200001667406980e+02
3.9597804170283882e+02
4.3992444064124794e+02
3.9599999995649506e+02
3.5205361353137403e+02
3.0799999995325470e+02
2.6399999997265536e+02
2.1997799162839925e+02
1.7599999998809054e+02
1.3200001671774243e+02
8.7999999998153285e+01
4.3999999998085336e+01
-1.8947645672258915e-09
-4.4000000002024962e+01
-8.8000000001947470e+01
-1.3202200836546695e+02
-1.7600000001187067e+02
-2.1999998328835261e+02
-2.6402197491492524e+02
-3.0800000001180035e+02
-3.5200001676599220e+02
-3.9602204189734425e+02
-4.4002026756796869e+02
-3.9600000004184272e+02
-3.5200171483154583e+02
-3.0800000006248285e+02
-2.6399999999247916e+02
-2.2002199156609987e+02
-1.7600000001171094e+02
-1.3200001680735943e+02
-8.8000000001702062e+01
-4.4000000001663835e+01
-1.6026097947207737e-09
4.3999999998467466e+01
8.7999999998554387e+01
1.3197800835489019e+02
1.7599999998854253e+02
2.1999998327217574e+02
2.6397797492565633e+02
3.0799999998855355e+02
3.5200001667433639e+02
3.9597804170274532e+02
4.3993409177386496e+02
3.9599999995682265e+02
3.5204394986175583e+02
3.0799999998887392e+02
2.6399999998885551e+02
2.1997799162515020e+02
1.7599999998871354e+02
1.3200001672225883e+02
8.7999999998764935e+01
4.3999999998668144e+01
-1.3739207566456042e-09
