2.9999999999999983e+02
2.9999999999999983e+02
2.9999999999999983e+02
2.9999999999999983e+02
2.9999999999999983e+02
2.9999999999999983e+02
2.9999999999999983e+02
3.0800068531334830e+02
3.5201536809242117e+02
3.9600055248752932e+02
4.4000001616592976e+02
4.2907579749571153e+02
4.2907579749571153e+02
4.2907579749571153e+02
4.2907579749571153e+02
4.2907579749571153e+02
4.2907579749571153e+02
4.2907579749571153e+02
4.2907579749571153e+02
4.2907579749571153e+02
4.2907579749571153e+02
4.2907579749571153e+02
4.2907579749571153e+02
4.2907579749571153e+02
4.2907579749571153e+02
4.2907579749571153e+02
4.2907579749571153e+02
4.2907579749571153e+02
4.2907579749571153e+02
4.2907579749571153e+02
4.3999868685793740e+02
4.3781410898549206e+02
4.3781410898549206e+02
4.3781410898549206e+02
4.3781410898549206e+02
4.3781410898549206e+02
4.3781410898549206e+02
4.3781410898549206e+02
4.3781410898549206e+02
4.3781410898549206e+02
4.3781410898549206e+02
4.3781410898549206e+02
4.3781410898549206e+02
4.3781410898549206e+02
4.3781410898549206e+02
4.3781410898549206e+02
4.3781410898549206e+02
4.3781410898549206e+02
4.3781410898549206e+02
4.3781410898549206e+02
4.4000004897304126e+02
4.3956286097553152e+02
4.3956286097553152e+02
4.3956286097553152e+02
4.3956286097553152e+02
4.3956286097553152e+02
4.3956286097553152e+02
4.3956286097553152e+02
4.3956286097553152e+02
4.3956286097553152e+02
4.3956286097553152e+02
4.3956286097553152e+02
4.3956286097553152e+02
4.3956286097553152e+02
4.3956286097553152e+02
4.3956286097553152e+02
4.3956286097553152e+02
4.3956286097553152e+02
4.3956286097553152e+02
4.3956286097553152e+02
4.3999999729872968e+02
4.3991257003408992e+02
4.3991257003408992e+02
4.3991257003408992e+02
4.3991257003408992e+02
4.3991257003408992e+02
4.3991257003408992e+02
4.3991257003408992e+02
4.3991257003408992e+02
4.3991257003408992e+02
4.3991257003408992e+02
4.3991257003408992e+02
4.3991257003408992e+02
4.3991257003408992e+02
4.3991257003408992e+02
4.3991257003408992e+02
4.3991257003408992e+02
4.3991257003408992e+02
4.3991257003408992e+02
4.3991257003408992e+02
4.3994748568146298e+02
4.3994050255198835e+02
4.3994050255198835e+02
4.3994050255198835e+02
4.3994050255198835e+02
4.3994050255198835e+02
4.3994050255198835e+02
4.3994050255198835e+02
4.3994050255198835e+02
4.3994050255198835e+02
4.3994050255198835e+02
4.3994050255198835e+02
4.3994050255198835e+02
4.3994050255198835e+02
4.3994050255198835e+02
4.3994050255198835e+02
4.3994050255198835e+02
4.3994050255198835e+02
4.3994050255198835e+02
4.3994050255198835e+02
4.3994598615016002e+02
4.3994488943052556e+02
4.3994488943052556e+02
4.3994488943052556e+02
4.3994488943052556e+02
4.3994488943052556e+02
4.3994488943052556e+02
4.3994488943052556e+02
4.3994488943052556e+02
4.3994488943052556e+02
4.3994488943052556e+02
4.3994488943052556e+02
4.3994488943052556e+02
4.3994488943052556e+02
4.3994488943052556e+02
4.3994488943052556e+02
4.3994488943052556e+02
4.3994488943052556e+02
4.3994488943052556e+02
4.3994488943052556e+02
4.3997092612284160e+02
4.3996571878437845e+02
4.3996571878437845e+02
4.3996571878437845e+02
4.3996571878437845e+02
4.3996571878437845e+02
4.3996571878437845e+02
4.3996571878437845e+02
4.3996571878437845e+02
4.3996571878437845e+02
4.3996571878437845e+02
4.3996571878437845e+02
4.3996571878437845e+02
4.3996571878437845e+02
4.3996571878437845e+02
4.3996571878437845e+02
4.3996571878437845e+02
4.3996571878437845e+02
4.3996571878437845e+02
4.3996571878437845e+02
4.3996571878437845e+02
4.3996571878437845e+02
4.3996571878437845e+02
4.3996571878437845e+02
4.3996571878437845e+02
4.3996571878437845e+02
4.3996571878437845e+02
4.3996571878437845e+02
4.3996571878437845e+02
4.3996571878437845e+02
4.3996571878437845e+02
