0.0000000000000000e+00
-4.0000000002112087e-04
-8.0000000001558002e-04
-1.2001600640379319e-03
-1.6000000001408577e-03
-1.9999998721695537e-03
-2.4001598081218583e-03
-2.5335820453468664e-03
-2.7218951417489748e-03
-2.7251832954486590e-03
-2.7267333497174241e-03
-2.7274640531400503e-03
-2.7278085102220764e-03
-2.7278626364418521e-03
-2.7278881517871336e-03
-2.7279242359363599e-03
-2.7279299060136071e-03
-2.7279325789134625e-03
-2.7279338389301182e-03
-2.7279340369225952e-03
-2.7279340680341317e-03
-2.7279340827003323e-03
-2.7279341034414477e-03
-2.7279341067009393e-03
-2.7279341072132474e-03
