0.0000000000000000e+00
1.0000000000576372e-04
2.0000000000826177e-04
2.9999000101181930e-04
4.0000000008097507e-04
4.9999999815124048e-04
5.9998999722175460e-04
6.3331777525784717e-04
6.8047378546992339e-04
6.8129708262306505e-04
6.8168518838768839e-04
6.8186814314732231e-04
6.8195438883691495e-04
6.8196794103877589e-04
6.8197432960821010e-04
6.8198336440879344e-04
6.8198478409065694e-04
6.8198545333534753e-04
6.8198576882081059e-04
6.8198581839481283e-04
6.8198582618420826e-04
6.8198582985641684e-04
6.8198583504939744e-04
6.8198583586545375e-04
6.8198583599332358e-04
