0.0000000000000000e+00
1.0000000000497821e-04
2.0000000000899816e-04
2.9999000101259922e-04
4.0000000008217208e-04
4.9999999815235623e-04
5.9998999722321133e-04
6.3331777525847308e-04
6.8047378547036867e-04
6.8129708262412486e-04
6.8168518838930439e-04
6.8186814314869317e-04
6.8195438883802430e-04
6.8196794103984014e-04
6.8197432960937041e-04
6.8198336441022643e-04
6.8198478409231067e-04
6.8198545333690607e-04
6.8198576882180903e-04
6.8198581839479006e-04
6.8198582618458209e-04
6.8198582985673874e-04
6.8198583504976672e-04
6.8198583586582119e-04
6.8198583599311335e-04
