0.0000000000000000e+00
0.0000000000000000e+00
0.0000000000000000e+00
0.0000000000000000e+00
0.0000000000000000e+00
0.0000000000000000e+00
0.0000000000000000e+00
0.0000000000000000e+00
0.0000000000000000e+00
0.0000000000000000e+00
0.0000000000000000e+00
1.6085813159185696e-07
4.4799331253097920e-07
4.9311226030466250e-07
5.1438153675532992e-07
5.4446083673311735e-07
5.4918734289821237e-07
5.5141543920254995e-07
5.5246577382279578e-07
5.5263081788919019e-07
5.5265675184639338e-07
5.5266897752710175e-07
5.5268626692869970e-07
5.5268898390640643e-07
5.5268941056798952e-07
