0.0000000000000000e+00
4.4000000002331312e+01
8.8000000002138293e+01
1.3201320572442393e+02
1.7600000001958779e+02
2.1999998858827405e+02
2.6401318287029801e+02
2.7868718421324581e+02
2.9940846559529547e+02
2.9977027327037160e+02
2.9994083135332812e+02
2.9999999999999972e+02
3.0000000000000000e+02
2.9999999999999983e+02
2.9999999999999966e+02
2.9999999999999983e+02
2.9999999999999949e+02
2.9999999999999977e+02
3.0000000000000000e+02
2.9999999999999983e+02
2.9999999999999977e+02
2.9999999999999972e+02
2.9999999999999966e+02
2.9999999999999977e+02
2.9999999999999994e+02
