0.0000000000000000e+00
5.0535810150800434e-11
7.9867001703737321e-10
-8.8026395317879636e-03
8.1494034044474758e-09
5.2992053962227998e-06
-8.7920462722918952e-03
-1.3681549847823290e-02
5.7896784375790023e-09
2.2154197178021924e-04
3.2576872272074961e-04
-6.7029019589445928e-03
-1.9313720173986609e-02
-2.1295320012708861e-02
-2.2229455145008667e-02
-2.3550521981595064e-02
-2.3758107621375150e-02
-2.3855964402262547e-02
-2.3902094430913578e-02
-2.3909343027335703e-02
-2.3910482073675639e-02
-2.3911019010121340e-02
-2.3911778393644542e-02
-2.3911897746780344e-02
-2.3911916574077909e-02
