0.0000000000000000e+00
-4.4000000002315339e+01
-8.8000000001306120e+01
-1.3202200836391737e+02
-1.7600000001139034e+02
-2.1999998328901694e+02
-2.6402197491651168e+02
-2.7870086576306812e+02
-2.9940846558948596e+02
-2.9977005172834663e+02
-2.9994050558453750e+02
-3.0000670290189578e+02
-3.0001931372011961e+02
-3.0002129531996150e+02
-3.0002222945509288e+02
-3.0002355052192047e+02
-3.0002375810755325e+02
-3.0002385596433407e+02
-3.0002390209438875e+02
-3.0002390934303236e+02
-3.0002391048206232e+02
-3.0002391101900355e+02
-3.0002391177838058e+02
-3.0002391189773965e+02
-3.0002391191659092e+02
