0.0000000000000000e+00
-1.8587725300331075e-11
8.6574434861052237e-10
-8.8026394550750637e-03
8.2453956485920211e-09
5.2993090043763218e-06
-8.7920461549642007e-03
-1.3681549797134622e-02
5.8293269455879655e-09
2.2154207810319511e-04
3.2576885839331573e-04
-6.7029018335146608e-03
-1.9313720065675975e-02
-2.1295319910553303e-02
-2.2229455041465788e-02
-2.3550521859343504e-02
-2.3758107486061001e-02
-2.3855964266488998e-02
-2.3902094346660550e-02
-2.3909343037823313e-02
-2.3910482051425579e-02
-2.3911018997331897e-02
-2.3911778367844833e-02
-2.3911897732916090e-02
-2.3911916608155007e-02
