0.0000000000000000e+00
0.0000000000000000e+00
0.0000000000000000e+00
0.0000000000000000e+00
0.0000000000000000e+00
0.0000000000000000e+00
0.0000000000000000e+00
-1.0667580417874656e+00
-7.1487340206891687e+00
-1.4229820469148951e+01
-2.1512632915961824e+01
-2.2969193291089773e+01
-2.3260616286498923e+01
-2.3318794393224856e+01
-2.3330425719467350e+01
-2.3339499537649999e+01
-2.3348432840761586e+01
-2.3348432840761586e+01
-2.3348432840761586e+01
-2.3348432840761593e+01
-2.3348923675756279e+01
-2.3348923675756279e+01
-2.3348923675756279e+01
-2.3348923675756275e+01
-2.3348950634095651e+01
-2.3348950634095651e+01
-2.3348950634095651e+01
-2.3348950634095651e+01
-2.3348952104454170e+01
-2.3348952104454170e+01
-2.3348952104454170e+01
-2.3348952104454174e+01
-2.3348952174364427e+01
-2.3348952174364427e+01
-2.3348952174364427e+01
-2.3348952174364424e+01
-2.3348952174364417e+01
-2.3348952174364417e+01
-2.3348952174364417e+01
-2.3348952174364413e+01
-2.3348952174364413e+01
-2.3348952174364413e+01
-2.3348952174364413e+01
-2.3348952174364410e+01
-2.3348952174364410e+01
-2.3348952174364410e+01
-2.3348952174364410e+01
-2.3348952174364410e+01
-2.3348952174364413e+01
-2.3348952174364413e+01
-2.3348952174364413e+01
-2.3348952174364413e+01
-2.3348952174364406e+01
-2.3348952174364406e+01
-2.3348952174364406e+01
-2.3348952174364403e+01
-2.3348952174364403e+01
-2.3348952174364403e+01
-2.3348952174364403e+01
-2.3348952174364403e+01
-2.3348952174364406e+01
-2.3348952174364406e+01
-2.3348952174364406e+01
-2.3348952174364406e+01
-2.3348952174364406e+01
-2.3348952174364406e+01
-2.3348952174364406e+01
-2.3348952174364406e+01
-2.3348952174364406e+01
-2.3348952174364406e+01
-2.3348952174364406e+01
-2.3348952174364406e+01
-2.3348952174364406e+01
-2.3348952174364406e+01
-2.3348952174364406e+01
-2.3348952174364406e+01
-2.3348952174364406e+01
-2.3348952174364406e+01
-2.3348952174364406e+01
-2.3348952174364406e+01
-2.3348952174364406e+01
-2.3348952174364406e+01
-2.3348952174364406e+01
-2.3348952174364406e+01
-2.3348952174364406e+01
-2.3348952174364406e+01
-2.3348952174364406e+01
-2.3348952174364406e+01
-2.3348952174364406e+01
-2.3348952174364406e+01
-2.3348952174364406e+01
-2.3348952174364406e+01
-2.3348952174364406e+01
-2.3348952174364406e+01
-2.3348952174364406e+01
-2.3348952174364406e+01
-2.3348952174364406e+01
-2.3348952174364406e+01
-2.3348952174364406e+01
-2.3348952174364406e+01
-2.3348952174364406e+01
-2.3348952174364406e+01
-2.3348952174364406e+01
-2.3348952174364406e+01
-2.3348952174364406e+01
-2.3348952174364406e+01
-2.3348952174364406e+01
-2.3348952174364406e+01
-2.3348952174364403e+01
-2.3348952174364403e+01
-2.3348952174364403e+01
-2.3348952174364403e+01
-2.3348952174364396e+01
-2.3348952174364396e+01
-2.3348952174364396e+01
-2.3348952174364396e+01
-2.3348952174364403e+01
-2.3348952174364403e+01
-2.3348952174364403e+01
-2.3348952174364396e+01
-2.3348952174364410e+01
-2.3348952174364410e+01
-2.3348952174364410e+01
-2.3348952174364406e+01
-2.3348952174364406e+01
-2.3348952174364406e+01
-2.3348952174364406e+01
-2.3348952174364406e+01
-2.3348952174364403e+01
-2.3348952174364403e+01
-2.3348952174364403e+01
-2.3348952174364410e+01
-2.3348952174364413e+01
-2.3348952174364413e+01
-2.3348952174364413e+01
-2.3348952174364413e+01
-2.3348952174364420e+01
-2.3348952174364420e+01
-2.3348952174364420e+01
-2.3348952174364406e+01
-2.3348952174364406e+01
-2.3348952174364406e+01
-2.3348952174364406e+01
-2.3348952174364399e+01
-2.3348952174364399e+01
-2.3348952174364399e+01
-2.3348952174364399e+01
-2.3348952174364392e+01
-2.3348952174364392e+01
-2.3348952174364392e+01
-2.3348952174364392e+01
-2.3348952174364392e+01
-2.3348952174364392e+01
-2.3348952174364392e+01
-2.3348952174364392e+01
-2.3348952174364392e+01
-2.3348952174364392e+01
-2.3348952174364392e+01
-2.3348952174364392e+01
-2.3348952174364392e+01
-2.3348952174364392e+01
