0.0000000000000000e+00
0.0000000000000000e+00
0.0000000000000000e+00
0.0000000000000000e+00
0.0000000000000000e+00
0.0000000000000000e+00
0.0000000000000000e+00
5.3337902089377254e-01
3.5743670103437788e+00
7.1149102345727391e+00
1.0756316457978841e+01
1.1484596645542863e+01
1.1630308143247420e+01
1.1659397196610408e+01
1.1665212859731632e+01
1.1669749768822962e+01
1.1674216420378759e+01
1.1674216420378759e+01
1.1674216420378791e+01
1.1674216420378784e+01
1.1674461837876121e+01
1.1674461837876111e+01
1.1674461837876111e+01
1.1674461837876098e+01
1.1674475317045760e+01
1.1674475317045774e+01
1.1674475317045767e+01
1.1674475317045756e+01
1.1674476052225035e+01
1.1674476052225021e+01
1.1674476052225032e+01
1.1674476052225051e+01
1.1674476087180157e+01
1.1674476087180157e+01
1.1674476087180148e+01
1.1674476087180150e+01
1.1674476087180139e+01
1.1674476087180128e+01
1.1674476087180125e+01
1.1674476087180143e+01
1.1674476087180128e+01
1.1674476087180153e+01
1.1674476087180150e+01
1.1674476087180139e+01
1.1674476087180160e+01
1.1674476087180160e+01
1.1674476087180157e+01
1.1674476087180157e+01
1.1674476087180151e+01
1.1674476087180164e+01
1.1674476087180153e+01
1.1674476087180157e+01
1.1674476087180167e+01
1.1674476087180182e+01
1.1674476087180178e+01
1.1674476087180182e+01
1.1674476087180164e+01
1.1674476087180160e+01
1.1674476087180143e+01
1.1674476087180143e+01
1.1674476087180123e+01
1.1674476087180134e+01
1.1674476087180127e+01
1.1674476087180132e+01
1.1674476087180132e+01
1.1674476087180132e+01
1.1674476087180132e+01
1.1674476087180111e+01
1.1674476087180095e+01
1.1674476087180111e+01
1.1674476087180114e+01
1.1674476087180112e+01
1.1674476087180111e+01
1.1674476087180111e+01
1.1674476087180103e+01
1.1674476087180102e+01
1.1674476087180084e+01
1.1674476087180095e+01
1.1674476087180091e+01
1.1674476087180087e+01
1.1674476087180084e+01
1.1674476087180089e+01
1.1674476087180091e+01
1.1674476087180084e+01
1.1674476087180086e+01
1.1674476087180073e+01
1.1674476087180070e+01
1.1674476087180095e+01
1.1674476087180109e+01
1.1674476087180107e+01
1.1674476087180121e+01
1.1674476087180118e+01
1.1674476087180118e+01
1.1674476087180121e+01
1.1674476087180121e+01
1.1674476087180121e+01
1.1674476087180132e+01
1.1674476087180143e+01
1.1674476087180160e+01
1.1674476087180167e+01
1.1674476087180160e+01
1.1674476087180157e+01
1.1674476087180183e+01
1.1674476087180187e+01
1.1674476087180178e+01
1.1674476087180174e+01
1.1674476087180196e+01
1.1674476087180203e+01
1.1674476087180206e+01
1.1674476087180199e+01
1.1674476087180185e+01
1.1674476087180194e+01
1.1674476087180189e+01
1.1674476087180174e+01
1.1674476087180157e+01
1.1674476087180159e+01
1.1674476087180164e+01
1.1674476087180178e+01
1.1674476087180182e+01
1.1674476087180182e+01
1.1674476087180182e+01
1.1674476087180182e+01
1.1674476087180198e+01
1.1674476087180199e+01
1.1674476087180219e+01
1.1674476087180222e+01
1.1674476087180222e+01
1.1674476087180237e+01
1.1674476087180237e+01
1.1674476087180226e+01
1.1674476087180226e+01
1.1674476087180242e+01
1.1674476087180238e+01
1.1674476087180215e+01
1.1674476087180240e+01
1.1674476087180246e+01
1.1674476087180251e+01
1.1674476087180224e+01
1.1674476087180226e+01
1.1674476087180235e+01
1.1674476087180249e+01
1.1674476087180247e+01
1.1674476087180235e+01
1.1674476087180246e+01
1.1674476087180256e+01
1.1674476087180246e+01
1.1674476087180247e+01
1.1674476087180238e+01
1.1674476087180221e+01
1.1674476087180226e+01
1.1674476087180219e+01
1.1674476087180214e+01
1.1674476087180198e+01
1.1674476087180203e+01
1.1674476087180208e+01
1.1674476087180199e+01
1.1674476087180192e+01
1.1674476087180185e+01
1.1674476087180217e+01
1.1674476087180221e+01
1.1674476087180249e+01
