0.0000000000000000e+00
0.0000000000000000e+00
0.0000000000000000e+00
0.0000000000000000e+00
0.0000000000000000e+00
0.0000000000000000e+00
0.0000000000000000e+00
5.3337902089369738e-01
3.5743670103454162e+00
7.1149102345762358e+00
1.0756316457983006e+01
1.1484596645546969e+01
1.1630308143251519e+01
1.1659397196614519e+01
1.1665212859735751e+01
1.1669749768827080e+01
1.1674216420382884e+01
1.1674216420382871e+01
1.1674216420382900e+01
1.1674216420382912e+01
1.1674461837880251e+01
1.1674461837880248e+01
1.1674461837880244e+01
1.1674461837880230e+01
1.1674475317049886e+01
1.1674475317049904e+01
1.1674475317049904e+01
1.1674475317049897e+01
1.1674476052229160e+01
1.1674476052229146e+01
1.1674476052229155e+01
1.1674476052229183e+01
1.1674476087184289e+01
1.1674476087184289e+01
1.1674476087184281e+01
1.1674476087184289e+01
1.1674476087184274e+01
1.1674476087184258e+01
1.1674476087184258e+01
1.1674476087184273e+01
1.1674476087184264e+01
1.1674476087184294e+01
1.1674476087184296e+01
1.1674476087184297e+01
1.1674476087184319e+01
1.1674476087184324e+01
1.1674476087184317e+01
1.1674476087184313e+01
1.1674476087184310e+01
1.1674476087184321e+01
1.1674476087184306e+01
1.1674476087184317e+01
1.1674476087184326e+01
1.1674476087184335e+01
1.1674476087184336e+01
1.1674476087184335e+01
1.1674476087184317e+01
1.1674476087184321e+01
1.1674476087184306e+01
1.1674476087184308e+01
1.1674476087184290e+01
1.1674476087184296e+01
1.1674476087184296e+01
1.1674476087184306e+01
1.1674476087184306e+01
1.1674476087184303e+01
1.1674476087184303e+01
1.1674476087184287e+01
1.1674476087184271e+01
1.1674476087184281e+01
1.1674476087184274e+01
1.1674476087184274e+01
1.1674476087184271e+01
1.1674476087184271e+01
1.1674476087184278e+01
1.1674476087184274e+01
1.1674476087184249e+01
1.1674476087184248e+01
1.1674476087184244e+01
1.1674476087184244e+01
1.1674476087184239e+01
1.1674476087184242e+01
1.1674476087184246e+01
1.1674476087184235e+01
1.1674476087184241e+01
1.1674476087184230e+01
1.1674476087184232e+01
1.1674476087184257e+01
1.1674476087184274e+01
1.1674476087184264e+01
1.1674476087184271e+01
1.1674476087184274e+01
1.1674476087184271e+01
1.1674476087184273e+01
1.1674476087184280e+01
1.1674476087184280e+01
1.1674476087184280e+01
1.1674476087184294e+01
1.1674476087184296e+01
1.1674476087184299e+01
1.1674476087184289e+01
1.1674476087184287e+01
1.1674476087184313e+01
1.1674476087184315e+01
1.1674476087184310e+01
1.1674476087184313e+01
1.1674476087184336e+01
1.1674476087184340e+01
1.1674476087184342e+01
1.1674476087184352e+01
1.1674476087184342e+01
1.1674476087184345e+01
1.1674476087184340e+01
1.1674476087184321e+01
1.1674476087184296e+01
1.1674476087184299e+01
1.1674476087184301e+01
1.1674476087184303e+01
1.1674476087184303e+01
1.1674476087184306e+01
1.1674476087184305e+01
1.1674476087184305e+01
1.1674476087184321e+01
1.1674476087184322e+01
1.1674476087184345e+01
1.1674476087184352e+01
1.1674476087184352e+01
1.1674476087184361e+01
1.1674476087184360e+01
1.1674476087184367e+01
1.1674476087184376e+01
1.1674476087184376e+01
1.1674476087184363e+01
1.1674476087184345e+01
1.1674476087184358e+01
1.1674476087184363e+01
1.1674476087184372e+01
1.1674476087184352e+01
1.1674476087184356e+01
1.1674476087184345e+01
1.1674476087184365e+01
1.1674476087184358e+01
1.1674476087184344e+01
1.1674476087184354e+01
1.1674476087184351e+01
1.1674476087184342e+01
1.1674476087184336e+01
1.1674476087184333e+01
1.1674476087184321e+01
1.1674476087184313e+01
1.1674476087184312e+01
1.1674476087184313e+01
1.1674476087184303e+01
1.1674476087184310e+01
1.1674476087184313e+01
1.1674476087184299e+01
1.1674476087184292e+01
1.1674476087184280e+01
1.1674476087184289e+01
1.1674476087184292e+01
1.1674476087184306e+01
