0.0000000000000000e+00
-4.0000000002097868e-04
-8.0000000001612494e-04
-1.2001600640391729e-03
-1.6000000001420945e-03
-1.9999998721693217e-03
-2.4001598081227035e-03
-2.9600266767886465e-03
-4.2725990727113319e-03
-5.7344839964676778e-03
-7.2268953189642852e-03
-7.4453789966591440e-03
-7.4891080644640291e-03
-7.4978197864817653e-03
-7.4995638826575390e-03
-7.5013079818753393e-03
-7.5030520841340397e-03
-7.5022649300550926e-03
-7.5014777765962260e-03
-7.5022649290918900e-03
-7.5030520822070021e-03
-7.5023385555644025e-03
-7.5016250294308948e-03
-7.5023385538093568e-03
-7.5030520786975082e-03
-7.5023425993299316e-03
-7.5016331204664178e-03
-7.5023425975342360e-03
-7.5030520751048751e-03
-7.5023428198854663e-03
-7.5016335651692384e-03
-7.5023428180876752e-03
-7.5030520715083935e-03
-7.5023428303723477e-03
-7.5016335897393057e-03
-7.5023428285735140e-03
-7.5030520679102760e-03
-7.5023428303726105e-03
-7.5016335933376088e-03
-7.5023428285737855e-03
-7.5030520643126087e-03
-7.5023428303731621e-03
-7.5016335969357428e-03
-7.5023428285735843e-03
-7.5030520607146083e-03
-7.5023428303730979e-03
-7.5016336005344977e-03
-7.5023428285739286e-03
-7.5030520571161274e-03
-7.5023428303726478e-03
-7.5016336041321277e-03
-7.5023428285730552e-03
-7.5030520535170654e-03
-7.5023428303725636e-03
-7.5016336077308628e-03
-7.5023428285734906e-03
-7.5030520499182567e-03
-7.5023428303723078e-03
-7.5016336113295744e-03
-7.5023428285731220e-03
-7.5030520463193785e-03
-7.5023428303730502e-03
-7.5016336149285297e-03
-7.5023428285732928e-03
-7.5030520427211483e-03
-7.5023428303736504e-03
-7.5016336185286560e-03
-7.5023428285746962e-03
-7.5030520391236649e-03
-7.5023428303744996e-03
-7.5016336221281092e-03
-7.5023428285748385e-03
-7.5030520355243123e-03
-7.5023428303737996e-03
-7.5016336257266768e-03
-7.5023428285749590e-03
-7.5030520319262278e-03
-7.5023428303743677e-03
-7.5016336293250527e-03
-7.5023428285747873e-03
-7.5030520283275370e-03
-7.5023428303737684e-03
-7.5016336329229065e-03
-7.5023428285738861e-03
-7.5030520247282833e-03
-7.5023428303734874e-03
-7.5016336365220596e-03
-7.5023428285750874e-03
-7.5030520211308146e-03
-7.5023428303729192e-03
-7.5016336401193384e-03
-7.5023428285739399e-03
-7.5030520175314672e-03
-7.5023428303735706e-03
-7.5016336437185504e-03
-7.5023428285742079e-03
-7.5030520139327522e-03
-7.5023428303737736e-03
-7.5016336473177027e-03
-7.5023428285738098e-03
-7.5030520103336450e-03
-7.5023428303740928e-03
-7.5016336509168445e-03
-7.5023428285740466e-03
-7.5030520067347131e-03
-7.5023428303735568e-03
-7.5016336545153280e-03
-7.5023428285740205e-03
-7.5030520031352903e-03
-7.5023428303739740e-03
-7.5016336581141749e-03
-7.5023428285741958e-03
-7.5030519995361936e-03
-7.5023428303729383e-03
-7.5016336617129767e-03
-7.5023428285739928e-03
-7.5030519959369459e-03
-7.5023428303730459e-03
-7.5016336653119745e-03
-7.5023428285735435e-03
-7.5030519923380314e-03
-7.5023428303723581e-03
-7.5016336689100512e-03
-7.5023428285732711e-03
-7.5030519887392937e-03
-7.5023428303728186e-03
-7.5016336725082719e-03
-7.5023428285735721e-03
-7.5030519851411858e-03
-7.5023428303730884e-03
-7.5016336761075664e-03
-7.5023428285734611e-03
-7.5030519815421966e-03
-7.5023428303734666e-03
-7.5016336797071349e-03
-7.5023428285734490e-03
-7.5030519779434148e-03
-7.5023428303731647e-03
-7.5016336833057503e-03
-7.5023428285733570e-03
-7.5030519743441507e-03
-7.5023428303729990e-03
-7.5016336869040646e-03
-7.5023428285735929e-03
-7.5030519707455336e-03
-7.5023428303728698e-03
-7.5016336905031535e-03
-7.5023428285733301e-03
-7.5030519671461741e-03
-7.5023428303730415e-03
-7.5016336941028591e-03
-7.5023428285738774e-03
-7.5030519635477175e-03
-7.5023428303734371e-03
-7.5016336977019914e-03
-7.5023428285731835e-03
-7.5030519599476363e-03
-7.5023428303728976e-03
-7.5016337013003699e-03
-7.5023428285725625e-03
-7.5030519563477165e-03
