0.0000000000000000e+00
1.0000000000568904e-04
2.0000000000893988e-04
2.9999000101229645e-04
4.0000000008175190e-04
4.9999999815219468e-04
5.9998999722285398e-04
7.8000167026592892e-04
1.3360407193579167e-03
1.9672318873581820e-03
2.6134472708310998e-03
2.7226894973498244e-03
2.7445400569536525e-03
2.7489093328959303e-03
2.7497819190644528e-03
2.7506545044722335e-03
2.7515270891189125e-03
2.7511324628083935e-03
2.7507378363430322e-03
2.7511324628674656e-03
2.7515270892362383e-03
2.7511692754170762e-03
2.7508114614703582e-03
2.7511692755253611e-03
2.7515270894519560e-03
2.7511712972915396e-03
2.7508155050031870e-03
2.7511712974010081e-03
2.7515270896728322e-03
2.7511714075682935e-03
2.7508157253370979e-03
2.7511714076786662e-03
2.7515270898948044e-03
2.7511714128115113e-03
2.7508157356015486e-03
2.7511714129222174e-03
2.7515270901166517e-03
2.7511714128108005e-03
2.7508157353791033e-03
2.7511714129216801e-03
2.7515270903377964e-03
2.7511714128113742e-03
2.7508157351585618e-03
2.7511714129219893e-03
2.7515270905591345e-03
2.7511714128119731e-03
2.7508157349376908e-03
2.7511714129226398e-03
2.7515270907804536e-03
2.7511714128117190e-03
2.7508157347163383e-03
2.7511714129231377e-03
2.7515270910028894e-03
2.7511714128117550e-03
2.7508157344938743e-03
2.7511714129221237e-03
2.7515270912237652e-03
2.7511714128115924e-03
2.7508157342734079e-03
2.7511714129224217e-03
2.7515270914444082e-03
2.7511714128110646e-03
2.7508157340516296e-03
2.7511714129212646e-03
2.7515270916647263e-03
2.7511714128106960e-03
2.7508157338300269e-03
2.7511714129212373e-03
2.7515270918864214e-03
2.7511714128107810e-03
2.7508157336079402e-03
2.7511714129214992e-03
2.7515270921080973e-03
2.7511714128111578e-03
2.7508157333875484e-03
2.7511714129219871e-03
2.7515270923293769e-03
2.7511714128105316e-03
2.7508157331655753e-03
2.7511714129214034e-03
2.7515270925498932e-03
2.7511714128096742e-03
2.7508157329430016e-03
2.7511714129199553e-03
2.7515270927710280e-03
2.7511714128093056e-03
2.7508157327210694e-03
2.7511714129200369e-03
2.7515270929915113e-03
2.7511714128091837e-03
2.7508157324995239e-03
2.7511714129197199e-03
2.7515270932130624e-03
2.7511714128090519e-03
2.7508157322784178e-03
2.7511714129199822e-03
2.7515270934347731e-03
2.7511714128091403e-03
2.7508157320569465e-03
2.7511714129196761e-03
2.7515270936556589e-03
2.7511714128089382e-03
2.7508157318354197e-03
2.7511714129192467e-03
2.7515270938765516e-03
2.7511714128080410e-03
2.7508157316139762e-03
2.7511714129200447e-03
2.7515270940989441e-03
2.7511714128083784e-03
2.7508157313924121e-03
2.7511714129191114e-03
2.7515270943188931e-03
2.7511714128092644e-03
2.7508157311718390e-03
2.7511714129194809e-03
2.7515270945405530e-03
2.7511714128079920e-03
2.7508157309491946e-03
2.7511714129186101e-03
2.7515270947614323e-03
2.7511714128079074e-03
2.7508157307271721e-03
2.7511714129184210e-03
2.7515270949826647e-03
2.7511714128069377e-03
2.7508157305043334e-03
2.7511714129175406e-03
2.7515270952046464e-03
2.7511714128072846e-03
2.7508157302822724e-03
2.7511714129174660e-03
2.7515270954259104e-03
2.7511714128068080e-03
2.7508157300619564e-03
2.7511714129172006e-03
2.7515270956463473e-03
2.7511714128067803e-03
2.7508157298410437e-03
2.7511714129177722e-03
2.7515270958680771e-03
2.7511714128066068e-03
2.7508157296199519e-03
2.7511714129175510e-03
2.7515270960893215e-03
2.7511714128069585e-03
2.7508157293983935e-03
2.7511714129180992e-03
2.7515270963113002e-03
2.7511714128073293e-03
2.7508157291759108e-03
2.7511714129175319e-03
2.7515270965324029e-03
2.7511714128067521e-03
2.7508157289544560e-03
2.7511714129169586e-03
2.7515270967528780e-03
2.7511714128057542e-03
2.7508157287336682e-03
2.7511714129173806e-03
2.7515270969741519e-03
