0.0000000000000000e+00
1.0000000000565927e-04
2.0000000000928119e-04
2.9999000101309345e-04
4.0000000008233764e-04
4.9999999815223306e-04
5.9998999722191127e-04
7.8000167026571077e-04
1.3360407193586102e-03
1.9672318873593772e-03
2.6134472708315560e-03
2.7226894973500565e-03
2.7445400569541486e-03
2.7489093328972401e-03
2.7497819190658345e-03
2.7506545044733185e-03
2.7515270891200014e-03
2.7511324628102978e-03
2.7507378363439672e-03
2.7511324628680571e-03
2.7515270892360662e-03
2.7511692754183313e-03
2.7508114614716891e-03
2.7511692755263755e-03
2.7515270894524525e-03
2.7511712972928442e-03
2.7508155050061534e-03
2.7511712974030468e-03
2.7515270896728808e-03
2.7511714075692767e-03
2.7508157253388946e-03
2.7511714076800678e-03
2.7515270898941934e-03
2.7511714128122498e-03
2.7508157356038294e-03
2.7511714129229100e-03
2.7515270901162518e-03
2.7511714128120898e-03
2.7508157353808085e-03
2.7511714129213691e-03
2.7515270903373176e-03
2.7511714128113460e-03
2.7508157351588060e-03
2.7511714129218479e-03
2.7515270905576978e-03
2.7511714128108482e-03
2.7508157349368919e-03
2.7511714129209988e-03
2.7515270907791677e-03
2.7511714128105507e-03
2.7508157347161675e-03
2.7511714129226181e-03
2.7515270910021673e-03
2.7511714128109601e-03
2.7508157344938227e-03
2.7511714129219958e-03
2.7515270912242934e-03
2.7511714128120434e-03
2.7508157342728667e-03
2.7511714129223788e-03
2.7515270914464079e-03
2.7511714128109210e-03
2.7508157340503311e-03
2.7511714129227561e-03
2.7515270916677595e-03
2.7511714128112632e-03
2.7508157338284093e-03
2.7511714129217460e-03
2.7515270918888344e-03
2.7511714128105372e-03
2.7508157336066760e-03
2.7511714129221207e-03
2.7515270921106756e-03
2.7511714128119176e-03
2.7508157333854255e-03
2.7511714129226485e-03
2.7515270923328325e-03
2.7511714128116522e-03
2.7508157331639265e-03
2.7511714129220756e-03
2.7515270925545557e-03
2.7511714128118335e-03
2.7508157329426161e-03
2.7511714129229998e-03
2.7515270927772001e-03
2.7511714128129576e-03
2.7508157327218287e-03
2.7511714129237154e-03
2.7515270929990092e-03
2.7511714128122975e-03
2.7508157324986735e-03
2.7511714129231169e-03
2.7515270932210283e-03
2.7511714128121176e-03
2.7508157322778306e-03
2.7511714129236147e-03
2.7515270934431952e-03
2.7511714128123366e-03
2.7508157320549416e-03
2.7511714129231420e-03
2.7515270936643078e-03
2.7511714128121340e-03
2.7508157318328471e-03
2.7511714129232773e-03
2.7515270938867206e-03
2.7511714128123539e-03
2.7508157316112314e-03
2.7511714129229261e-03
2.7515270941085462e-03
2.7511714128122459e-03
2.7508157313899527e-03
2.7511714129235293e-03
2.7515270943306220e-03
2.7511714128129945e-03
2.7508157311681180e-03
2.7511714129232756e-03
2.7515270945522251e-03
2.7511714128128409e-03
2.7508157309464520e-03
2.7511714129237427e-03
2.7515270947748817e-03
2.7511714128133254e-03
2.7508157307250015e-03
2.7511714129234578e-03
2.7515270949954001e-03
2.7511714128123587e-03
2.7508157305029804e-03
2.7511714129222877e-03
2.7515270952163861e-03
2.7511714128116605e-03
2.7508157302810468e-03
2.7511714129214589e-03
2.7515270954364102e-03
2.7511714128106292e-03
2.7508157300589441e-03
2.7511714129221363e-03
2.7515270956577150e-03
2.7511714128104423e-03
2.7508157298371636e-03
2.7511714129213574e-03
2.7515270958786008e-03
2.7511714128095285e-03
2.7508157296145088e-03
2.7511714129195529e-03
2.7515270960985329e-03
2.7511714128087717e-03
2.7508157293926064e-03
2.7511714129193972e-03
2.7515270963187951e-03
2.7511714128083302e-03
2.7508157291715181e-03
2.7511714129197689e-03
2.7515270965415678e-03
2.7511714128081542e-03
2.7508157289493087e-03
2.7511714129200013e-03
2.7515270967628041e-03
2.7511714128089196e-03
2.7508157287279710e-03
2.7511714129198040e-03
2.7515270969843473e-03
