0.0000000000000000e+00
0.0000000000000000e+00
0.0000000000000000e+00
0.0000000000000000e+00
0.0000000000000000e+00
0.0000000000000000e+00
0.0000000000000000e+00
1.6001370626812008e-04
1.0723101031033773e-03
2.1344730703723434e-03
3.2268949373942756e-03
3.4453789936634690e-03
3.4890924429748392e-03
3.4978191589837282e-03
3.4995638579201007e-03
3.5009249306475008e-03
3.5022649261142397e-03
3.5022649261142397e-03
3.5022649261142397e-03
3.5022649261142397e-03
3.5023385513634456e-03
3.5023385513634456e-03
3.5023385513634456e-03
3.5023385513634456e-03
3.5023425951143479e-03
3.5023425951143479e-03
3.5023425951143479e-03
3.5023425951143479e-03
3.5023428156681306e-03
3.5023428156681306e-03
3.5023428156681306e-03
3.5023428156681306e-03
3.5023428261546684e-03
3.5023428261546684e-03
3.5023428261546684e-03
3.5023428261546684e-03
3.5023428261546684e-03
3.5023428261546684e-03
3.5023428261546684e-03
3.5023428261546684e-03
3.5023428261546684e-03
3.5023428261546684e-03
3.5023428261546684e-03
3.5023428261546684e-03
3.5023428261546684e-03
3.5023428261546684e-03
3.5023428261546684e-03
3.5023428261546684e-03
3.5023428261546684e-03
3.5023428261546684e-03
3.5023428261546684e-03
3.5023428261546684e-03
3.5023428261546684e-03
3.5023428261546684e-03
3.5023428261546684e-03
3.5023428261546684e-03
3.5023428261546684e-03
3.5023428261546684e-03
3.5023428261546684e-03
3.5023428261546684e-03
3.5023428261546684e-03
3.5023428261546684e-03
3.5023428261546684e-03
3.5023428261546684e-03
3.5023428261546684e-03
3.5023428261546684e-03
3.5023428261546684e-03
3.5023428261546684e-03
3.5023428261546684e-03
3.5023428261546684e-03
3.5023428261546684e-03
3.5023428261546684e-03
3.5023428261546684e-03
3.5023428261546684e-03
3.5023428261546684e-03
3.5023428261546684e-03
3.5023428261546684e-03
3.5023428261546684e-03
3.5023428261546684e-03
3.5023428261546684e-03
3.5023428261546684e-03
3.5023428261546684e-03
3.5023428261546684e-03
3.5023428261546684e-03
3.5023428261546684e-03
3.5023428261546684e-03
3.5023428261546684e-03
3.5023428261546684e-03
3.5023428261546684e-03
3.5023428261546684e-03
3.5023428261546684e-03
3.5023428261546684e-03
3.5023428261546684e-03
3.5023428261546684e-03
3.5023428261546684e-03
3.5023428261546684e-03
3.5023428261546684e-03
3.5023428261546684e-03
3.5023428261546684e-03
3.5023428261546684e-03
3.5023428261546684e-03
3.5023428261546684e-03
3.5023428261546684e-03
3.5023428261546684e-03
3.5023428261546684e-03
3.5023428261546684e-03
3.5023428261546684e-03
3.5023428261546684e-03
3.5023428261546684e-03
3.5023428261546684e-03
3.5023428261546684e-03
3.5023428261546684e-03
3.5023428261546684e-03
3.5023428261546684e-03
3.5023428261546684e-03
3.5023428261546684e-03
3.5023428261546684e-03
3.5023428261546684e-03
3.5023428261546684e-03
3.5023428261546684e-03
3.5023428261546684e-03
3.5023428261546684e-03
3.5023428261546684e-03
3.5023428261546684e-03
3.5023428261546684e-03
3.5023428261546684e-03
3.5023428261546684e-03
3.5023428261546684e-03
3.5023428261546684e-03
3.5023428261546684e-03
3.5023428261546684e-03
3.5023428261546684e-03
3.5023428261546684e-03
3.5023428261546684e-03
3.5023428261546684e-03
3.5023428261546684e-03
3.5023428261546684e-03
3.5023428261546684e-03
3.5023428261546684e-03
3.5023428261546684e-03
3.5023428261546684e-03
3.5023428261546684e-03
3.5023428261546684e-03
3.5023428261546684e-03
3.5023428261546684e-03
3.5023428261546684e-03
3.5023428261546684e-03
3.5023428261546684e-03
3.5023428261546684e-03
3.5023428261546684e-03
3.5023428261546684e-03
3.5023428261546684e-03
3.5023428261546684e-03
3.5023428261546684e-03
3.5023428261546684e-03
3.5023428261546684e-03
3.5023428261546684e-03
3.5023428261546684e-03
3.5023428261546684e-03
3.5023428261546684e-03
3.5023428261546684e-03
