0.0000000000000000e+00
7.4285577069685568e-11
9.0183751180335365e-10
-8.8026394366523923e-03
8.2476780665981065e-09
5.2993433617902083e-06
-8.7920463052160100e-03
-1.4828877176428956e-03
-3.2837128751437836e-02
-1.2987657814990735e-03
-5.1613413818510195e-05
-4.0594671994300992e-08
-1.7723034035083789e-03
-7.1010643950156408e-05
-2.8298478242870860e-06
1.6944636264558610e-02
3.4819234148501646e-02
-2.1695262105670020e-07
-3.4819722756722189e-02
-1.6433313864630651e-07
3.1579828442790517e-02
-2.3129283421104198e-07
-3.1580336025929537e-02
-1.3504811143665780e-07
3.1402095875696256e-02
-2.3209195849198921e-07
-3.1402604626357300e-02
-1.3370015393239564e-07
3.1392588348282333e-02
-2.3227060997654065e-07
-3.1393097301237752e-02
-1.3365765159095080e-07
3.1392324222671797e-02
-2.3226660448425346e-07
-3.1392833182834860e-02
-1.3362466067061461e-07
3.1392521631090742e-02
-2.3233478933056877e-07
-3.1393030704501848e-02
-1.3387313226095762e-07
3.1392718814393275e-02
-2.3242970539307730e-07
-3.1393228032510226e-02
-1.3379180318700673e-07
3.1392915998485350e-02
-2.3242470374772911e-07
-3.1393425359806354e-02
-1.3383097912607967e-07
3.1393113348685435e-02
-2.3244289048081755e-07
-3.1393622543598287e-02
-1.3357502191377978e-07
3.1393310897523098e-02
-2.3236426601151241e-07
-3.1393820014957274e-02
-1.3373046560365570e-07
3.1393508280373149e-02
-2.3227853027751036e-07
-3.1394017240732125e-02
-1.3366696251894574e-07
3.1393705654319697e-02
-2.3244136730711474e-07
-3.1394214724661557e-02
-1.3365939603093714e-07
3.1393902900420795e-02
-2.3247810364779005e-07
-3.1394412164909340e-02
-1.3387126704237056e-07
3.1394100090848337e-02
-2.3259087674209107e-07
-3.1394609603334483e-02
-1.3383206748811524e-07
3.1394297498640526e-02
-2.3240185471904917e-07
-3.1394806878432852e-02
-1.3379967710458500e-07
3.1394494826377607e-02
-2.3249794962847459e-07
-3.1395004186642803e-02
-1.3382443097138590e-07
3.1394692225166575e-02
-2.3245641261819422e-07
-3.1395201465370372e-02
-1.3371358239623798e-07
3.1394889706564968e-02
-2.3230507451610005e-07
-3.1395398787997221e-02
-1.3370213754376528e-07
3.1395086919648700e-02
-2.3241285688949056e-07
-3.1395596249872773e-02
-1.3378292701268747e-07
3.1395284351345185e-02
-2.3241616443972296e-07
-3.1395793513082408e-02
-1.3367476791828815e-07
3.1395481833784350e-02
-2.3238079630591373e-07
-3.1395990970953518e-02
-1.3368369067125001e-07
3.1395679100344291e-02
-2.3243882611593675e-07
-3.1396188386136732e-02
-1.3368830313808158e-07
3.1395876548295044e-02
-2.3240082695497154e-07
-3.1396385681096213e-02
-1.3368620238488054e-07
3.1396074021978956e-02
-2.3240628075171665e-07
-3.1396583037636296e-02
-1.3364131191552775e-07
3.1396271395441461e-02
-2.3215621441677069e-07
-3.1396780278334778e-02
-1.3359734993863037e-07
3.1396468798623900e-02
-2.3221592734384632e-07
-3.1396977679589495e-02
-1.3353398499521332e-07
3.1396666259174727e-02
-2.3213072772691363e-07
-3.1397174987885260e-02
-1.3358067163931946e-07
3.1396863466726627e-02
-2.3227853383910079e-07
-3.1397372438824747e-02
-1.3374226906880976e-07
3.1397060743401928e-02
-2.3235193808894479e-07
-3.1397569782062949e-02
-1.3378103595538558e-07
3.1397257966468112e-02
-2.3242478960978394e-07
-3.1397767104407288e-02
-1.3364492474415759e-07
3.1397455266872626e-02
-2.3245407954636091e-07
-3.1397964409126927e-02
-1.3371035874650247e-07
3.1397652584604266e-02
-2.3248002342775617e-07
-3.1398161790950771e-02
-1.3387829610409063e-07
3.1397849769755154e-02
-2.3251081092011414e-07
-3.1398359144363876e-02
-1.3383046232067821e-07
3.1398046999382020e-02
-2.3255951793592414e-07
-3.1398556527240461e-02
-1.3385021349502469e-07
3.1398244418676904e-02
-2.3263679508827107e-07
-3.1398753906159843e-02
-1.3377608153937009e-07
3.1398441814691959e-02
-2.3246695691766923e-07
-3.1398951108306324e-02
-1.3366951586908065e-07
3.1398639270896242e-02
