2.9999999999999983e+02
2.9999999999999983e+02
2.9999999999999983e+02
2.9999999999999983e+02
2.9999999999999983e+02
2.9999999999999983e+02
2.9999999999999983e+02
3.0640054825072446e+02
3.4129226706145374e+02
3.7465582178385984e+02
4.0773106679204727e+02
4.0554621037259568e+02
4.0510990778235856e+02
4.0502184192960073e+02
4.0500436272696629e+02
4.0504135864669882e+02
4.0508134773809411e+02
4.0506794778342714e+02
4.0506794778342714e+02
4.0506794778342714e+02
4.0507089279339516e+02
4.0507015654090310e+02
4.0507015654090310e+02
4.0507015654090310e+02
4.0507031829093921e+02
4.0507027785343018e+02
4.0507027785343018e+02
4.0507027785343018e+02
4.0507028667558137e+02
4.0507028447004382e+02
4.0507028447004382e+02
4.0507028447004382e+02
4.0507028488950516e+02
4.0507028478463980e+02
4.0507028478463980e+02
4.0507028478463980e+02
4.0507028478463980e+02
4.0507028478463980e+02
4.0507028478463980e+02
4.0507028478463980e+02
4.0507028478463980e+02
4.0507028478463980e+02
4.0507028478463980e+02
4.0507028478463980e+02
4.0507028478463980e+02
4.0507028478463980e+02
4.0507028478463980e+02
4.0507028478463980e+02
4.0507028478463980e+02
4.0507028478463980e+02
4.0507028478463980e+02
4.0507028478463980e+02
4.0507028478463980e+02
4.0507028478463980e+02
4.0507028478463980e+02
4.0507028478463980e+02
4.0507028478463980e+02
4.0507028478463980e+02
4.0507028478463980e+02
4.0507028478463980e+02
4.0507028478463980e+02
4.0507028478463980e+02
4.0507028478463980e+02
4.0507028478463980e+02
4.0507028478463980e+02
4.0507028478463980e+02
4.0507028478463980e+02
4.0507028478463980e+02
4.0507028478463980e+02
4.0507028478463980e+02
4.0507028478463980e+02
4.0507028478463980e+02
4.0507028478463980e+02
4.0507028478463980e+02
4.0507028478463980e+02
4.0507028478463980e+02
4.0507028478463980e+02
4.0507028478463980e+02
4.0507028478463980e+02
4.0507028478463980e+02
4.0507028478463980e+02
4.0507028478463980e+02
4.0507028478463980e+02
4.0507028478463980e+02
4.0507028478463980e+02
4.0507028478463980e+02
4.0507028478463980e+02
4.0507028478463980e+02
4.0507028478463980e+02
4.0507028478463980e+02
4.0507028478463980e+02
4.0507028478463980e+02
4.0507028478463980e+02
4.0507028478463980e+02
4.0507028478463980e+02
4.0507028478463980e+02
4.0507028478463980e+02
4.0507028478463980e+02
4.0507028478463980e+02
4.0507028478463980e+02
4.0507028478463980e+02
4.0507028478463980e+02
4.0507028478463980e+02
4.0507028478463980e+02
4.0507028478463980e+02
4.0507028478463980e+02
4.0507028478463980e+02
4.0507028478463980e+02
4.0507028478463980e+02
4.0507028478463980e+02
4.0507028478463980e+02
4.0507028478463980e+02
4.0507028478463980e+02
4.0507028478463980e+02
4.0507028478463980e+02
4.0507028478463980e+02
4.0507028478463980e+02
4.0507028478463980e+02
4.0507028478463980e+02
4.0507028478463980e+02
4.0507028478463980e+02
4.0507028478463980e+02
4.0507028478463980e+02
4.0507028478463980e+02
4.0507028478463980e+02
4.0507028478463980e+02
4.0507028478463980e+02
4.0507028478463980e+02
4.0507028478463980e+02
4.0507028478463980e+02
4.0507028478463980e+02
4.0507028478463980e+02
4.0507028478463980e+02
4.0507028478463980e+02
4.0507028478463980e+02
4.0507028478463980e+02
4.0507028478463980e+02
4.0507028478463980e+02
4.0507028478463980e+02
4.0507028478463980e+02
4.0507028478463980e+02
4.0507028478463980e+02
4.0507028478463980e+02
4.0507028478463980e+02
4.0507028478463980e+02
4.0507028478463980e+02
4.0507028478463980e+02
4.0507028478463980e+02
4.0507028478463980e+02
4.0507028478463980e+02
4.0507028478463980e+02
4.0507028478463980e+02
4.0507028478463980e+02
4.0507028478463980e+02
4.0507028478463980e+02
4.0507028478463980e+02
4.0507028478463980e+02
4.0507028478463980e+02
4.0507028478463980e+02
4.0507028478463980e+02
4.0507028478463980e+02
