0.0000000000000000e+00
-4.4000000002269850e+01
-8.8000000001335735e+01
-1.3202200836403799e+02
-1.7600000001151182e+02
-2.1999998328894972e+02
-2.6402197491662872e+02
-3.0800216820111609e+02
-3.5204820522127153e+02
-3.9600185125339925e+02
-4.4000006777941854e+02
-4.4000000034982168e+02
-4.4000260451551088e+02
-4.4000010453011822e+02
-4.4000000413605022e+02
-4.4003366331693536e+02
-4.4006917776511619e+02
-4.4000000054200041e+02
-4.3993082341442306e+02
-4.4000000040971497e+02
-4.4006269847857095e+02
-4.4000000057777453e+02
-4.3993730275546181e+02
-4.4000000033658404e+02
-4.4006234214621060e+02
-4.4000000057978059e+02
-4.3993765909109783e+02
-4.4000000033307469e+02
-4.4006232224387668e+02
-4.4000000058005469e+02
-4.3993767899379475e+02
-4.4000000033299494e+02
-4.4006232082677138e+02
-4.4000000058007578e+02
-4.3993768041093767e+02
-4.4000000033288728e+02
-4.4006232033228156e+02
-4.4000000058016002e+02
-4.3993768090552192e+02
-4.4000000033304866e+02
-4.4006231983795590e+02
-4.4000000058025825e+02
-4.3993768139996416e+02
-4.4000000033299250e+02
-4.4006231934358050e+02
-4.4000000058022403e+02
-4.3993768189446240e+02
-4.4000000033301723e+02
-4.4006231884907271e+02
-4.4000000058019111e+02
-4.3993768238880773e+02
-4.4000000033281685e+02
-4.4006231835442298e+02
-4.4000000058015894e+02
-4.3993768288342540e+02
-4.4000000033296988e+02
-4.4006231785989553e+02
-4.4000000058011250e+02
-4.3993768337789055e+02
-4.4000000033287523e+02
-4.4006231736533988e+02
-4.4000000058025603e+02
-4.3993768387247951e+02
-4.4000000033293128e+02
-4.4006231687094930e+02
-4.4000000058036244e+02
-4.3993768436720842e+02
-4.4000000033317303e+02
-4.4006231637659926e+02
-4.4000000058046993e+02
-4.3993768486186013e+02
-4.4000000033316383e+02
-4.4006231588198500e+02
-4.4000000058034425e+02
-4.3993768535633671e+02
-4.4000000033318258e+02
-4.4006231538756651e+02
-4.4000000058048397e+02
-4.3993768585084649e+02
-4.4000000033318685e+02
-4.4006231489306032e+02
-4.4000000058042025e+02
-4.3993768634526680e+02
-4.4000000033307822e+02
-4.4006231439841747e+02
-4.4000000058035130e+02
-4.3993768683987707e+02
-4.4000000033323136e+02
-4.4006231390412381e+02
-4.4000000058033373e+02
-4.3993768733426515e+02
-4.4000000033314438e+02
-4.4006231340950137e+02
-4.4000000058042377e+02
-4.3993768782882927e+02
-4.4000000033311755e+02
-4.4006231291492463e+02
-4.4000000058042212e+02
-4.3993768832345114e+02
-4.4000000033310755e+02
-4.4006231242039166e+02
-4.4000000058049216e+02
-4.3993768881805607e+02
-4.4000000033315320e+02
-4.4006231192583186e+02
-4.4000000058044571e+02
-4.3993768931253226e+02
-4.4000000033312381e+02
-4.4006231143115201e+02
-4.4000000058047226e+02
-4.3993768980705727e+02
-4.4000000033311449e+02
-4.4006231093656487e+02
-4.4000000058021038e+02
-4.3993769030151907e+02
-4.4000000033305622e+02
-4.4006231044194283e+02
-4.4000000058027348e+02
-4.3993769079611457e+02
-4.4000000033298591e+02
-4.4006230994735483e+02
-4.4000000058014268e+02
-4.3993769129055602e+02
-4.4000000033296021e+02
-4.4006230945287166e+02
-4.4000000058027916e+02
-4.3993769178512150e+02
-4.4000000033310380e+02
-4.4006230895844055e+02
-4.4000000058032913e+02
-4.3993769227970915e+02
-4.4000000033308646e+02
-4.4006230846391014e+02
-4.4000000058039097e+02
-4.3993769277427509e+02
-4.4000000033301797e+02
-4.4006230796939400e+02
-4.4000000058035971e+02
-4.3993769326874832e+02
-4.4000000033300415e+02
-4.4006230747479077e+02
-4.4000000058032236e+02
-4.3993769376322308e+02
-4.4000000033308390e+02
-4.4006230698032272e+02
-4.4000000058030474e+02
-4.3993769425777458e+02
-4.4000000033298511e+02
-4.4006230648571557e+02
-4.4000000058029536e+02
-4.3993769475243096e+02
-4.4000000033305309e+02
-4.4006230599119891e+02
-4.4000000058038205e+02
-4.3993769524702168e+02
-4.4000000033297601e+02
-4.4006230549652150e+02
-4.4000000058028604e+02
-4.3993769574144682e+02
-4.4000000033286267e+02
-4.4006230500182585e+02
