0.0000000000000000e+00
7.6904062990227029e-11
8.8388450175422823e-10
-8.8026394877570094e-03
8.2046344427899974e-09
5.2993381505851388e-06
-8.7920462209292033e-03
-1.4828877031714776e-03
-3.2837128817044557e-02
-1.2987658505835488e-03
-5.1613443230971560e-05
-4.0587846786636378e-08
-1.7723034043943119e-03
-7.1010716854003308e-05
-2.8299177223622611e-06
1.6944636211525730e-02
3.4819234092618070e-02
-2.1707007939619973e-07
-3.4819722838108864e-02
-1.6435048289512455e-07
3.1579828474507465e-02
-2.3137384196528983e-07
-3.1580336121626522e-02
-1.3508364280112712e-07
3.1402095868461696e-02
-2.3217491549182268e-07
-3.1402604827298161e-02
-1.3382555304621260e-07
3.1392588424005025e-02
-2.3231007055542079e-07
-3.1393097425489694e-02
-1.3369405981843437e-07
3.1392324338099541e-02
-2.3226276610944245e-07
-3.1392833278615313e-02
-1.3361558377238575e-07
3.1392521739370946e-02
-2.3236350275245695e-07
-3.1393030803769872e-02
-1.3380009728165294e-07
3.1392718944010065e-02
-2.3237234022643740e-07
-3.1393228026613401e-02
-1.3374469214481988e-07
3.1392916144963263e-02
-2.3227583192483894e-07
-3.1393425256832766e-02
-1.3366936196770737e-07
3.1393113491061754e-02
-2.3228892634385892e-07
-3.1393622470274773e-02
-1.3347530164393136e-07
3.1393311013224526e-02
-2.3223620957408302e-07
-3.1393819946078087e-02
-1.3365743311882943e-07
3.1393508293986801e-02
-2.3223336218197796e-07
-3.1394017112511843e-02
-1.3356512096314783e-07
3.1393705585767387e-02
-2.3234166655831524e-07
-3.1394214528031060e-02
-1.3369868062760257e-07
3.1393902738214310e-02
-2.3242484046653730e-07
-3.1394411922126879e-02
-1.3380496298717171e-07
3.1394100016559512e-02
-2.3242169138739479e-07
-3.1394609355120437e-02
-1.3374676355223441e-07
3.1394297399854346e-02
-2.3233273619259781e-07
-3.1394806551834499e-02
-1.3370759072959240e-07
3.1394494689213730e-02
-2.3246280409529508e-07
-3.1395003916024261e-02
-1.3376104162277318e-07
3.1394691917381222e-02
-2.3249964383365996e-07
-3.1395201276787819e-02
-1.3384352412674547e-07
3.1394889288816653e-02
-2.3249048481880578e-07
-3.1395398676483409e-02
-1.3387638237826851e-07
3.1395086436067039e-02
-2.3251657571919210e-07
-3.1395595991201078e-02
-1.3387730963592837e-07
3.1395283837763507e-02
-2.3256106794182231e-07
-3.1395793298253469e-02
-1.3382219351745738e-07
3.1395481210126502e-02
-2.3255191433581956e-07
-3.1395990696415382e-02
-1.3388805541495175e-07
3.1395678458214185e-02
-2.3259845309818346e-07
-3.1396188078190210e-02
-1.3395334992728856e-07
3.1395875740723722e-02
-2.3267699409252294e-07
-3.1396385365486973e-02
-1.3385013931572647e-07
3.1396073258096499e-02
-2.3261975846441215e-07
-3.1396582668506728e-02
-1.3389906221052201e-07
3.1396270477288046e-02
-2.3237682927161885e-07
-3.1396779855844166e-02
-1.3381852489918350e-07
3.1396467870934482e-02
-2.3254727555534404e-07
-3.1396977311508353e-02
-1.3385669748655909e-07
3.1396665226930957e-02
-2.3245746423811472e-07
-3.1397174639893360e-02
-1.3386078507340239e-07
3.1396862498305950e-02
-2.3262852223543273e-07
-3.1397372147086773e-02
-1.3403102322444544e-07
3.1397059877195967e-02
-2.3259600187962591e-07
-3.1397569525523826e-02
-1.3402349972860119e-07
3.1397257120184777e-02
-2.3268296419316697e-07
-3.1397766737848588e-02
-1.3399014630196089e-07
3.1397454348543075e-02
-2.3267798856934090e-07
-3.1397963989652757e-02
-1.3395801201349920e-07
3.1397651704582058e-02
-2.3267539941295781e-07
-3.1398161286175244e-02
-1.3402020923123597e-07
3.1397848989057682e-02
-2.3266879829114244e-07
-3.1398358591821607e-02
-1.3389536243178874e-07
3.1398046377220032e-02
-2.3255632004920865e-07
-3.1398556027875960e-02
-1.3393899885796736e-07
3.1398243754090990e-02
-2.3261891437034544e-07
-3.1398753326833770e-02
-1.3392453141259461e-07
3.1398441040935990e-02
-2.3260284554775752e-07
-3.1398950514549683e-02
-1.3378462952851495e-07
3.1398638471684302e-02
