0.0000000000000000e+00
4.4000000002345438e+01
8.8000000002228603e+01
1.3201320572457576e+02
1.7600000001973805e+02
2.1999998858829042e+02
2.6401318287036554e+02
3.0800068531340554e+02
3.5201536809248745e+02
3.9600055248758321e+02
4.4000001616599036e+02
4.4000000030923047e+02
4.4000083221210679e+02
4.4000003351943758e+02
4.4000000130616752e+02
4.4005060795317326e+02
4.4010399699923664e+02
4.4000000032498917e+02
4.3989600369162582e+02
4.4000000024537360e+02
4.4009427830702964e+02
4.4000000034644108e+02
4.3990572241938804e+02
4.4000000020151799e+02
4.4009374424208278e+02
4.4000000034764730e+02
4.3990625648637081e+02
4.4000000019931184e+02
4.4009371483226244e+02
4.4000000034776451e+02
4.3990628589643148e+02
4.4000000019931878e+02
4.4009371315105182e+02
4.4000000034781124e+02
4.3990628757770713e+02
4.4000000019926733e+02
4.4009371285396662e+02
4.4000000034781078e+02
4.3990628787476754e+02
4.4000000019921191e+02
4.4009371255683504e+02
4.4000000034785717e+02
4.3990628817193488e+02
4.4000000019922413e+02
4.4009371225965219e+02
4.4000000034787388e+02
4.3990628846915399e+02
4.4000000019926694e+02
4.4009371196249253e+02
4.4000000034782533e+02
4.3990628876630097e+02
4.4000000019929200e+02
4.4009371166537818e+02
4.4000000034785882e+02
4.3990628906344443e+02
4.4000000019927580e+02
4.4009371136818288e+02
4.4000000034785660e+02
4.3990628936071420e+02
4.4000000019925892e+02
4.4009371107096001e+02
4.4000000034786461e+02
4.3990628965785334e+02
4.4000000019925233e+02
4.4009371077376863e+02
4.4000000034791105e+02
4.3990628995516488e+02
4.4000000019933492e+02
4.4009371047665292e+02
4.4000000034796358e+02
4.3990629025238121e+02
4.4000000019937443e+02
4.4009371017943425e+02
4.4000000034797677e+02
4.3990629054962170e+02
4.4000000019942905e+02
4.4009370988232433e+02
4.4000000034800365e+02
4.3990629084679517e+02
4.4000000019939381e+02
4.4009370958513165e+02
4.4000000034794238e+02
4.3990629114389600e+02
4.4000000019929990e+02
4.4009370928791520e+02
4.4000000034795363e+02
4.3990629144114450e+02
4.4000000019944201e+02
4.4009370899080187e+02
4.4000000034786888e+02
4.3990629173814455e+02
4.4000000019931440e+02
4.4009370869359623e+02
4.4000000034793504e+02
4.3990629203542369e+02
4.4000000019936908e+02
4.4009370839644652e+02
4.4000000034795528e+02
4.3990629233261745e+02
4.4000000019932190e+02
4.4009370809917090e+02
4.4000000034797341e+02
4.3990629262982418e+02
4.4000000019933213e+02
4.4009370780197651e+02
4.4000000034790685e+02
4.3990629292700891e+02
4.4000000019935544e+02
4.4009370750479206e+02
4.4000000034795949e+02
4.3990629322420386e+02
4.4000000019934419e+02
4.4009370720750138e+02
4.4000000034794374e+02
4.3990629352145231e+02
4.4000000019934811e+02
4.4009370691027777e+02
4.4000000034789218e+02
4.3990629381861891e+02
4.4000000019929087e+02
4.4009370661309754e+02
4.4000000034784858e+02
4.3990629411574224e+02
4.4000000019923931e+02
4.4009370631585455e+02
4.4000000034782579e+02
4.3990629441282817e+02
4.4000000019921725e+02
4.4009370601875116e+02
4.4000000034785535e+02
4.3990629471005491e+02
4.4000000019918406e+02
4.4009370572145360e+02
4.4000000034783733e+02
4.3990629500735383e+02
4.4000000019920026e+02
4.4009370542420186e+02
4.4000000034779373e+02
4.3990629530454891e+02
4.4000000019916990e+02
4.4009370512693545e+02
4.4000000034774456e+02
4.3990629560168435e+02
4.4000000019913483e+02
4.4009370482970223e+02
4.4000000034771483e+02
4.3990629589890642e+02
4.4000000019912238e+02
4.4009370453240382e+02
4.4000000034773757e+02
4.3990629619615351e+02
4.4000000019915842e+02
4.4009370423528492e+02
4.4000000034775405e+02
4.3990629649340497e+02
4.4000000019912568e+02
4.4009370393794904e+02
4.4000000034775121e+02
4.3990629679063534e+02
4.4000000019913557e+02
4.4009370364069747e+02
