0.0000000000000000e+00
0.0000000000000000e+00
0.0000000000000000e+00
0.0000000000000000e+00
1.6666735126238319e-01
6.0897690622000711e-01
1.0344610869507345e+00
1.4433920818066839e+00
1.8365949551504208e+00
2.2146746421972723e+00
2.5782128023778865e+00
2.6457174383791204e+00
2.6457174383791187e+00
2.6457174383791244e+00
2.6457174383791253e+00
2.6457174383791284e+00
2.6457174383791253e+00
2.6457174383791262e+00
2.6457174383791275e+00
2.6457174383791271e+00
2.6457174383791253e+00
2.6457174383791253e+00
2.6457174383791280e+00
2.6457174383791271e+00
2.5299303065658654e+00
2.1365468788061523e+00
1.7584792723451845e+00
1.3947650524878830e+00
1.0450398451334229e+00
7.0876560529726806e-01
3.8542498972744738e-01
3.5657182971196061e-01
3.5657182971196089e-01
3.5657182971196100e-01
3.5657182971196089e-01
3.5657182971196022e-01
3.5657182971196028e-01
3.5657182971195972e-01
3.5657182971195922e-01
3.5657182971195839e-01
3.5657182971195700e-01
3.5657182971195706e-01
3.5657182971195678e-01
3.5657182971195667e-01
3.7745811115451267e-01
6.7959431877936538e-01
9.7029556009333962e-01
1.2496283621698514e+00
1.5182175906396813e+00
1.7764764650114522e+00
2.0248023055480333e+00
2.0248023055480329e+00
2.0248023055480311e+00
2.0248023055480346e+00
2.0248023055480342e+00
2.0248023055480386e+00
2.0248023055480373e+00
2.0248023055480360e+00
2.0248023055480373e+00
2.0248023055480311e+00
2.0248023055480306e+00
2.0248023055480302e+00
2.0248023055480311e+00
2.0248023055480298e+00
2.0248023055480293e+00
1.7470909423195664e+00
1.4802458791415232e+00
1.2234770078530135e+00
9.7658386521129803e-01
7.3918661131175822e-01
5.1092002085238131e-01
5.1092002085238086e-01
5.1092002085238075e-01
5.1092002085238020e-01
5.1092002085237986e-01
5.1092002085238075e-01
5.1092002085238086e-01
5.1092002085237986e-01
5.1092002085238075e-01
5.1092002085238108e-01
5.1092002085238075e-01
5.1092002085238064e-01
5.1092002085238097e-01
5.1092002085238020e-01
5.1092002085238009e-01
7.2058283378026622e-01
9.2236770598555784e-01
1.1162045220603962e+00
1.3025860729447252e+00
1.4817991032388920e+00
1.6541193245769659e+00
1.6541193245769708e+00
1.6541193245769708e+00
1.6541193245769690e+00
1.6541193245769692e+00
1.6541193245769674e+00
1.6541193245769619e+00
1.6541193245769636e+00
1.6541193245769616e+00
1.6541193245769616e+00
1.6541193245769608e+00
1.6541193245769616e+00
1.6541193245769608e+00
1.6541193245769605e+00
1.6541193245769623e+00
1.4566178298451362e+00
1.2668982053413895e+00
1.0842888191519438e+00
9.0870287284257023e-01
7.3987023120320405e-01
5.7753115261670573e-01
5.7753115261670573e-01
5.7753115261670540e-01
5.7753115261670573e-01
5.7753115261670596e-01
5.7753115261670485e-01
5.7753115261670440e-01
5.7753115261670507e-01
5.7753115261670507e-01
5.7753115261670562e-01
5.7753115261670529e-01
5.7753115261670496e-01
5.7753115261670473e-01
5.7753115261670429e-01
5.7753115261670418e-01
7.2252056914790930e-01
8.6211969069145156e-01
9.9616288070815950e-01
1.1250505612363786e+00
1.2489810236855123e+00
1.3681449298395458e+00
1.3681449298395456e+00
1.3681449298395456e+00
1.3681449298395447e+00
1.3681449298395461e+00
1.3681449298395463e+00
1.3681449298395441e+00
1.3681449298395392e+00
1.3681449298395425e+00
1.3681449298395445e+00
1.3681449298395458e+00
1.3681449298395454e+00
1.3681449298395445e+00
1.3681449298395449e+00
1.3681449298395445e+00
1.2272542915580724e+00
1.0919683846678980e+00
9.6169940161552214e-01
8.3644076537490153e-01
7.1599976829697298e-01
6.0019111721622431e-01
6.0019111721622420e-01
6.0019111721622376e-01
6.0019111721622376e-01
6.0019111721622376e-01
6.0019111721622498e-01
6.0019111721622487e-01
6.0019111721622653e-01
6.0019111721622742e-01
6.0019111721622853e-01
6.0019111721622798e-01
