0.0000000000000000e+00
2.0000000008936049e-04
4.0000000014677720e-04
6.0000000014697841e-04
8.2499986015178951e-04
1.0913458770219252e-03
1.1552256128870106e-03
1.2165088107848393e-03
1.2754892410266937e-03
1.3322011943998910e-03
1.3867319185722712e-03
1.1968576158997418e-03
9.9685758741344175e-04
7.9685761590360046e-04
5.9685761590261678e-04
3.9685761575700715e-04
3.9685761575690572e-04
3.9685761575680576e-04
3.9685761575688762e-04
3.9685761575664047e-04
3.9685761575643989e-04
1.9685761584601767e-04
-3.1423840973400431e-06
-2.0314238409672037e-04
-4.2051056404922098e-04
-6.7951861384074586e-04
-7.3617224214382279e-04
-7.9078524398747585e-04
-8.4324402462852344e-04
-8.9368516076191525e-04
-9.4218625297971966e-04
-7.4651422540141020e-04
-5.4651423203572387e-04
-3.4651422539726256e-04
-1.4651422539746357e-04
5.3485774455863806e-05
5.3485774456098393e-05
5.3485774456154128e-05
5.3485774456398080e-05
5.3485774456609513e-05
5.3485774456695152e-05
2.5348577454570716e-04
4.5348577460286292e-04
6.5348577460262855e-04
8.5661871236483690e-04
1.1019384634932267e-03
1.1456007863063504e-03
1.1874442538895016e-03
1.2277326375373908e-03
1.2664714688469965e-03
1.3037203449959892e-03
1.1037203324100661e-03
9.0372034597681534e-04
7.0372034597679281e-04
5.0372034597684671e-04
3.0372034583033014e-04
3.0372034583058666e-04
3.0372034583063545e-04
3.0372034583143331e-04
3.0372034583124721e-04
3.0372034583104739e-04
1.0372034592030426e-04
-9.6279654022855273e-05
-2.9627965402260608e-04
-4.9627965402227717e-04
-7.3793700600525080e-04
-7.7790720095686594e-04
-8.1647844966275347e-04
-8.5351242083085699e-04
-8.8912200907788265e-04
-9.2336199758792572e-04
-7.2336202181928603e-04
-5.2336199672582261e-04
-3.2336199672603866e-04
-1.2336199672554111e-04
7.6638003128617354e-05
7.6638003128537109e-05
7.6638003128632980e-05
7.6638003128212960e-05
7.6638003127582903e-05
7.6638003127380293e-05
2.7663800321709223e-04
4.7663800327365266e-04
6.7663800327428982e-04
8.7663800327478605e-04
1.1080870430701059e-03
1.1384116072579286e-03
1.1674306783281047e-03
1.1953879104394910e-03
1.2222698650488255e-03
1.2481178982825228e-03
1.0481178049646107e-03
8.4811789883352086e-04
6.4811789883172045e-04
4.4811789883304200e-04
2.4811789868677133e-04
2.4811789868628951e-04
2.4811789868600404e-04
2.4811789868560305e-04
2.4811789868559150e-04
2.4811789868557410e-04
4.8117898775442390e-05
-1.5188210116745697e-04
-3.5188210116743324e-04
-5.5188210116773951e-04
-7.8150765086097858e-04
-8.0990931510264161e-04
-8.3735667744572445e-04
-8.6369456931416095e-04
-8.8901946571106748e-04
-9.1337032746966927e-04
-7.1337043137282771e-04
-5.1337032696082796e-04
-3.1337032696345836e-04
-1.1337032696223945e-04
8.6629672891780883e-05
8.6629672891480329e-05
8.6629672892187594e-05
8.6629672892207733e-05
8.6629672892198220e-05
8.6629672892376977e-05
2.8662967298202264e-04
4.8662967303920247e-04
6.8662967303881697e-04
8.8662967303969418e-04
1.1083779011961765e-03
1.1293744047319492e-03
1.1494244323291786e-03
1.1687575839644212e-03
1.1873471533448276e-03
1.2052217392837250e-03
1.0052215467447946e-03
8.0522173962628367e-04
6.0522173962227637e-04
4.0522173962383276e-04
2.0522173947749069e-04
2.0522173947740786e-04
2.0522173947714342e-04
2.0522173947690699e-04
2.0522173947667567e-04
2.0522173947697136e-04
5.2217395664808370e-06
-1.9477826037660696e-04
-3.9477826037683298e-04
-5.9477826037645099e-04
-8.1591202033179724e-04
-8.3614876311074863e-04
-8.5574508979664949e-04
-8.7453388525355323e-04
-8.9260003495228988e-04
-9.0997133259924793e-04
-7.0997152531469387e-04
-5.0997133226615850e-04
-3.0997133227141072e-04
-1.0997133226991305e-04
9.0028667583270524e-05
9.0028667582883274e-05
9.0028667582981909e-05
9.0028667582230123e-05
9.0028667583202327e-05
9.0028667582841938e-05
