2.9999999999999983e+02
2.9999999999999983e+02
2.9999999999999983e+02
2.9999999999999983e+02
3.5150021154008198e+02
4.3817365864328201e+02
4.3695540400182261e+02
4.3566982719305139e+02
4.3449021659948318e+02
4.3335597789386304e+02
4.3226536327561001e+02
3.4406284774579319e+02
3.2381145694541590e+02
3.2381145694541590e+02
3.2381145694541590e+02
3.2381145694541590e+02
3.2381145694541590e+02
3.2381145694541590e+02
3.2381145694541590e+02
3.2381145694541590e+02
3.2381145694541590e+02
3.2381145694541590e+02
3.2381145694541590e+02
3.2381145694541590e+02
3.5958968067571521e+02
4.4640902030951361e+02
4.4521688237803738e+02
4.4418429437564203e+02
4.4313511749102224e+02
4.4212629539405179e+02
4.4115627365427264e+02
3.5306971542807651e+02
3.4441376742342663e+02
3.4441376742342663e+02
3.4441376742342663e+02
3.4441376742342663e+02
3.4441376742342663e+02
3.4441376742342663e+02
3.4441376742342663e+02
3.4441376742342663e+02
3.4441376742342663e+02
3.4441376742342663e+02
3.4441376742342663e+02
3.4441376742342663e+02
3.5086762838917343e+02
4.3796183211244852e+02
4.3714765339101245e+02
4.3625111683844978e+02
4.3544534781266623e+02
4.3467057145259935e+02
4.3392559386688367e+02
3.5942784170594348e+02
3.5942784170594348e+02
3.5942784170594348e+02
3.5942784170594348e+02
3.5942784170594348e+02
3.5942784170594348e+02
3.5942784170594348e+02
3.5942784170594348e+02
3.5942784170594348e+02
3.5942784170594348e+02
3.5942784170594348e+02
3.5942784170594348e+02
3.5942784170594348e+02
3.5942784170594348e+02
4.4524065294363174e+02
4.4438236849711069e+02
4.4367043077183956e+02
4.4292975046157011e+02
4.4221755912402028e+02
4.4153275940609808e+02
3.7305278226821849e+02
3.7305278226821849e+02
3.7305278226821849e+02
3.7305278226821849e+02
3.7305278226821849e+02
3.7305278226821849e+02
3.7305278226821849e+02
3.7305278226821849e+02
3.7305278226821849e+02
3.7305278226821849e+02
3.7305278226821849e+02
3.7305278226821849e+02
3.7305278226821849e+02
3.7305278226821849e+02
4.3783859146285857e+02
4.3729127309593639e+02
4.3665138760147181e+02
4.3609224200229045e+02
4.3555460309789203e+02
4.3503764240310932e+02
3.8334157600172955e+02
3.8334157600172955e+02
3.8334157600172955e+02
3.8334157600172955e+02
3.8334157600172955e+02
3.8334157600172955e+02
3.8334157600172955e+02
3.8334157600172955e+02
3.8334157600172955e+02
3.8334157600172955e+02
3.8334157600172955e+02
3.8334157600172955e+02
3.8334157600172955e+02
3.8334157600172955e+02
4.4436953787392190e+02
4.4374245342602728e+02
4.4325286640743047e+02
4.4272610796018762e+02
4.4221961033394399e+02
4.4173259312536055e+02
3.9303086954937908e+02
3.9303086954937908e+02
3.9303086954937908e+02
3.9303086954937908e+02
3.9303086954937908e+02
3.9303086954937908e+02
3.9303086954937908e+02
3.9303086954937908e+02
3.9303086954937908e+02
3.9303086954937908e+02
3.9303086954937908e+02
3.9303086954937908e+02
3.9303086954937908e+02
3.9303086954937908e+02
4.3783259925749445e+02
4.3747190285507719e+02
4.3701151210718643e+02
4.3662484838539172e+02
4.3625305712371460e+02
4.3589556539057389e+02
4.0014639354438032e+02
4.0014639354438032e+02
4.0014639354438032e+02
4.0014639354438032e+02
4.0014639354438032e+02
4.0014639354438032e+02
4.0014639354438032e+02
4.0014639354438032e+02
4.0014639354438032e+02
4.0014639354438032e+02
4.0014639354438032e+02
4.0014639354438032e+02
4.0014639354438032e+02
4.0014639354438032e+02
4.4368160077338598e+02
4.4321775451800454e+02
4.4288509821413220e+02
4.4250932189677400e+02
4.4214799912166018e+02
4.4180057318223680e+02
4.0705797785799405e+02
4.0705797785799405e+02
4.0705797785799405e+02
4.0705797785799405e+02
4.0705797785799405e+02
4.0705797785799405e+02
4.0705797785799405e+02
4.0705797785799405e+02
4.0705797785799405e+02
4.0705797785799405e+02
