0.0000000000000000e+00
-8.8000000036792486e+01
-1.7600000002013431e+02
-2.6400000002014724e+02
-3.5200037374912199e+02
-4.4000102900338152e+02
-4.4007576192835910e+02
-4.4000000548469103e+02
-4.4000000269153912e+02
-4.4000000315537784e+02
-4.4000000291681226e+02
-3.5200000006014659e+02
-2.6400007083839296e+02
-1.7600000002019186e+02
-8.8000000020114896e+01
-6.2436458421367527e-11
-5.1481674192716348e-11
-1.2797226401999641e-10
-2.7691517285759986e-10
-2.6579035642900848e-10
-1.5287269030192604e-10
8.7999999963335497e+01
1.7599999998006228e+02
2.6399999998013078e+02
3.5199981042641394e+02
4.3999892746402054e+02
4.3992445758243878e+02
4.3999999841786598e+02
4.3999999662584912e+02
4.3999999752491635e+02
4.3999999771118866e+02
3.5199999993969175e+02
2.6399998900615952e+02
1.7599999997957113e+02
8.7999999979579343e+01
-2.1003724939710197e-10
-2.2353652084271064e-10
-2.5456642142587135e-10
-2.4540731253530030e-10
-1.2100965047692636e-10
-1.5679474940155749e-10
-8.8000000037048153e+01
-1.7600000002040207e+02
-2.6400000002042395e+02
-3.5200000503190574e+02
-4.4000107315447724e+02
-4.4007539060271051e+02
-4.4000000298339000e+02
-4.4000000110968790e+02
-4.4000000147041914e+02
-4.4000000135924256e+02
-3.5200002489680321e+02
-2.6400000002018169e+02
-1.7600000002002636e+02
-8.8000000020108175e+01
-1.3024275967939040e-10
-7.9588366828619836e-11
-1.5117025677236985e-11
7.4663828510850206e-11
-6.0976226850763414e-12
1.8772808537726318e-12
8.7999999963337743e+01
1.7599999998002869e+02
2.6399999998005791e+02
3.5199999998022832e+02
4.3999892775763124e+02
4.3992474806768746e+02
4.3999999943780222e+02
4.3999999816446245e+02
4.3999999876510049e+02
4.3999999885821182e+02
3.5199993749904564e+02
2.6399999998006768e+02
1.7599999998026090e+02
8.7999999980237149e+01
3.5353721587318949e-10
3.2119654672493814e-10
3.3614649995849357e-10
3.0273854154455320e-10
2.5525646315011931e-10
1.8244119731687201e-10
-8.8000000036331528e+01
-1.7600000001973856e+02
-2.6400000001970307e+02
-3.5200000001966055e+02
-4.4000059398506846e+02
-4.4007514502108381e+02
-4.4000000174671823e+02
-4.4000000044160697e+02
-4.4000000070700418e+02
-4.4000000065361633e+02
-3.5200019313575399e+02
-2.6400000001970170e+02
-1.7600000001947620e+02
-8.8000000019544885e+01
4.6357653466480040e-10
3.4873954949076744e-10
2.7541843233150787e-10
1.9724451004563621e-10
2.4411990419480318e-10
3.3990482876959349e-10
8.7999999963699082e+01
1.7599999998021431e+02
2.6399999998011998e+02
3.5199999998004205e+02
4.3999945500276624e+02
4.3992494811664125e+02
4.3999999985532833e+02
4.3999999895995620e+02
4.3999999937477469e+02
4.3999999942202737e+02
3.5199975568573285e+02
2.6399999997966182e+02
1.7599999998000519e+02
8.7999999979952236e+01
1.0475993202457618e-11
1.2022197129602864e-11
1.9702154573553314e-11
6.9141689539462334e-11
1.0132122005627974e-12
-9.3603815836212330e-11
-8.8000000036620975e+01
-1.7600000002003952e+02
-2.6400000001997103e+02
-3.5200000001989758e+02
-4.4000028196596992e+02
-4.4007497364226219e+02
-4.4000000107473636e+02
-4.4000000015205205e+02
-4.4000000033778252e+02
-4.4000000031231588e+02
-3.5200040508302783e+02
-2.6400000002015668e+02
-1.7600000001961942e+02
-8.8000000019706732e+01
2.0915485298958758e-10
3.1386923858738753e-10
3.9733110725366100e-10
5.1090526971995694e-10
5.1431800345354639e-10
5.4124531904085244e-10
8.7999999963695956e+01
1.7599999998026252e+02
2.6399999998023083e+02
3.5199999998042358e+02
4.3999972075401269e+02
4.3992508946792896e+02
4.4000000000565251e+02
4.3999999938817035e+02
4.3999999968213922e+02
4.3999999970624157e+02
3.5199955553870285e+02
2.6399999997997946e+02
1.7599999998058050e+02
8.7999999980329278e+01
4.4645829791667646e-10
4.0172016563510446e-10
4.7355466614577572e-10
2.9410824947154030e-10
4.1285156615078077e-10
2.7781143399305725e-10
