0.0000000000000000e+00
1.0000000000000001e-01
2.0000000000000001e-01
3.0000000000000004e-01
4.0000000000000002e-01
5.0000000000000000e-01
5.9999999999999998e-01
6.9999999999999996e-01
7.9999999999999993e-01
8.9999999999999991e-01
9.9999999999999989e-01
1.0999999999999999e+00
1.2000000000000000e+00
1.3000000000000000e+00
1.4000000000000001e+00
1.5000000000000002e+00
1.6000000000000003e+00
1.7000000000000004e+00
1.8000000000000005e+00
1.9000000000000006e+00
2.0000000000000004e+00
2.1000000000000005e+00
2.2000000000000006e+00
2.3000000000000007e+00
2.4000000000000008e+00
2.5000000000000009e+00
2.6000000000000010e+00
2.7000000000000011e+00
2.8000000000000012e+00
2.9000000000000012e+00
3.0000000000000013e+00
3.1000000000000014e+00
3.2000000000000015e+00
3.3000000000000016e+00
3.4000000000000017e+00
3.5000000000000018e+00
3.6000000000000019e+00
3.7000000000000020e+00
3.8000000000000020e+00
3.9000000000000021e+00
4.0000000000000018e+00
4.1000000000000014e+00
4.2000000000000011e+00
4.3000000000000007e+00
4.4000000000000004e+00
4.5000000000000000e+00
4.5999999999999996e+00
4.6999999999999993e+00
4.7999999999999989e+00
4.8999999999999986e+00
4.9999999999999982e+00
5.0999999999999979e+00
5.1999999999999975e+00
5.2999999999999972e+00
5.3999999999999968e+00
5.4999999999999964e+00
5.5999999999999961e+00
5.6999999999999957e+00
5.7999999999999954e+00
5.8999999999999950e+00
5.9999999999999947e+00
6.0999999999999943e+00
6.1999999999999940e+00
6.2999999999999936e+00
6.3999999999999932e+00
6.4999999999999929e+00
6.5999999999999925e+00
6.6999999999999922e+00
6.7999999999999918e+00
6.8999999999999915e+00
6.9999999999999911e+00
7.0999999999999908e+00
7.1999999999999904e+00
7.2999999999999901e+00
7.3999999999999897e+00
7.4999999999999893e+00
7.5999999999999890e+00
7.6999999999999886e+00
7.7999999999999883e+00
7.8999999999999879e+00
7.9999999999999876e+00
8.0999999999999872e+00
8.1999999999999869e+00
8.2999999999999865e+00
8.3999999999999861e+00
8.4999999999999858e+00
8.5999999999999854e+00
8.6999999999999851e+00
8.7999999999999847e+00
8.8999999999999844e+00
8.9999999999999840e+00
9.0999999999999837e+00
9.1999999999999833e+00
9.2999999999999829e+00
9.3999999999999826e+00
9.4999999999999822e+00
9.5999999999999819e+00
9.6999999999999815e+00
9.7999999999999812e+00
9.8999999999999808e+00
9.9999999999999805e+00
1.0099999999999980e+01
1.0199999999999980e+01
1.0299999999999979e+01
1.0399999999999979e+01
1.0499999999999979e+01
1.0599999999999978e+01
1.0699999999999978e+01
1.0799999999999978e+01
1.0899999999999977e+01
1.0999999999999977e+01
1.1099999999999977e+01
1.1199999999999976e+01
1.1299999999999976e+01
1.1399999999999975e+01
1.1499999999999975e+01
1.1599999999999975e+01
1.1699999999999974e+01
1.1799999999999974e+01
1.1899999999999974e+01
1.1999999999999973e+01
1.2099999999999973e+01
1.2199999999999973e+01
1.2299999999999972e+01
1.2399999999999972e+01
1.2499999999999972e+01
1.2599999999999971e+01
1.2699999999999971e+01
1.2799999999999971e+01
1.2899999999999970e+01
1.2999999999999970e+01
1.3099999999999969e+01
1.3199999999999969e+01
1.3299999999999969e+01
1.3399999999999968e+01
1.3499999999999968e+01
1.3599999999999968e+01
1.3699999999999967e+01
1.3799999999999967e+01
1.3899999999999967e+01
1.3999999999999966e+01
1.4099999999999966e+01
1.4199999999999966e+01
1.4299999999999965e+01
1.4399999999999965e+01
1.4499999999999964e+01
1.4599999999999964e+01
1.4699999999999964e+01
1.4799999999999963e+01
1.4899999999999963e+01
1.4999999999999963e+01
1.5099999999999962e+01
1.5199999999999962e+01
1.5299999999999962e+01
1.5399999999999961e+01
1.5499999999999961e+01
1.5599999999999961e+01
1.5699999999999960e+01
1.5799999999999960e+01
1.5899999999999959e+01
1.6000000000000000e+01
