0.0000000000000000e+00
-3.7500000000916873e-04
-7.5000000001068819e-04
-1.1251406777683592e-03
-1.5000000000952958e-03
-1.8749998946308638e-03
-2.2501404668432709e-03
-2.6254218223196357e-03
-3.3302589921404848e-03
-4.4979446499580251e-03
-5.6888217088538629e-03
-5.3138236411652984e-03
-4.9389661443147272e-03
-4.5642491129544074e-03
-4.1888236417658544e-03
-3.8135390619688510e-03
-3.4388236414578770e-03
-3.0638236414414419e-03
-2.6889642137117981e-03
-2.3138236414224030e-03
-1.9388237468092964e-03
-1.5638236413372051e-03
-1.1888236413371883e-03
-8.1396421362425330e-04
-4.3882364142210800e-04
-6.3823746895469479e-05
3.1103557542280563e-04
6.8617635857927037e-04
1.0611764639013527e-03
1.4360359968573250e-03
2.2369055072355166e-03
1.8619111030650081e-03
1.4867760253379284e-03
1.1119111029426062e-03
7.3690560413950063e-04
3.6175942345345743e-04
-1.3088897096395540e-05
-3.8807778160256665e-04
-7.6308889697714738e-04
-1.1380888969930102e-03
-1.5130888969880742e-03
-1.8880888969880687e-03
-2.2630888969876906e-03
-2.6382295747431877e-03
-3.0130888970719737e-03
-3.3880887916091524e-03
-3.7632293638230003e-03
-4.1385107193004644e-03
-4.5130888973583744e-03
-4.8878074368060090e-03
-5.2626664428736180e-03
-4.8880888966998650e-03
-4.5130888971461969e-03
-4.1382294698796987e-03
-3.7630888970719522e-03
-3.3880890019411507e-03
-3.0132296790190915e-03
-2.6380888970721343e-03
-2.2630887929597390e-03
-1.8880888969873221e-03
-1.5130888969877604e-03
-1.1380888969880600e-03
-7.6308889698756960e-04
-3.8822946927476984e-04
-1.3088897072400681e-05
3.6191099745345187e-04
7.3677031977121979e-04
1.1119111029275494e-03
1.4869112082493883e-03
1.8617707412046354e-03
2.2364898071449060e-03
1.8619111030345769e-03
1.4871920371398795e-03
1.1119111029272465e-03
7.3691110292674127e-04
3.6177042517061115e-04
-1.3088897073673490e-05
-3.8808879152531001e-04
-7.6308889698823280e-04
-1.1380888969875430e-03
-1.5130888969883691e-03
-1.8880888969880544e-03
-2.2630888969878793e-03
-2.6382295747441630e-03
-3.0130888970734578e-03
-3.3880887916107271e-03
-3.7632293638245815e-03
-4.1385107193026190e-03
-4.5130888973613200e-03
-4.8878074368083769e-03
-5.2626664428766790e-03
-4.8880888967026232e-03
-4.5130888971488285e-03
-4.1382294698821456e-03
-3.7630888970743891e-03
-3.3880890019442390e-03
-3.0132296790213228e-03
-2.6380888970749003e-03
-2.2630887929626334e-03
-1.8880888969896800e-03
-1.5130888969892924e-03
-1.1380888969889232e-03
-7.6308889698814769e-04
-3.8822946927548785e-04
-1.3088897072219267e-05
3.6191099745317838e-04
7.3677031977102724e-04
1.1119111029276299e-03
1.4869112082490270e-03
1.8617707412040530e-03
2.2364898071440919e-03
1.8619111030341233e-03
1.4871920371404138e-03
1.1119111029273272e-03
7.3691110292671189e-04
3.6177042517114712e-04
-1.3088897073379587e-05
-3.8808879152560800e-04
-7.6308889698784759e-04
-1.1380888969876888e-03
-1.5130888969879985e-03
-1.8880888969875918e-03
-2.2630888969875328e-03
-2.6382295747438308e-03
-3.0130888970726984e-03
-3.3880887916099053e-03
-3.7632293638236460e-03
-4.1385107193020665e-03
-4.5130888973594248e-03
-4.8878074368061903e-03
-5.2626664428741220e-03
-4.8880888967006101e-03
-4.5130888971476602e-03
-4.1382294698804369e-03
-3.7630888970719761e-03
-3.3880890019397725e-03
-3.0132296790179067e-03
-2.6380888970716295e-03
-2.2630887929599433e-03
-1.8880888969868390e-03
-1.5130888969866166e-03
-1.1380888969868162e-03
-7.6308889698643845e-04
-3.8822946927437649e-04
-1.3088897071482338e-05
3.6191099745347649e-04
7.3677031977135488e-04
1.1119111029275141e-03
1.4869112082486970e-03
1.8617707412045094e-03
2.2364898071441752e-03
1.8619111030351732e-03
1.4871920371417858e-03
1.1119111029281165e-03
7.3691110292771250e-04
3.6177042517185630e-04
-1.3088897072386876e-05
-3.8808879152434208e-04
-7.6308889698723848e-04
-1.1380888969874795e-03
-1.5130888969871956e-03
