0.0000000000000000e+00
1.2500000000419521e-04
2.5000000000894473e-04
3.7498437696718899e-04
5.0000000008040184e-04
6.2499999624110252e-04
7.4998436935500695e-04
8.7495312332811067e-04
1.2848207486207525e-03
2.1146716099403910e-03
2.9799973607598693e-03
2.8550225301799373e-03
2.7300320789384754e-03
2.6050260031311749e-03
2.4800225301994279e-03
2.3550034294462750e-03
2.2300225299680238e-03
2.1050225299846900e-03
1.9800069030474978e-03
1.8550225299979834e-03
1.7300225339016593e-03
1.6050225299262309e-03
1.4800225299270184e-03
1.3550069029734906e-03
1.2300225299973413e-03
1.1050225339754177e-03
9.8000691100135146e-04
8.5502252999782133e-04
7.3002252594639135e-04
6.0500689494016467e-04
1.3499231441962633e-04
2.5997758797127642e-04
3.8494724215765673e-04
5.0997758786903947e-04
6.3499230294857217e-04
7.5999139130179306e-04
8.8497758785907273e-04
1.0099481648189836e-03
1.1349775877945029e-03
1.2599775877932724e-03
1.3849775877953065e-03
1.5099775877959246e-03
1.6349775877960370e-03
1.7599619647489600e-03
1.8849775878673472e-03
2.0099775840328907e-03
2.1349619571527862e-03
2.2599307111318876e-03
2.3849775881084607e-03
2.5100088303177523e-03
2.6350244416704941e-03
2.5099775886231585e-03
2.3849775879298397e-03
2.2599619602836343e-03
2.1349775878674784e-03
2.0099775924051714e-03
1.8849619699911359e-03
1.7599775878676229e-03
1.6349775826954218e-03
1.5099775877953714e-03
1.3849775877953982e-03
1.2599775877955384e-03
1.1349775877951185e-03
1.0099619608421038e-03
8.8497758786757667e-04
7.5997759184599442e-04
6.3496196887271965e-04
5.0997758786715448e-04
3.8497758381467065e-04
2.5996195280685730e-04
1.3493069093718077e-04
2.5997758792234085e-04
3.8500885013554990e-04
5.0997758786715448e-04
6.3497758786773540e-04
7.5996196482093232e-04
8.8497758786790898e-04
1.0099775839626161e-03
1.1349775877957430e-03
1.2599775877961221e-03
1.3849775877960626e-03
1.5099775877962273e-03
1.6349775877965204e-03
1.7599619647496454e-03
1.8849775878676501e-03
2.0099775840336244e-03
2.1349619571532771e-03
2.2599307111316738e-03
2.3849775881084772e-03
2.5100088303189891e-03
2.6350244416722640e-03
2.5099775886230852e-03
2.3849775879300288e-03
2.2599619602835107e-03
2.1349775878675343e-03
2.0099775924050660e-03
1.8849619699916351e-03
1.7599775878679514e-03
1.6349775826960829e-03
1.5099775877969982e-03
1.3849775877969972e-03
1.2599775877968945e-03
1.1349775877974536e-03
1.0099619608435117e-03
8.8497758786857110e-04
7.5997759184715961e-04
6.3496196887366334e-04
5.0997758786882578e-04
3.8497758381649455e-04
2.5996195280960174e-04
1.3493069094011804e-04
2.5997758792347747e-04
3.8500885013602033e-04
5.0997758786871464e-04
6.3497758786881201e-04
7.5996196482278424e-04
8.8497758786960912e-04
1.0099775839642858e-03
1.1349775877984906e-03
1.2599775877985375e-03
1.3849775877980742e-03
1.5099775877980167e-03
1.6349775877981584e-03
1.7599619647511913e-03
1.8849775878695596e-03
2.0099775840351324e-03
2.1349619571544927e-03
2.2599307111329510e-03
2.3849775881098034e-03
2.5100088303200096e-03
2.6350244416733322e-03
2.5099775886250849e-03
2.3849775879316568e-03
2.2599619602854211e-03
2.1349775878688826e-03
2.0099775924067058e-03
1.8849619699924291e-03
1.7599775878694999e-03
1.6349775826987819e-03
1.5099775877985997e-03
1.3849775877990006e-03
1.2599775877989391e-03
1.1349775877991964e-03
1.0099619608460006e-03
8.8497758787127435e-04
7.5997759184877431e-04
6.3496196887430996e-04
5.0997758787001601e-04
3.8497758381747114e-04
2.5996195281010204e-04
1.3493069094166904e-04
2.5997758792515268e-04
3.8500885013761720e-04
5.0997758787047084e-04
6.3497758787059671e-04
7.5996196482357517e-04
8.8497758787170629e-04
1.0099775839667563e-03
1.1349775878009602e-03
1.2599775878013892e-03
1.3849775878011365e-03
