0.0000000000000000e+00
-1.7197777709447258e-16
8.2331793114953449e-29
-2.0318491543947779e-17
3.9402238201939449e-16
-1.7197777709458421e-16
2.0318491543740900e-17
-1.3134079400688184e-16
-1.9229626863835559e-16
-1.9229626863836469e-16
-1.1646662586316121e-16
-8.6718289576498304e-17
-8.6718289576591180e-17
-1.8286642389584049e-16
3.6281524367412644e-16
3.6281524367420803e-16
4.4953353325060025e-16
5.0504468448185009e-16
6.5670397003229417e-16
7.5285210435141849e-16
7.9348908743932927e-16
8.7476305361525968e-16
1.0209780157648957e-15
1.0467408307090035e-15
1.0873778137970056e-15
9.0451138990121443e-16
9.8034103267669072e-16
9.8034103267760561e-16
9.4514837299068991e-16
9.2482988144688815e-16
1.4759558724170603e-15
8.8963722175879192e-16
5.0105916313987156e-16
5.0105916313992648e-16
6.1208146560276892e-16
6.0119281880310976e-16
6.5670397002250302e-16
5.0504468448179871e-16
6.3638547848817746e-16
6.7702246157614671e-16
7.3253361280751586e-16
7.3253361280754051e-16
6.2151131034497763e-16
6.2151131034498542e-16
5.2536317602578023e-16
7.4740778095073098e-16
7.8804476403859363e-16
6.3638547848808773e-16
1.2023856376020894e-15
1.0304078605077851e-15
9.3425972618854494e-16
9.3425972618854573e-16
9.8977087741979883e-16
1.0304078605077035e-15
1.0304078605077585e-15
8.7874857495740002e-16
1.6072966664230214e-15
1.4353188893283796e-15
1.3188522634651775e-15
1.2023856376020851e-15
1.6167265111654242e-15
1.7480673051718055e-15
2.3547044473734594e-15
2.2030451618223865e-15
2.6173860353581326e-15
2.6932156781632612e-15
2.6173860353877812e-15
2.1827266702797988e-15
1.9904304016415697e-15
1.8184526245489673e-15
1.8794080991855254e-15
2.0161932165856869e-15
1.9958747250451415e-15
2.0013190484424822e-15
2.0067633718432138e-15
1.6628078176547673e-15
1.6424893260948799e-15
1.7183189688849036e-15
1.8496597628915131e-15
2.4156599220054583e-15
2.7839194890803465e-15
2.8448749637122330e-15
2.8042379806242461e-15
2.8855119468001059e-15
2.3695786155169461e-15
2.3383714771717711e-15
2.2922901706832226e-15
2.2922901706831610e-15
2.1094237467876042e-15
2.6754239059013285e-15
2.7106165655885187e-15
2.5792757715823524e-15
2.7309350571327153e-15
2.6902980740447355e-15
2.5183202969502845e-15
1.8764904950612580e-15
2.1039794233868193e-15
2.0836609318429209e-15
1.9320016462926274e-15
2.0633424402987425e-15
2.2258903726506617e-15
2.3775496582008992e-15
3.0302681068912966e-15
3.0709050899794286e-15
3.0505865984216076e-15
3.0099496153481440e-15
3.1264162412111022e-15
2.7120753676473096e-15
2.7879050104244459e-15
2.6768827079677745e-15
2.6768827079911138e-15
2.6768827079597076e-15
2.8285419935237889e-15
2.6768827079599400e-15
2.7527123507354449e-15
2.7011867208469051e-15
2.6714383845417856e-15
2.7472680273340719e-15
2.9747569556599843e-15
3.5813940978617425e-15
3.4554976272559236e-15
3.4406234591127019e-15
4.0824532610018329e-15
4.0472606013146360e-15
4.0269421097706051e-15
4.1027717525457755e-15
3.9307939754513832e-15
3.2131345307871043e-15
3.2131345307871930e-15
3.2131345307873425e-15
3.2889641735628458e-15
2.7080898463052826e-15
2.6877713547613219e-15
2.7527123507353277e-15
2.8285419935104504e-15
2.8339863169110045e-15
2.7784751656797147e-15
3.4203049675688576e-15
3.4961346103442788e-15
4.2950680211841679e-15
4.3912161555032399e-15
4.4467273067345640e-15
4.4521716301351978e-15
4.3763419873602616e-15
4.7961271842982647e-15
4.6444678987760956e-15
4.5889567475442682e-15
4.5686382559988300e-15
4.6796605584611776e-15
4.5835124241415566e-15
4.7351717096919637e-15
4.6945347266049850e-15
4.6945347266075440e-15
4.6538977435167803e-15
4.8813866718423358e-15
4.9220236549304031e-15
4.9220236549166383e-15
5.1549569066555163e-15
5.5692977802194757e-15
5.9078090110076982e-15
5.7249425871120637e-15
