0.0000000000000000e+00
0.0000000000000000e+00
0.0000000000000000e+00
0.0000000000000000e+00
0.0000000000000000e+00
0.0000000000000000e+00
0.0000000000000000e+00
0.0000000000000000e+00
3.6656123150698947e-04
1.2488292814513274e-03
2.1599275912635480e-03
2.1599275912635480e-03
2.1599275912635480e-03
2.1599275912635480e-03
2.1599275912635480e-03
2.1599275912635480e-03
2.1599275912635480e-03
2.1599275912635480e-03
2.1599275912635480e-03
2.1599275912635480e-03
2.1599275912635480e-03
2.1599275912635480e-03
2.1599275912635480e-03
2.1599275912635480e-03
2.1599275912635480e-03
2.1599275912635480e-03
2.1599275912635480e-03
2.1599275912635480e-03
2.1599275912635480e-03
2.1599275912635480e-03
2.6332954733164211e-03
2.6332954733164211e-03
2.6332954733164211e-03
2.6332954733164211e-03
2.6332954733164211e-03
2.6332954733164211e-03
2.6332954733164211e-03
2.6332954733164211e-03
2.6332954733164211e-03
2.6332954733164211e-03
2.6332954733164211e-03
2.6332954733164211e-03
2.6332954733164211e-03
2.6332954733164211e-03
2.6332954733164211e-03
2.6332954733164211e-03
2.6332954733164211e-03
2.6332954733164211e-03
2.6332954733164211e-03
2.6332954733164211e-03
2.6332954733164211e-03
2.6332954733164211e-03
2.6332954733164211e-03
2.6332954733164211e-03
2.6332954733164211e-03
2.6332954733164211e-03
2.6332954733164211e-03
2.6332954733164211e-03
2.6332954733164211e-03
2.6332954733164211e-03
2.6332954733164211e-03
2.6332954733164211e-03
2.6332954733164211e-03
2.6332954733164211e-03
2.6332954733164211e-03
2.6332954733164211e-03
2.6332954733164211e-03
2.6332954733164211e-03
2.6332954733164211e-03
2.6332954733164211e-03
2.6332954733164211e-03
2.6332954733164211e-03
2.6332954733164211e-03
2.6332954733164211e-03
2.6332954733164211e-03
2.6332954733164211e-03
2.6332954733164211e-03
2.6332954733164211e-03
2.6332954733164211e-03
2.6332954733164211e-03
2.6332954733164211e-03
2.6332954733164211e-03
2.6332954733164211e-03
2.6332954733164211e-03
2.6332954733164211e-03
2.6332954733164211e-03
2.6332954733164211e-03
2.6332954733164211e-03
2.6332954733164211e-03
2.6332954733164211e-03
2.6332954733164211e-03
2.6332954733164211e-03
2.6332954733164211e-03
2.6332954733164211e-03
2.6332954733164211e-03
2.6332954733164211e-03
2.6332954733164211e-03
2.6332954733164211e-03
2.6332954733164211e-03
2.6332954733164211e-03
2.6332954733164211e-03
2.6332954733164211e-03
2.6332954733164211e-03
2.6332954733164211e-03
2.6332954733164211e-03
2.6332954733164211e-03
2.6332954733164211e-03
2.6332954733164211e-03
2.6332954733164211e-03
2.6332954733164211e-03
2.6332954733164211e-03
2.6332954733164211e-03
2.6332954733164211e-03
2.6332954733164211e-03
2.6332954733164211e-03
2.6332954733164211e-03
2.6332954733164211e-03
2.6332954733164211e-03
2.6332954733164211e-03
2.6332954733164211e-03
2.6332954733164211e-03
2.6332954733164211e-03
2.6332954733164211e-03
2.6332954733164211e-03
2.6332954733164211e-03
2.6332954733164211e-03
2.6332954733164211e-03
2.6332954733164211e-03
2.6332954733164211e-03
2.6332954733164211e-03
2.6332954733164211e-03
2.6332954733164211e-03
2.6332954733164211e-03
2.6332954733164211e-03
2.6332954733164211e-03
2.6332954733164211e-03
2.6332954733164211e-03
2.6332954733164211e-03
2.6332954733164211e-03
2.6332954733164211e-03
2.6332954733164211e-03
2.6332954733164211e-03
2.6332954733164211e-03
2.6332954733164211e-03
2.6332954733164211e-03
2.6332954733164211e-03
2.6332954733164211e-03
2.6332954733164211e-03
2.6332954733164211e-03
2.6332954733164211e-03
2.6332954733164211e-03
2.6332954733164211e-03
2.6332954733164211e-03
2.6332954733164211e-03
2.6332954733164211e-03
2.6332954733164211e-03
2.6332954733164211e-03
2.6332954733164211e-03
2.6332954733164211e-03
2.6332954733164211e-03
2.6332954733164211e-03
