2.9999999999999983e+02
2.9999999999999983e+02
2.9999999999999983e+02
2.9999999999999983e+02
2.9999999999999983e+02
2.9999999999999983e+02
2.9999999999999983e+02
2.9999999999999983e+02
3.1466244926027929e+02
3.4995317125805292e+02
3.8639710365054162e+02
3.8639710365054162e+02
3.8639710365054162e+02
3.8639710365054162e+02
3.8639710365054162e+02
3.8639710365054162e+02
3.8639710365054162e+02
3.8639710365054162e+02
3.8639710365054162e+02
3.8639710365054162e+02
3.8639710365054162e+02
3.8639710365054162e+02
3.8639710365054162e+02
3.8639710365054162e+02
3.8639710365054162e+02
3.8639710365054162e+02
3.8639710365054162e+02
3.8639710365054162e+02
3.8639710365054162e+02
3.8639710365054162e+02
4.0533181893265657e+02
4.0533181893265657e+02
4.0533181893265657e+02
4.0533181893265657e+02
4.0533181893265657e+02
4.0533181893265657e+02
4.0533181893265657e+02
4.0533181893265657e+02
4.0533181893265657e+02
4.0533181893265657e+02
4.0533181893265657e+02
4.0533181893265657e+02
4.0533181893265657e+02
4.0533181893265657e+02
4.0533181893265657e+02
4.0533181893265657e+02
4.0533181893265657e+02
4.0533181893265657e+02
4.0533181893265657e+02
4.0533181893265657e+02
4.0533181893265657e+02
4.0533181893265657e+02
4.0533181893265657e+02
4.0533181893265657e+02
4.0533181893265657e+02
4.0533181893265657e+02
4.0533181893265657e+02
4.0533181893265657e+02
4.0533181893265657e+02
4.0533181893265657e+02
4.0533181893265657e+02
4.0533181893265657e+02
4.0533181893265657e+02
4.0533181893265657e+02
4.0533181893265657e+02
4.0533181893265657e+02
4.0533181893265657e+02
4.0533181893265657e+02
4.0533181893265657e+02
4.0533181893265657e+02
4.0533181893265657e+02
4.0533181893265657e+02
4.0533181893265657e+02
4.0533181893265657e+02
4.0533181893265657e+02
4.0533181893265657e+02
4.0533181893265657e+02
4.0533181893265657e+02
4.0533181893265657e+02
4.0533181893265657e+02
4.0533181893265657e+02
4.0533181893265657e+02
4.0533181893265657e+02
4.0533181893265657e+02
4.0533181893265657e+02
4.0533181893265657e+02
4.0533181893265657e+02
4.0533181893265657e+02
4.0533181893265657e+02
4.0533181893265657e+02
4.0533181893265657e+02
4.0533181893265657e+02
4.0533181893265657e+02
4.0533181893265657e+02
4.0533181893265657e+02
4.0533181893265657e+02
4.0533181893265657e+02
4.0533181893265657e+02
4.0533181893265657e+02
4.0533181893265657e+02
4.0533181893265657e+02
4.0533181893265657e+02
4.0533181893265657e+02
4.0533181893265657e+02
4.0533181893265657e+02
4.0533181893265657e+02
4.0533181893265657e+02
4.0533181893265657e+02
4.0533181893265657e+02
4.0533181893265657e+02
4.0533181893265657e+02
4.0533181893265657e+02
4.0533181893265657e+02
4.0533181893265657e+02
4.0533181893265657e+02
4.0533181893265657e+02
4.0533181893265657e+02
4.0533181893265657e+02
4.0533181893265657e+02
4.0533181893265657e+02
4.0533181893265657e+02
4.0533181893265657e+02
4.0533181893265657e+02
4.0533181893265657e+02
4.0533181893265657e+02
4.0533181893265657e+02
4.0533181893265657e+02
4.0533181893265657e+02
4.0533181893265657e+02
4.0533181893265657e+02
4.0533181893265657e+02
4.0533181893265657e+02
4.0533181893265657e+02
4.0533181893265657e+02
4.0533181893265657e+02
4.0533181893265657e+02
4.0533181893265657e+02
4.0533181893265657e+02
4.0533181893265657e+02
4.0533181893265657e+02
4.0533181893265657e+02
4.0533181893265657e+02
4.0533181893265657e+02
4.0533181893265657e+02
4.0533181893265657e+02
4.0533181893265657e+02
4.0533181893265657e+02
4.0533181893265657e+02
4.0533181893265657e+02
4.0533181893265657e+02
4.0533181893265657e+02
4.0533181893265657e+02
4.0533181893265657e+02
4.0533181893265657e+02
4.0533181893265657e+02
4.0533181893265657e+02
4.0533181893265657e+02
4.0533181893265657e+02
4.0533181893265657e+02
4.0533181893265657e+02
4.0533181893265657e+02
