0.0000000000000000e+00
1.4278383044435093e-10
7.0667833522432612e-10
-8.2520621361052322e-03
6.4628251978661356e-09
4.1400792035381662e-06
-8.2437862300721483e-03
-2.4747902752844449e-02
-5.0415166249577318e-04
-3.1429593693642821e-04
-3.2373002611307141e-03
4.1469883557960983e-08
-5.0096609608730998e-03
-1.8262287663872015e-02
1.7649288406625006e-08
1.0000229311908089e-02
6.6037518274759485e-10
3.5554424496989967e-09
-8.2479320223483674e-03
6.1512310502944258e-09
-4.1155671078763372e-06
4.4714265984714202e-10
5.3303778453861448e-10
-8.2479379621209336e-03
6.0989665274615400e-09
-4.1096387502728392e-06
-8.2561602302851731e-03
6.1634173486367536e-09
4.1055696640041473e-06
-8.2397372037246331e-03
1.6977005935268736e-03
2.5895866352572689e-08
-9.9490415064831181e-03
7.0303827156349100e-09
1.7004501922372179e-03
-4.8518373595191301e-03
4.0256668396179168e-09
-3.3947555635209978e-03
7.3219493109051084e-10
-1.3272385759216868e-10
3.7683697728404309e-10
4.4809476586018396e-10
4.7672594225895702e-10
-8.2520629742811429e-03
6.1776776456295579e-09
4.1404099024632778e-06
-8.2437851973868204e-03
-2.4747900980481775e-02
2.5396712911301512e-08
1.6508261319338951e-02
2.4772692905864955e-02
1.2228555211872067e-07
1.1124832260889991e-08
-8.2480384301786055e-03
6.1728043044616622e-09
-4.0091119743060151e-06
-8.2559591505209223e-03
6.2198325652220341e-09
3.9044293075531946e-06
4.0999608807010190e-10
4.3287418292310148e-10
4.3501739191333800e-10
4.4731440753094164e-10
-8.2479380151082773e-03
6.2776675696885851e-09
-4.1094289887972407e-06
-8.2561598951946414e-03
6.2074545926044097e-09
4.1054167093338386e-06
-8.2397376143396560e-03
-2.4727403001691323e-02
1.8153472470906182e-08
1.6487730941331401e-02
6.1593502185893803e-09
6.2116367866844118e-09
-8.2520572569141915e-03
6.1620583821707270e-09
4.1348092021910304e-06
4.0379641575057464e-10
5.0165465734933726e-10
4.9155776731285177e-10
5.1905330174219188e-10
5.6575798341377771e-10
-8.2520628893315122e-03
6.1714096978073793e-09
4.1404458458738351e-06
-8.2437851976587904e-03
-2.4747901092925621e-02
2.5247775365369425e-08
1.6508261389717692e-02
2.4772693021997791e-02
1.2216962485573793e-07
1.1078023445329662e-08
-8.2480385040604679e-03
6.1056183974805280e-09
-4.0092572423790688e-06
-8.2559592310205432e-03
6.0839562591440890e-09
3.9042908068916071e-06
4.3895037033367247e-10
4.8397306440719981e-10
4.5406840806292929e-10
6.0008160837947925e-10
-8.2479379782267482e-03
6.2720017825010508e-09
-4.1094432511002585e-06
-8.2561599307368738e-03
6.2810180151551524e-09
4.1054915789257448e-06
-8.2397374269155017e-03
-2.4727402805091381e-02
1.8136507477209879e-08
1.6487730874056344e-02
6.2131066783700799e-09
6.1929506055074268e-09
-8.2520571341343722e-03
6.2481336261961122e-09
4.1348652704854138e-06
6.3671575140681310e-10
6.6901236571034615e-10
6.0999166289882182e-10
6.0884403315589184e-10
6.6051409153797314e-10
-8.2520628125043044e-03
6.3370175328472178e-09
4.1405655333233786e-06
-8.2437851172079656e-03
-2.4747901052475194e-02
2.5364596753991923e-08
1.6508261453931996e-02
2.4772693113139822e-02
1.2237381614288220e-07
1.1160439005455825e-08
-8.2480383539117984e-03
6.2446986477521348e-09
-4.0089767005326929e-06
-8.2559591202260724e-03
6.3484232753477026e-09
3.9047315720911609e-06
7.4098285138717490e-10
8.1276185567049387e-10
7.5446437731545684e-10
7.9407403515477864e-10
-8.2479377088190541e-03
6.5445247588726915e-09
-4.1093073661801212e-06
-8.2561599264300393e-03
6.3570155135905893e-09
4.1055407803228111e-06
-8.2397373562208189e-03
-2.4727402654736618e-02
1.8335135713845343e-08
1.6487731083472405e-02
6.4245600739879797e-09
6.4300956136469227e-09
-8.2520570356145947e-03
6.5461269260665293e-09
4.1352314957966991e-06
9.8225448890623018e-10
1.0359419426061508e-09
1.0283220375588506e-09
