0.0000000000000000e+00
-1.1000000000241538e+01
-2.2000000000076120e+01
-3.3006877235250897e+01
-4.4000000000591790e+01
-5.4999995529163755e+01
-6.6006868289473942e+01
-7.7020622755640943e+01
-9.7995849458295524e+01
-1.2831969192930126e+02
-1.5593726692367878e+02
-1.4493624449089955e+02
-1.3394209448408867e+02
-1.2295481243977434e+02
-1.1193624451640798e+02
-1.0092456343847753e+02
-8.9936244513025770e+01
-7.8936244511569654e+01
-6.7943117276676389e+01
-5.6936244510116794e+01
-4.5936248975369175e+01
-3.4936244509503908e+01
-2.3936244509456056e+01
-1.2943117276038418e+01
-1.9362445100801136e+00
9.0637510241024302e+00
2.0056873795244666e+01
3.1063755489963775e+01
4.2063759945875347e+01
5.3056891631659475e+01
8.1815913736116286e+01
7.0815511988820418e+01
5.9808233352982242e+01
4.8815511978907892e+01
3.7815917495084321e+01
2.6809445432445731e+01
1.5815511976788017e+01
4.8147064447272836e+00
-6.1844880208117550e+00
-1.7184488021556646e+01
-2.8184488021234621e+01
-3.9184488021212118e+01
-5.0184488021205581e+01
-6.1191365256516995e+01
-7.2184488021789818e+01
-8.3184483550109917e+01
-9.4191356310250015e+01
-1.0520511077620053e+02
-1.1618448802370457e+02
-1.2717072910221316e+02
-1.3816383846968137e+02
-1.2718448797212010e+02
-1.1618448802225943e+02
-1.0519136083895464e+02
-9.4184488021726580e+01
-8.3184492436335660e+01
-7.2191369613881832e+01
-6.1184488021667512e+01
-5.0184483668314272e+01
-3.9184488021146208e+01
-2.8184488021101789e+01
-1.7184488021095994e+01
-6.1844880210079252e+00
4.8086392123976456e+00
1.5815511978481798e+01
2.6815507512674856e+01
3.7808630283826865e+01
4.8815511978392564e+01
5.9815516434217002e+01
7.0808648119877759e+01
8.1794911499005366e+01
7.0815511985494069e+01
5.9829248623513536e+01
4.8815511978344418e+01
3.7815511978352937e+01
2.6808634742973190e+01
1.5815511978278167e+01
4.8155164505872534e+00
-6.1844880211125881e+00
-1.7184488020992241e+01
-2.8184488020984393e+01
-3.9184488020960281e+01
-5.0184488020945416e+01
-6.1191365256271609e+01
-7.2184488021638288e+01
-8.3184483549976591e+01
-9.4191356310139128e+01
-1.0520511077612599e+02
-1.1618448802375295e+02
-1.2717072910208508e+02
-1.3816383846954321e+02
-1.2718448797206557e+02
-1.1618448802217577e+02
-1.0519136083888441e+02
-9.4184488021673928e+01
-8.3184492436385597e+01
-7.2191369613943422e+01
-6.1184488021745473e+01
-5.0184483668400993e+01
-3.9184488021127692e+01
-2.8184488021090907e+01
-1.7184488021073879e+01
-6.1844880209281516e+00
4.8086392124548603e+00
1.5815511978497799e+01
2.6815507512669896e+01
3.7808630283848657e+01
4.8815511978461124e+01
5.9815516434302090e+01
7.0808648120000996e+01
8.1794911499117688e+01
7.0815511985539331e+01
5.9829248623575559e+01
4.8815511978417668e+01
3.7815511978402604e+01
2.6808634743118127e+01
1.5815511978402007e+01
4.8155164506837096e+00
-6.1844880209258708e+00
-1.7184488020838202e+01
-2.8184488020880586e+01
-3.9184488020872244e+01
-5.0184488020779028e+01
-6.1191365256125344e+01
-7.2184488021391772e+01
-8.3184483549731098e+01
-9.4191356309918177e+01
-1.0520511077601373e+02
-1.1618448802355239e+02
-1.2717072910196019e+02
-1.3816383846939206e+02
-1.2718448797194452e+02
-1.1618448802213337e+02
-1.0519136083879120e+02
-9.4184488021534975e+01
-8.3184492436063621e+01
-7.2191369613741784e+01
-6.1184488021419043e+01
-5.0184483668006038e+01
-3.9184488020698794e+01
-2.8184488020656108e+01
-1.7184488020676405e+01
-6.1844880206530393e+00
4.8086392127239810e+00
1.5815511978808654e+01
2.6815507512910330e+01
3.7808630284025945e+01
4.8815511978695490e+01
5.9815516434525335e+01
7.0808648120256265e+01
8.1794911499406297e+01
7.0815511985861576e+01
5.9829248623908839e+01
4.8815511978748674e+01
3.7815511978770012e+01
2.6808634743451076e+01
1.5815511978813882e+01
4.8155164511447728e+00
-6.1844880204690611e+00
-1.7184488020417451e+01
-2.8184488020432024e+01
