0.0000000000000000e+00
-4.4000000001033264e+01
-8.8000000001020027e+01
-1.3201925687886751e+02
-1.7600000000901224e+02
-2.1999998625666746e+02
-2.6401922937168342e+02
-3.0805774311976194e+02
-3.5200005996439631e+02
-3.9600006257863282e+02
-4.4000085235672822e+02
-3.9599999996735522e+02
-3.5201839023768076e+02
-3.0805600943364504e+02
-2.6400000004573275e+02
-2.1996327594567367e+02
-1.7600000001525987e+02
-1.3200000001235469e+02
-8.8019243137270706e+01
-4.4000000009257192e+01
-1.3748566221794909e-05
4.3999999998844856e+01
8.7999999998888455e+01
1.3198075687104284e+02
1.7599999999078807e+02
2.1999998624333642e+02
2.6398072937846365e+02
3.0799999999094632e+02
3.5200001371520176e+02
3.9598078430112042e+02
4.3999990932770038e+02
3.9600000001347274e+02
3.5198083453769311e+02
3.0799999999285882e+02
2.6399992161435404e+02
2.1998058565135619e+02
1.7599999998731559e+02
1.3200017261872858e+02
8.8000000000218947e+01
4.3999999998077449e+01
-1.1683897175774164e-09
-4.4000000001149701e+01
-8.8000000001103345e+01
-1.3201925687889798e+02
-1.7600000000909654e+02
-2.1999998625670682e+02
-2.6401922937167791e+02
-3.0805774311963006e+02
-3.5200000003627241e+02
-3.9596147258615360e+02
-4.3994217448757115e+02
-3.9599999992670553e+02
-3.5200000001612648e+02
-3.0801924323337045e+02
-2.6400000000906107e+02
-2.2000001365214604e+02
-1.7601927041261018e+02
-1.3200000000904774e+02
-8.7999986493792846e+01
-4.4000000001059057e+01
-1.0865819725407401e-09
4.3999999998876703e+01
8.7999999998949718e+01
1.3198075687109227e+02
1.7599999999094487e+02
2.1999998624339048e+02
2.6398072937853135e+02
3.0799999999088277e+02
3.5200001371504715e+02
3.9598078430079670e+02
4.3994232548266746e+02
3.9600000000740715e+02
3.5203845884670579e+02
3.0799999999080904e+02
2.6399999999078847e+02
2.1998074311288931e+02
1.7599999999069917e+02
1.3200001375125504e+02
8.7999999998803276e+01
4.3999999998937781e+01
-1.1493731724559350e-09
-4.4000000001107232e+01
-8.8000000001076572e+01
-1.3201925687896210e+02
-1.7600000000926246e+02
-2.1999998625687650e+02
-2.6401922937186271e+02
-3.0805774311991496e+02
-3.5200000003668276e+02
-3.9596147258640258e+02
-4.3994217448788282e+02
-3.9599999992706199e+02
-3.5200000001644503e+02
-3.0801924323367911e+02
-2.6400000000937155e+02
-2.2000001365257282e+02
-1.7601927041293052e+02
-1.3200000000944465e+02
-8.7999986494206837e+01
-4.4000000001319592e+01
-1.2532733384811764e-09
4.3999999998778023e+01
8.7999999998930136e+01
1.3198075687102261e+02
1.7599999999095311e+02
2.1999998624337474e+02
2.6398072937852589e+02
3.0799999999094621e+02
3.5200001371506619e+02
3.9598078430082916e+02
4.3994232548267394e+02
3.9600000000741858e+02
3.5203845884679288e+02
3.0799999999088880e+02
2.6399999999081535e+02
2.1998074311302739e+02
1.7599999999079603e+02
1.3200001375127235e+02
8.7999999998962537e+01
4.3999999999014015e+01
-1.0411237411313301e-09
-4.4000000001000089e+01
-8.8000000000961350e+01
-1.3201925687885793e+02
-1.7600000000906439e+02
-2.1999998625668337e+02
-2.6401922937167348e+02
-3.0805774311980440e+02
-3.5200000003637638e+02
-3.9596147258609642e+02
-4.3994217448751647e+02
-3.9599999992673145e+02
-3.5200000001626483e+02
-3.0801924323341029e+02
-2.6400000000901713e+02
-2.2000001365191289e+02
-1.7601927041245750e+02
-1.3200000000891777e+02
-8.7999986493682201e+01
-4.4000000000814069e+01
-7.5747006748438956e-10
4.3999999999195211e+01
8.7999999999246711e+01
1.3198075687129108e+02
1.7599999999119166e+02
2.1999998624351701e+02
2.6398072937862281e+02
3.0799999999102658e+02
3.5200001371511325e+02
3.9598078430097644e+02
4.3994232548280866e+02
3.9600000000765789e+02
3.5203845884709818e+02
3.0799999999113430e+02
2.6399999999111395e+02
2.1998074311328605e+02
1.7599999999115556e+02
1.3200001375169117e+02
8.7999999999302787e+01
4.3999999999306638e+01
-6.6357390367790806e-10
