0.0000000000000000e+00
3.9661064031138878e+01
7.9322128061666845e+01
1.1899425611921455e+02
1.5864425613348106e+02
1.9830531092013356e+02
2.3797742969394614e+02
2.7766062186855817e+02
3.1466244926027929e+02
3.4995317125805269e+02
3.8639710365054174e+02
3.4702703374526749e+02
3.0774163966351421e+02
2.6857317639577997e+02
2.2950937738961369e+02
1.9071738705390027e+02
1.5243276894089701e+02
1.1504497566212736e+02
7.9887835680608774e+01
5.1696626402301263e+01
4.5936240043303272e+01
6.8510845409321519e+01
1.0209472717918490e+02
1.3890885056947172e+02
1.7697606638258998e+02
2.1561104185650780e+02
2.5455023202549017e+02
2.9370277527944080e+02
3.3296685099356239e+02
3.7230364723542220e+02
4.0533181893265669e+02
3.6577027488342151e+02
3.2622120988120895e+02
2.8672596065529268e+02
2.4726926568822259e+02
2.0787939852069167e+02
1.6864934125616020e+02
1.2966167264194445e+02
9.1249563494249003e+01
5.4657333463249479e+01
2.8184488020838820e+01
4.1800796985758303e+01
7.6460760474174791e+01
1.1442654622996236e+02
1.5323880195045726e+02
1.9240339985032026e+02
2.3174745485530164e+02
2.7119773720165335e+02
3.1065398034822965e+02
3.5015969103171989e+02
3.8970320178058546e+02
3.5018114849177897e+02
3.1065398031869319e+02
2.7117652023726953e+02
2.3173694774964304e+02
1.9240341759359137e+02
1.5324900014371778e+02
1.1441673460927851e+02
7.6460752536742120e+01
4.1800796985640382e+01
2.8184488020774939e+01
5.4657333463549016e+01
9.1249563493217607e+01
1.2964769049642811e+02
1.6864934125777171e+02
2.0789337440290640e+02
2.4725909467076224e+02
2.8672596065403917e+02
3.2623126975474622e+02
3.6575897590706927e+02
4.0529929131330891e+02
3.6577027488353866e+02
3.2625393258402431e+02
2.8672596065401365e+02
2.4727053560323284e+02
2.0788189779981525e+02
1.6864934125767982e+02
1.2965933836640684e+02
9.1249563493148457e+01
5.4657333463517055e+01
2.8184488020655472e+01
4.1800796985700565e+01
7.6460760474212194e+01
1.1442654623010134e+02
1.5323880195061949e+02
1.9240339985052455e+02
2.3174745485549244e+02
2.7119773720184958e+02
3.1065398034849625e+02
3.5015969103203440e+02
3.8970320178099746e+02
3.5018114849204198e+02
3.1065398031897541e+02
2.7117652023751646e+02
2.3173694774989028e+02
1.9240341759386578e+02
1.5324900014393876e+02
1.1441673460951225e+02
7.6460752536964634e+01
4.1800796985813669e+01
2.8184488020706269e+01
5.4657333463433545e+01
9.1249563493085702e+01
1.2964769049631212e+02
1.6864934125777631e+02
2.0789337440290120e+02
2.4725909467077005e+02
2.8672596065403104e+02
3.2623126975468762e+02
3.6575897590693864e+02
4.0529929131315032e+02
3.6577027488354526e+02
3.2625393258413044e+02
2.8672596065403258e+02
2.4727053560325206e+02
2.0788189779982139e+02
1.6864934125767434e+02
1.2965933836634903e+02
9.1249563493100311e+01
5.4657333463438924e+01
2.8184488020665025e+01
4.1800796985691193e+01
7.6460760474189527e+01
1.1442654623007996e+02
1.5323880195059795e+02
1.9240339985047399e+02
2.3174745485541342e+02
2.7119773720179637e+02
3.1065398034833316e+02
3.5015969103181715e+02
3.8970320178074826e+02
3.5018114849190528e+02
3.1065398031887520e+02
2.7117652023739447e+02
2.3173694774968862e+02
1.9240341759351975e+02
1.5324900014361731e+02
1.1441673460928226e+02
7.6460752536899207e+01
4.1800796985642755e+01
2.8184488020683741e+01
5.4657333463476348e+01
9.1249563493163436e+01
1.2964769049631130e+02
1.6864934125772604e+02
2.0789337440286593e+02
2.4725909467079609e+02
2.8672596065397732e+02
3.2623126975462367e+02
3.6575897590695035e+02
4.0529929131308762e+02
3.6577027488354224e+02
3.2625393258418103e+02
2.8672596065402223e+02
2.4727053560326334e+02
2.0788189779988693e+02
1.6864934125768693e+02
1.2965933836635685e+02
9.1249563493033861e+01
5.4657333463328868e+01
2.8184488020614392e+01
