0.0000000000000000e+00
0.0000000000000000e+00
0.0000000000000000e+00
0.0000000000000000e+00
0.0000000000000000e+00
0.0000000000000000e+00
0.0000000000000000e+00
-1.3009561326761747e+00
-8.4870151981020321e+00
-1.5816757072179602e+01
-2.3150002241665653e+01
-2.3328861932580082e+01
-2.3333226888963679e+01
-2.3336583206353119e+01
-2.3339933694552737e+01
-2.3343284150150495e+01
-2.3346634606651193e+01
-2.3349985064249115e+01
-2.3349985064249115e+01
-2.3349985064249115e+01
-2.3349985064249115e+01
-2.3350004403463913e+01
-2.3350004403463913e+01
-2.3350004403463913e+01
-2.3350004403463913e+01
-2.3350004487419721e+01
-2.3350004487419721e+01
-2.3350004487419721e+01
-2.3350004487419710e+01
-2.3350004487419703e+01
-2.3350004487419703e+01
-2.3350004487419703e+01
-2.3350004487419703e+01
-2.3350004487419696e+01
-2.3350004487419696e+01
-2.3350004487419696e+01
-2.3350004487419696e+01
-2.3350004487419696e+01
-2.3350004487419696e+01
-2.3350004487419696e+01
-2.3350004487419696e+01
-2.3350004487419696e+01
-2.3350004487419696e+01
-2.3350004487419696e+01
-2.3350004487419696e+01
-2.3350004487419696e+01
-2.3350004487419696e+01
-2.3350004487419696e+01
-2.3350004487419696e+01
-2.3350004487419696e+01
-2.3350004487419696e+01
-2.3350004487419696e+01
-2.3350004487419696e+01
-2.3350004487419685e+01
-2.3350004487419685e+01
-2.3350004487419685e+01
-2.3350004487419675e+01
-2.3350004487419675e+01
-2.3350004487419675e+01
-2.3350004487419675e+01
-2.3350004487419671e+01
-2.3350004487419678e+01
-2.3350004487419678e+01
-2.3350004487419678e+01
-2.3350004487419678e+01
-2.3350004487419667e+01
-2.3350004487419667e+01
-2.3350004487419667e+01
-2.3350004487419667e+01
-2.3350004487419667e+01
-2.3350004487419667e+01
-2.3350004487419667e+01
-2.3350004487419667e+01
-2.3350004487419667e+01
-2.3350004487419667e+01
-2.3350004487419667e+01
-2.3350004487419667e+01
-2.3350004487419667e+01
-2.3350004487419667e+01
-2.3350004487419667e+01
-2.3350004487419667e+01
-2.3350004487419667e+01
-2.3350004487419667e+01
-2.3350004487419667e+01
-2.3350004487419671e+01
-2.3350004487419671e+01
-2.3350004487419671e+01
-2.3350004487419671e+01
-2.3350004487419675e+01
-2.3350004487419689e+01
-2.3350004487419689e+01
-2.3350004487419689e+01
-2.3350004487419689e+01
-2.3350004487419682e+01
-2.3350004487419682e+01
-2.3350004487419682e+01
-2.3350004487419675e+01
-2.3350004487419682e+01
-2.3350004487419682e+01
-2.3350004487419682e+01
-2.3350004487419682e+01
-2.3350004487419682e+01
-2.3350004487419682e+01
-2.3350004487419682e+01
-2.3350004487419682e+01
-2.3350004487419682e+01
-2.3350004487419682e+01
-2.3350004487419682e+01
-2.3350004487419682e+01
-2.3350004487419682e+01
-2.3350004487419682e+01
-2.3350004487419682e+01
-2.3350004487419682e+01
-2.3350004487419682e+01
-2.3350004487419682e+01
-2.3350004487419682e+01
-2.3350004487419682e+01
-2.3350004487419675e+01
-2.3350004487419675e+01
-2.3350004487419675e+01
-2.3350004487419660e+01
-2.3350004487419660e+01
-2.3350004487419660e+01
-2.3350004487419660e+01
-2.3350004487419660e+01
-2.3350004487419667e+01
-2.3350004487419667e+01
-2.3350004487419667e+01
-2.3350004487419682e+01
-2.3350004487419682e+01
-2.3350004487419682e+01
-2.3350004487419682e+01
-2.3350004487419682e+01
-2.3350004487419678e+01
-2.3350004487419678e+01
-2.3350004487419678e+01
-2.3350004487419678e+01
-2.3350004487419678e+01
-2.3350004487419678e+01
-2.3350004487419678e+01
-2.3350004487419678e+01
-2.3350004487419678e+01
-2.3350004487419678e+01
-2.3350004487419678e+01
-2.3350004487419678e+01
-2.3350004487419678e+01
-2.3350004487419678e+01
-2.3350004487419678e+01
-2.3350004487419678e+01
-2.3350004487419678e+01
-2.3350004487419678e+01
-2.3350004487419678e+01
-2.3350004487419664e+01
-2.3350004487419657e+01
-2.3350004487419657e+01
-2.3350004487419657e+01
-2.3350004487419650e+01
-2.3350004487419639e+01
-2.3350004487419639e+01
-2.3350004487419639e+01
-2.3350004487419639e+01
