0.0000000000000000e+00
0.0000000000000000e+00
0.0000000000000000e+00
0.0000000000000000e+00
0.0000000000000000e+00
0.0000000000000000e+00
0.0000000000000000e+00
6.5047806633796634e-01
4.2435075990497442e+00
7.9083785360884580e+00
1.1575001120830628e+01
1.1664430966287814e+01
1.1666613444479594e+01
1.1668291603174307e+01
1.1669966847274123e+01
1.1671642075072992e+01
1.1673317303323337e+01
1.1674992532122282e+01
1.1674992532122271e+01
1.1674992532122271e+01
1.1674992532122261e+01
1.1675002201729667e+01
1.1675002201729660e+01
1.1675002201729644e+01
1.1675002201729662e+01
1.1675002243707574e+01
1.1675002243707599e+01
1.1675002243707596e+01
1.1675002243707597e+01
1.1675002243707580e+01
1.1675002243707601e+01
1.1675002243707606e+01
1.1675002243707606e+01
1.1675002243707613e+01
1.1675002243707599e+01
1.1675002243707603e+01
1.1675002243707585e+01
1.1675002243707606e+01
1.1675002243707588e+01
1.1675002243707585e+01
1.1675002243707599e+01
1.1675002243707599e+01
1.1675002243707596e+01
1.1675002243707594e+01
1.1675002243707581e+01
1.1675002243707597e+01
1.1675002243707569e+01
1.1675002243707555e+01
1.1675002243707562e+01
1.1675002243707558e+01
1.1675002243707549e+01
1.1675002243707553e+01
1.1675002243707546e+01
1.1675002243707571e+01
1.1675002243707578e+01
1.1675002243707585e+01
1.1675002243707580e+01
1.1675002243707578e+01
1.1675002243707596e+01
1.1675002243707592e+01
1.1675002243707613e+01
1.1675002243707628e+01
1.1675002243707622e+01
1.1675002243707642e+01
1.1675002243707649e+01
1.1675002243707624e+01
1.1675002243707642e+01
1.1675002243707663e+01
1.1675002243707674e+01
1.1675002243707674e+01
1.1675002243707691e+01
1.1675002243707699e+01
1.1675002243707693e+01
1.1675002243707709e+01
1.1675002243707709e+01
1.1675002243707718e+01
1.1675002243707716e+01
1.1675002243707720e+01
1.1675002243707723e+01
1.1675002243707713e+01
1.1675002243707702e+01
1.1675002243707706e+01
1.1675002243707700e+01
1.1675002243707681e+01
1.1675002243707688e+01
1.1675002243707691e+01
1.1675002243707677e+01
1.1675002243707683e+01
1.1675002243707695e+01
1.1675002243707713e+01
1.1675002243707727e+01
1.1675002243707707e+01
1.1675002243707727e+01
1.1675002243707731e+01
1.1675002243707727e+01
1.1675002243707731e+01
1.1675002243707739e+01
1.1675002243707727e+01
1.1675002243707693e+01
1.1675002243707700e+01
1.1675002243707691e+01
1.1675002243707702e+01
1.1675002243707670e+01
1.1675002243707656e+01
1.1675002243707654e+01
1.1675002243707645e+01
1.1675002243707644e+01
1.1675002243707640e+01
1.1675002243707628e+01
1.1675002243707642e+01
1.1675002243707649e+01
1.1675002243707642e+01
1.1675002243707665e+01
1.1675002243707686e+01
1.1675002243707684e+01
1.1675002243707679e+01
1.1675002243707690e+01
1.1675002243707691e+01
1.1675002243707684e+01
1.1675002243707670e+01
1.1675002243707658e+01
1.1675002243707667e+01
1.1675002243707674e+01
1.1675002243707688e+01
1.1675002243707691e+01
1.1675002243707711e+01
1.1675002243707720e+01
1.1675002243707704e+01
1.1675002243707722e+01
1.1675002243707722e+01
1.1675002243707715e+01
1.1675002243707699e+01
1.1675002243707706e+01
1.1675002243707729e+01
1.1675002243707713e+01
1.1675002243707702e+01
1.1675002243707688e+01
1.1675002243707695e+01
1.1675002243707707e+01
1.1675002243707702e+01
1.1675002243707709e+01
1.1675002243707715e+01
1.1675002243707709e+01
1.1675002243707700e+01
1.1675002243707707e+01
1.1675002243707729e+01
1.1675002243707711e+01
1.1675002243707697e+01
1.1675002243707718e+01
1.1675002243707716e+01
1.1675002243707700e+01
1.1675002243707702e+01
1.1675002243707706e+01
1.1675002243707732e+01
1.1675002243707725e+01
1.1675002243707732e+01
1.1675002243707747e+01
1.1675002243707741e+01
1.1675002243707739e+01
1.1675002243707745e+01
1.1675002243707764e+01
