0.0000000000000000e+00
0.0000000000000000e+00
0.0000000000000000e+00
0.0000000000000000e+00
0.0000000000000000e+00
0.0000000000000000e+00
0.0000000000000000e+00
6.5047806633820737e-01
4.2435075990522675e+00
7.9083785360911278e+00
1.1575001120835019e+01
1.1664430966292263e+01
1.1666613444484046e+01
1.1668291603178758e+01
1.1669966847278580e+01
1.1671642075077449e+01
1.1673317303327796e+01
1.1674992532126742e+01
1.1674992532126744e+01
1.1674992532126742e+01
1.1674992532126726e+01
1.1675002201734129e+01
1.1675002201734126e+01
1.1675002201734111e+01
1.1675002201734124e+01
1.1675002243712035e+01
1.1675002243712070e+01
1.1675002243712068e+01
1.1675002243712070e+01
1.1675002243712051e+01
1.1675002243712072e+01
1.1675002243712081e+01
1.1675002243712072e+01
1.1675002243712084e+01
1.1675002243712068e+01
1.1675002243712072e+01
1.1675002243712054e+01
1.1675002243712086e+01
1.1675002243712065e+01
1.1675002243712054e+01
1.1675002243712070e+01
1.1675002243712068e+01
1.1675002243712065e+01
1.1675002243712072e+01
1.1675002243712068e+01
1.1675002243712084e+01
1.1675002243712063e+01
1.1675002243712047e+01
1.1675002243712054e+01
1.1675002243712049e+01
1.1675002243712040e+01
1.1675002243712033e+01
1.1675002243712033e+01
1.1675002243712038e+01
1.1675002243712044e+01
1.1675002243712058e+01
1.1675002243712051e+01
1.1675002243712058e+01
1.1675002243712052e+01
1.1675002243712061e+01
1.1675002243712095e+01
1.1675002243712111e+01
1.1675002243712097e+01
1.1675002243712111e+01
1.1675002243712116e+01
1.1675002243712104e+01
1.1675002243712122e+01
1.1675002243712139e+01
1.1675002243712148e+01
1.1675002243712148e+01
1.1675002243712164e+01
1.1675002243712171e+01
1.1675002243712173e+01
1.1675002243712179e+01
1.1675002243712179e+01
1.1675002243712180e+01
1.1675002243712173e+01
1.1675002243712180e+01
1.1675002243712180e+01
1.1675002243712175e+01
1.1675002243712171e+01
1.1675002243712179e+01
1.1675002243712159e+01
1.1675002243712141e+01
1.1675002243712148e+01
1.1675002243712152e+01
1.1675002243712134e+01
1.1675002243712155e+01
1.1675002243712166e+01
1.1675002243712182e+01
1.1675002243712212e+01
1.1675002243712198e+01
1.1675002243712218e+01
1.1675002243712228e+01
1.1675002243712221e+01
1.1675002243712232e+01
1.1675002243712242e+01
1.1675002243712232e+01
1.1675002243712214e+01
1.1675002243712209e+01
1.1675002243712203e+01
1.1675002243712214e+01
1.1675002243712198e+01
1.1675002243712187e+01
1.1675002243712175e+01
1.1675002243712163e+01
1.1675002243712154e+01
1.1675002243712147e+01
1.1675002243712132e+01
1.1675002243712141e+01
1.1675002243712143e+01
1.1675002243712147e+01
1.1675002243712171e+01
1.1675002243712186e+01
1.1675002243712182e+01
1.1675002243712175e+01
1.1675002243712171e+01
1.1675002243712184e+01
1.1675002243712177e+01
1.1675002243712173e+01
1.1675002243712179e+01
1.1675002243712180e+01
1.1675002243712180e+01
1.1675002243712184e+01
1.1675002243712189e+01
1.1675002243712207e+01
1.1675002243712214e+01
1.1675002243712203e+01
1.1675002243712202e+01
1.1675002243712195e+01
1.1675002243712218e+01
1.1675002243712191e+01
1.1675002243712189e+01
1.1675002243712211e+01
1.1675002243712200e+01
1.1675002243712193e+01
1.1675002243712171e+01
1.1675002243712179e+01
1.1675002243712202e+01
1.1675002243712200e+01
1.1675002243712203e+01
1.1675002243712205e+01
1.1675002243712211e+01
1.1675002243712187e+01
1.1675002243712205e+01
1.1675002243712221e+01
1.1675002243712207e+01
1.1675002243712196e+01
1.1675002243712214e+01
1.1675002243712232e+01
1.1675002243712214e+01
1.1675002243712218e+01
1.1675002243712228e+01
1.1675002243712248e+01
1.1675002243712253e+01
1.1675002243712257e+01
1.1675002243712267e+01
1.1675002243712260e+01
1.1675002243712260e+01
1.1675002243712267e+01
1.1675002243712278e+01
