0.0000000000000000e+00
-4.0000000002112087e-04
-8.0000000001558002e-04
-1.2001600640379319e-03
-1.6000000001408577e-03
-1.9999998721695537e-03
-2.4001598081218583e-03
-2.9951613787157568e-03
-4.4730522801034144e-03
-5.9725137109313837e-03
-7.4725003365033607e-03
-7.4993292952426210e-03
-7.4999843588926685e-03
-7.5006394229710669e-03
-7.5012944874791225e-03
-7.5019495524159974e-03
-7.5026046177816769e-03
-7.5032596835770647e-03
-7.5024977667626173e-03
-7.5017358505277383e-03
-7.5024977624197431e-03
-7.5032596748912678e-03
-7.5025006676605359e-03
-7.5017416610062178e-03
-7.5025006632794180e-03
-7.5032596661298735e-03
-7.5025006802530211e-03
-7.5017416949533346e-03
-7.5025006758725849e-03
-7.5032596573677054e-03
-7.5025006802528563e-03
-7.5017417037141175e-03
-7.5025006758720758e-03
-7.5032596486055373e-03
-7.5025006802522673e-03
-7.5017417124745873e-03
-7.5025006758712492e-03
-7.5032596398422399e-03
-7.5025006802507763e-03
-7.5017417212346121e-03
-7.5025006758693653e-03
-7.5032596310801751e-03
-7.5025006802502880e-03
-7.5017417299963916e-03
-7.5025006758701199e-03
-7.5032596223193870e-03
-7.5025006802512352e-03
-7.5017417387593533e-03
-7.5025006758715797e-03
-7.5032596135584202e-03
-7.5025006802523350e-03
-7.5017417475221320e-03
-7.5025006758712865e-03
-7.5032596047963935e-03
-7.5025006802525839e-03
-7.5017417562843981e-03
-7.5025006758717124e-03
-7.5032595960343477e-03
-7.5025006802520219e-03
-7.5017417650449190e-03
-7.5025006758713438e-03
-7.5032595872728293e-03
-7.5025006802519638e-03
-7.5017417738066083e-03
-7.5025006758705423e-03
-7.5032595785104522e-03
-7.5025006802510695e-03
-7.5017417825673956e-03
-7.5025006758697912e-03
-7.5032595697476796e-03
-7.5025006802502334e-03
-7.5017417913292288e-03
-7.5025006758689845e-03
-7.5032595609851663e-03
-7.5025006802506367e-03
-7.5017418000917629e-03
-7.5025006758694043e-03
-7.5032595522223008e-03
-7.5025006802499558e-03
-7.5017418088543127e-03
-7.5025006758690713e-03
-7.5032595434603817e-03
-7.5025006802514459e-03
-7.5017418176185433e-03
-7.5025006758700965e-03
-7.5032595346987618e-03
-7.5025006802515309e-03
-7.5017418263805848e-03
-7.5025006758708147e-03
-7.5032595259363604e-03
-7.5025006802520609e-03
-7.5017418351436592e-03
-7.5025006758709612e-03
-7.5032595171740154e-03
-7.5025006802522960e-03
-7.5017418439072316e-03
-7.5025006758714331e-03
-7.5032595084112402e-03
-7.5025006802537878e-03
-7.5017418526715108e-03
-7.5025006758710289e-03
-7.5032594996463729e-03
-7.5025006802526065e-03
-7.5017418614338333e-03
-7.5025006758706898e-03
-7.5032594908833513e-03
-7.5025006802529673e-03
-7.5017418701981038e-03
-7.5025006758716074e-03
-7.5032594821212144e-03
-7.5025006802532448e-03
-7.5017418789610768e-03
-7.5025006758710497e-03
-7.5032594733564287e-03
-7.5025006802532995e-03
-7.5017418877262685e-03
-7.5025006758716048e-03
-7.5032594645933152e-03
-7.5025006802538086e-03
-7.5017418964902667e-03
-7.5025006758713559e-03
-7.5032594558292519e-03
-7.5025006802536169e-03
-7.5017419052534765e-03
-7.5025006758717002e-03
-7.5032594470653483e-03
-7.5025006802534148e-03
-7.5017419140172483e-03
-7.5025006758712171e-03
-7.5032594383015877e-03
-7.5025006802540480e-03
-7.5017419227819057e-03
-7.5025006758722788e-03
-7.5032594295382383e-03
-7.5025006802542787e-03
-7.5017419315469213e-03
-7.5025006758724600e-03
-7.5032594207738411e-03
-7.5025006802536725e-03
-7.5017419403103237e-03
-7.5025006758721400e-03
-7.5032594120086850e-03
-7.5025006802538329e-03
-7.5017419490751172e-03
-7.5025006758714782e-03
-7.5032594032434768e-03
-7.5025006802537635e-03
-7.5017419578393861e-03
-7.5025006758712015e-03
-7.5032593944791195e-03
-7.5025006802530974e-03
-7.5017419666027320e-03
-7.5025006758707496e-03
-7.5032593857142886e-03
-7.5025006802530688e-03
-7.5017419753673998e-03
-7.5025006758698831e-03
-7.5032593769492548e-03
-7.5025006802528146e-03
-7.5017419841318569e-03
-7.5025006758697192e-03
