0.0000000000000000e+00
1.0000000000576372e-04
2.0000000000826177e-04
2.9999000101181930e-04
4.0000000008097507e-04
4.9999999815124048e-04
5.9998999722175460e-04
7.9756375359027768e-04
1.4365261400193330e-03
2.0862566725154165e-03
2.7362501704322442e-03
2.7496646458270999e-03
2.7499918738193305e-03
2.7503191017043405e-03
2.7506463294821159e-03
2.7509735571535146e-03
2.7513007847180179e-03
2.7516280121740520e-03
2.7512488793713921e-03
2.7508697464262663e-03
2.7512488796461476e-03
2.7516280127229849e-03
2.7512503298122329e-03
2.7508726467587574e-03
2.7512503300895241e-03
2.7516280132772256e-03
2.7512503361097757e-03
2.7508726587990406e-03
2.7512503363868093e-03
2.7516280138325270e-03
2.7512503361107449e-03
2.7508726582459050e-03
2.7512503363866098e-03
2.7516280143859112e-03
2.7512503361091668e-03
2.7508726576908563e-03
2.7512503363866887e-03
2.7516280149397550e-03
2.7512503361096980e-03
2.7508726571371881e-03
2.7512503363871310e-03
2.7516280154945942e-03
2.7512503361108429e-03
2.7508726565846739e-03
2.7512503363880687e-03
2.7516280160484238e-03
2.7512503361105597e-03
2.7508726560304692e-03
2.7512503363869532e-03
2.7516280166013864e-03
2.7512503361102857e-03
2.7508726554764120e-03
2.7512503363871393e-03
2.7516280171564680e-03
2.7512503361107688e-03
2.7508726549229554e-03
2.7512503363874238e-03
2.7516280177100161e-03
2.7512503361108304e-03
2.7508726543695452e-03
2.7512503363882404e-03
2.7516280182642806e-03
2.7512503361114020e-03
2.7508726538172036e-03
2.7512503363885587e-03
2.7516280188185078e-03
2.7512503361125608e-03
2.7508726532639617e-03
2.7512503363893693e-03
2.7516280193729589e-03
2.7512503361128717e-03
2.7508726527103173e-03
2.7512503363905216e-03
2.7516280199280391e-03
2.7512503361139659e-03
2.7508726521572537e-03
2.7512503363906499e-03
2.7516280204816172e-03
2.7512503361143258e-03
2.7508726516043110e-03
2.7512503363912276e-03
2.7516280210358366e-03
2.7512503361147586e-03
2.7508726510504962e-03
2.7512503363910246e-03
2.7516280215872627e-03
2.7512503361136979e-03
2.7508726504973436e-03
2.7512503363900736e-03
2.7516280221406525e-03
2.7512503361132607e-03
2.7508726499434269e-03
2.7512503363897409e-03
2.7516280226942695e-03
2.7512503361128439e-03
2.7508726493900167e-03
2.7512503363899552e-03
2.7516280232474629e-03
2.7512503361132043e-03
2.7508726488362735e-03
2.7512503363896217e-03
2.7516280238007972e-03
2.7512503361130291e-03
2.7508726482829262e-03
2.7512503363904470e-03
2.7516280243547781e-03
2.7512503361132351e-03
2.7508726477295472e-03
2.7512503363900844e-03
2.7516280249079445e-03
2.7512503361135704e-03
2.7508726471767325e-03
2.7512503363904279e-03
2.7516280254618057e-03
2.7512503361132776e-03
2.7508726466219709e-03
2.7512503363902336e-03
2.7516280260155594e-03
2.7512503361128860e-03
2.7508726460683539e-03
2.7512503363908438e-03
2.7516280265696921e-03
2.7512503361129112e-03
2.7508726455146128e-03
2.7512503363898671e-03
2.7516280271225064e-03
2.7512503361130595e-03
2.7508726449600820e-03
2.7512503363890982e-03
2.7516280276741983e-03
2.7512503361112116e-03
2.7508726444063010e-03
2.7512503363883939e-03
2.7516280282281007e-03
2.7512503361115147e-03
2.7508726438537192e-03
2.7512503363890427e-03
2.7516280287818691e-03
2.7512503361122754e-03
2.7508726433013836e-03
2.7512503363901629e-03
2.7516280293362104e-03
2.7512503361133310e-03
2.7508726427475372e-03
2.7512503363901408e-03
2.7516280298905847e-03
2.7512503361140999e-03
2.7508726421951236e-03
2.7512503363912536e-03
2.7516280304438539e-03
2.7512503361141736e-03
2.7508726416425044e-03
2.7512503363912406e-03
2.7516280309978188e-03
2.7512503361150280e-03
2.7508726410897005e-03
2.7512503363924167e-03
2.7516280315518049e-03
2.7512503361160623e-03
2.7508726405380554e-03
2.7512503363927307e-03
