0.0000000000000000e+00
1.0000000000497821e-04
2.0000000000899816e-04
2.9999000101259922e-04
4.0000000008217208e-04
4.9999999815235623e-04
5.9998999722321133e-04
7.9756375359075235e-04
1.4365261400204352e-03
2.0862566725159976e-03
2.7362501704336919e-03
2.7496646458288858e-03
2.7499918738210409e-03
2.7503191017068519e-03
2.7506463294846117e-03
2.7509735571560039e-03
2.7513007847203151e-03
2.7516280121776381e-03
2.7512488793730791e-03
2.7508697464257372e-03
2.7512488796474725e-03
2.7516280127268971e-03
2.7512503298135044e-03
2.7508726467573726e-03
2.7512503300907774e-03
2.7516280132815845e-03
2.7512503361102102e-03
2.7508726587962169e-03
2.7512503363868730e-03
2.7516280138356829e-03
2.7512503361099895e-03
2.7508726582417846e-03
2.7512503363869190e-03
2.7516280143891009e-03
2.7512503361099986e-03
2.7508726576889820e-03
2.7512503363866358e-03
2.7516280149424447e-03
2.7512503361100268e-03
2.7508726571354660e-03
2.7512503363874589e-03
2.7516280154960939e-03
2.7512503361111031e-03
2.7508726565830216e-03
2.7512503363885076e-03
2.7516280160507865e-03
2.7512503361108993e-03
2.7508726560290381e-03
2.7512503363879720e-03
2.7516280166038471e-03
2.7512503361107896e-03
2.7508726554751521e-03
2.7512503363878397e-03
2.7516280171580591e-03
2.7512503361116747e-03
2.7508726549221921e-03
2.7512503363887205e-03
2.7516280177126351e-03
2.7512503361123010e-03
2.7508726543694108e-03
2.7512503363892968e-03
2.7516280182662786e-03
2.7512503361122949e-03
2.7508726538163341e-03
2.7512503363901191e-03
2.7516280188206680e-03
2.7512503361130022e-03
2.7508726532634829e-03
2.7512503363894278e-03
2.7516280193733561e-03
2.7512503361127190e-03
2.7508726527101035e-03
2.7512503363899508e-03
2.7516280199273643e-03
2.7512503361127728e-03
2.7508726521554712e-03
2.7512503363896065e-03
2.7516280204808864e-03
2.7512503361132902e-03
2.7508726516034081e-03
2.7512503363905554e-03
2.7516280210353166e-03
2.7512503361132911e-03
2.7508726510497633e-03
2.7512503363902215e-03
2.7516280215886127e-03
2.7512503361135951e-03
2.7508726504960035e-03
2.7512503363893845e-03
2.7516280221407188e-03
2.7512503361122927e-03
2.7508726499411579e-03
2.7512503363886841e-03
2.7516280226937946e-03
2.7512503361123773e-03
2.7508726493873292e-03
2.7512503363889477e-03
2.7516280232478358e-03
2.7512503361125885e-03
2.7508726488348727e-03
2.7512503363899040e-03
2.7516280238015773e-03
2.7512503361143336e-03
2.7508726482835567e-03
2.7512503363909644e-03
2.7516280243554112e-03
2.7512503361137534e-03
2.7508726477295988e-03
2.7512503363911205e-03
2.7516280249089233e-03
2.7512503361143731e-03
2.7508726471766149e-03
2.7512503363907224e-03
2.7516280254622576e-03
2.7512503361141949e-03
2.7508726466234194e-03
2.7512503363906014e-03
2.7516280260151153e-03
2.7512503361145839e-03
2.7508726460716343e-03
2.7512503363916283e-03
2.7516280265690572e-03
2.7512503361154148e-03
2.7508726455181629e-03
2.7512503363925694e-03
2.7516280271236999e-03
2.7512503361155388e-03
2.7508726449648295e-03
2.7512503363923526e-03
2.7516280276770715e-03
2.7512503361158164e-03
2.7508726444120152e-03
2.7512503363919475e-03
2.7516280282302488e-03
2.7512503361161247e-03
2.7508726438594889e-03
2.7512503363925690e-03
2.7516280287839569e-03
2.7512503361165068e-03
2.7508726433062031e-03
2.7512503363931163e-03
2.7516280293378085e-03
2.7512503361171782e-03
2.7508726427542050e-03
2.7512503363940326e-03
2.7516280298911606e-03
2.7512503361172753e-03
2.7508726422009262e-03
2.7512503363935573e-03
2.7516280304439736e-03
2.7512503361174149e-03
2.7508726416483756e-03
2.7512503363945565e-03
2.7516280309986129e-03
2.7512503361175533e-03
2.7508726410952465e-03
2.7512503363954647e-03
2.7516280315528188e-03
2.7512503361191653e-03
2.7508726405426525e-03
2.7512503363961195e-03
