0.0000000000000000e+00
0.0000000000000000e+00
0.0000000000000000e+00
0.0000000000000000e+00
0.0000000000000000e+00
0.0000000000000000e+00
0.0000000000000000e+00
1.9514341990142626e-04
1.2730522797153036e-03
2.3725135608269406e-03
3.4725003362498456e-03
3.4993292898870105e-03
3.4999840333445505e-03
3.5004874809529667e-03
3.5009900541829097e-03
3.5014926225225727e-03
3.5019951909976764e-03
3.5024977596373632e-03
3.5024977596373632e-03
3.5024977596373632e-03
3.5024977596373632e-03
3.5025006605195847e-03
3.5025006605195847e-03
3.5025006605195847e-03
3.5025006605195847e-03
3.5025006731129538e-03
3.5025006731129538e-03
3.5025006731129538e-03
3.5025006731129538e-03
3.5025006731129538e-03
3.5025006731129538e-03
3.5025006731129538e-03
3.5025006731129538e-03
3.5025006731129538e-03
3.5025006731129538e-03
3.5025006731129538e-03
3.5025006731129538e-03
3.5025006731129538e-03
3.5025006731129538e-03
3.5025006731129538e-03
3.5025006731129538e-03
3.5025006731129538e-03
3.5025006731129538e-03
3.5025006731129538e-03
3.5025006731129538e-03
3.5025006731129538e-03
3.5025006731129538e-03
3.5025006731129538e-03
3.5025006731129538e-03
3.5025006731129538e-03
3.5025006731129538e-03
3.5025006731129538e-03
3.5025006731129538e-03
3.5025006731129538e-03
3.5025006731129538e-03
3.5025006731129538e-03
3.5025006731129538e-03
3.5025006731129538e-03
3.5025006731129538e-03
3.5025006731129538e-03
3.5025006731129538e-03
3.5025006731129538e-03
3.5025006731129538e-03
3.5025006731129538e-03
3.5025006731129538e-03
3.5025006731129538e-03
3.5025006731129538e-03
3.5025006731129538e-03
3.5025006731129538e-03
3.5025006731129538e-03
3.5025006731129538e-03
3.5025006731129538e-03
3.5025006731129538e-03
3.5025006731129538e-03
3.5025006731129538e-03
3.5025006731129538e-03
3.5025006731129538e-03
3.5025006731129538e-03
3.5025006731129538e-03
3.5025006731129538e-03
3.5025006731129538e-03
3.5025006731129538e-03
3.5025006731129538e-03
3.5025006731129538e-03
3.5025006731129538e-03
3.5025006731129538e-03
3.5025006731129538e-03
3.5025006731129538e-03
3.5025006731129538e-03
3.5025006731129538e-03
3.5025006731129538e-03
3.5025006731129538e-03
3.5025006731129538e-03
3.5025006731129538e-03
3.5025006731129538e-03
3.5025006731129538e-03
3.5025006731129538e-03
3.5025006731129538e-03
3.5025006731129538e-03
3.5025006731129538e-03
3.5025006731129538e-03
3.5025006731129538e-03
3.5025006731129538e-03
3.5025006731129538e-03
3.5025006731129538e-03
3.5025006731129538e-03
3.5025006731129538e-03
3.5025006731129538e-03
3.5025006731129538e-03
3.5025006731129538e-03
3.5025006731129538e-03
3.5025006731129538e-03
3.5025006731129538e-03
3.5025006731129538e-03
3.5025006731129538e-03
3.5025006731129538e-03
3.5025006731129538e-03
3.5025006731129538e-03
3.5025006731129538e-03
3.5025006731129538e-03
3.5025006731129538e-03
3.5025006731129538e-03
3.5025006731129538e-03
3.5025006731129538e-03
3.5025006731129538e-03
3.5025006731129538e-03
3.5025006731129538e-03
3.5025006731129538e-03
3.5025006731129538e-03
3.5025006731129538e-03
3.5025006731129538e-03
3.5025006731129538e-03
3.5025006731129538e-03
3.5025006731129538e-03
3.5025006731129538e-03
3.5025006731129538e-03
3.5025006731129538e-03
3.5025006731129538e-03
3.5025006731129538e-03
3.5025006731129538e-03
3.5025006731129538e-03
3.5025006731129538e-03
3.5025006731129538e-03
3.5025006731129538e-03
3.5025006731129538e-03
3.5025006731129538e-03
3.5025006731129538e-03
3.5025006731129538e-03
3.5025006731129538e-03
3.5025006731129538e-03
3.5025006731129538e-03
3.5025006731129538e-03
3.5025006731129538e-03
3.5025006731129538e-03
3.5025006731129538e-03
3.5025006731129538e-03
3.5025006731129538e-03
3.5025006731129538e-03
3.5025006731129538e-03
3.5025006731129538e-03
3.5025006731129538e-03
