0.0000000000000000e+00
-1.8587725300331075e-11
8.6574434861052237e-10
-8.8026394550750637e-03
8.2453956485920211e-09
5.2993090043763218e-06
-8.7920461549642007e-03
-2.1905072092207600e-03
1.1512624536609920e-08
-2.5594602897556717e-05
3.9509343728316783e-07
-7.9969078617979579e-08
-3.9466057682035361e-05
6.5781275543586974e-03
1.3234155978411821e-02
1.9890361956243354e-02
2.6546524287534571e-02
3.3202641583215856e-02
-3.9210303010657803e-07
-3.3203476390476827e-02
-1.5268031174078704e-07
3.3075481614614072e-02
-3.9287263719978615e-07
-3.3076317876477392e-02
-1.5133822618642245e-07
3.3075410543085076e-02
-3.9284525062714521e-07
-3.3076246792482250e-02
-1.5142801377210901e-07
3.3075893622887084e-02
-3.9283325995359172e-07
-3.3076729811608668e-02
-1.5139371460090654e-07
3.3076376575809779e-02
-3.9292340996899439e-07
-3.3077212659645777e-02
-1.5140872595942769e-07
3.3076859530432441e-02
-3.9284776192614085e-07
-3.3077695579694581e-02
-1.5124754353754361e-07
3.3077342514856674e-02
-3.9267970864432949e-07
-3.3078178361194824e-02
-1.5110846268283396e-07
3.3077825584451749e-02
-3.9270225437002273e-07
-3.3078661393889208e-02
-1.5126641120856353e-07
3.3078308441031205e-02
-3.9279740182131128e-07
-3.3079144446705878e-02
-1.5129042031861178e-07
3.3078791527919114e-02
-3.9268017728848222e-07
-3.3079627352980923e-02
-1.5120576782029020e-07
3.3079274569438676e-02
-3.9257299918065566e-07
-3.3080110142229086e-02
-1.5104038441914941e-07
3.3079757569639184e-02
-3.9252542858125658e-07
-3.3080592949277787e-02
-1.5087001887985604e-07
3.3080240691199955e-02
-3.9237641085499201e-07
-3.3081075761462270e-02
-1.5093218010726622e-07
3.3080723573161025e-02
-3.9241948378616356e-07
-3.3081558742367033e-02
-1.5082689650877865e-07
3.3081206666804287e-02
-3.9235686280666733e-07
-3.3082041786551844e-02
-1.5083807218376585e-07
3.3081689690995397e-02
-3.9218142113341831e-07
-3.3082524501611532e-02
-1.5062671839749009e-07
3.3082172815124627e-02
-3.9223168032592707e-07
-3.3083007605853920e-02
-1.5074900599777436e-07
3.3082655571317204e-02
-3.9229259955496104e-07
-3.3083490646665561e-02
-1.5104428507215007e-07
3.3083138272171297e-02
-3.9255451581081247e-07
-3.3083973825739438e-02
-1.5111614150037166e-07
3.3083621223925858e-02
-3.9257396450284900e-07
-3.3084456906359853e-02
-1.5110169571721687e-07
3.3084104223214235e-02
-3.9261567094598852e-07
-3.3084939848808115e-02
-1.5101645250823642e-07
3.3084587272846376e-02
-3.9240578968501103e-07
-3.3085422599007402e-02
-1.5090796996310593e-07
3.3085070293843367e-02
-3.9248702276182862e-07
-3.3085905659389347e-02
-1.5091818167283109e-07
3.3085553236255325e-02
-3.9240297035219664e-07
-3.3086388574867863e-02
-1.5093006210824946e-07
3.3086036271711763e-02
-3.9244875060173815e-07
-3.3086871638516382e-02
-1.5096699134853357e-07
3.3086519207668516e-02
-3.9241577596158133e-07
-3.3087354477203575e-02
-1.5079317521445550e-07
3.3087002346956849e-02
-3.9232315232286234e-07
-3.3087837472937205e-02
-1.5075104706695325e-07
3.3087485457224543e-02
-3.9229734375267563e-07
-3.3088320553644454e-02
-1.5081586654050544e-07
3.3087968355870252e-02
-3.9242599310941151e-07
-3.3088803563984061e-02
-1.5095833212866638e-07
3.3088451319171812e-02
-3.9235494474835380e-07
-3.3089286495948743e-02
-1.5090149784408063e-07
3.3088934369674895e-02
-3.9229836458150049e-07
-3.3089769446316059e-02
-1.5081069177805580e-07
3.3089417496718523e-02
-3.9222141318718993e-07
-3.3090252356159318e-02
-1.5069481309800274e-07
3.3089900572730382e-02
-3.9217533291722891e-07
-3.3090735315869785e-02
-1.5063312461503184e-07
3.3090383556301256e-02
-3.9213090766577341e-07
-3.3091218159087749e-02
-1.5048558886868438e-07
3.3090866782787783e-02
-3.9205078332863873e-07
-3.3091701162691660e-02
-1.5032269327682706e-07
3.3091349947085499e-02
-3.9184907103299603e-07
-3.3092184054424642e-02
-1.5025210509685914e-07
