2.9999999999999983e+02
2.9999999999999983e+02
2.9999999999999983e+02
2.9999999999999983e+02
2.9999999999999983e+02
2.9999999999999983e+02
2.9999999999999983e+02
3.0604944601694388e+02
3.3926947725127286e+02
3.7227486810591955e+02
4.0527499686291827e+02
4.0500670765024739e+02
4.0500017574379359e+02
4.0501512787619720e+02
4.0503020419871689e+02
4.0504528124401645e+02
4.0506035829840522e+02
4.0507543535776063e+02
4.0507493278912062e+02
4.0507493278912062e+02
4.0507493278912062e+02
4.0507502271646968e+02
4.0507501981558732e+02
4.0507501981558732e+02
4.0507501981558732e+02
4.0507502020598179e+02
4.0507502019338847e+02
4.0507502019338847e+02
4.0507502019338847e+02
4.0507502019338847e+02
4.0507502019338847e+02
4.0507502019338847e+02
4.0507502019338847e+02
4.0507502019338847e+02
4.0507502019338847e+02
4.0507502019338847e+02
4.0507502019338847e+02
4.0507502019338847e+02
4.0507502019338847e+02
4.0507502019338847e+02
4.0507502019338847e+02
4.0507502019338847e+02
4.0507502019338847e+02
4.0507502019338847e+02
4.0507502019338847e+02
4.0507502019338847e+02
4.0507502019338847e+02
4.0507502019338847e+02
4.0507502019338847e+02
4.0507502019338847e+02
4.0507502019338847e+02
4.0507502019338847e+02
4.0507502019338847e+02
4.0507502019338847e+02
4.0507502019338847e+02
4.0507502019338847e+02
4.0507502019338847e+02
4.0507502019338847e+02
4.0507502019338847e+02
4.0507502019338847e+02
4.0507502019338847e+02
4.0507502019338847e+02
4.0507502019338847e+02
4.0507502019338847e+02
4.0507502019338847e+02
4.0507502019338847e+02
4.0507502019338847e+02
4.0507502019338847e+02
4.0507502019338847e+02
4.0507502019338847e+02
4.0507502019338847e+02
4.0507502019338847e+02
4.0507502019338847e+02
4.0507502019338847e+02
4.0507502019338847e+02
4.0507502019338847e+02
4.0507502019338847e+02
4.0507502019338847e+02
4.0507502019338847e+02
4.0507502019338847e+02
4.0507502019338847e+02
4.0507502019338847e+02
4.0507502019338847e+02
4.0507502019338847e+02
4.0507502019338847e+02
4.0507502019338847e+02
4.0507502019338847e+02
4.0507502019338847e+02
4.0507502019338847e+02
4.0507502019338847e+02
4.0507502019338847e+02
4.0507502019338847e+02
4.0507502019338847e+02
4.0507502019338847e+02
4.0507502019338847e+02
4.0507502019338847e+02
4.0507502019338847e+02
4.0507502019338847e+02
4.0507502019338847e+02
4.0507502019338847e+02
4.0507502019338847e+02
4.0507502019338847e+02
4.0507502019338847e+02
4.0507502019338847e+02
4.0507502019338847e+02
4.0507502019338847e+02
4.0507502019338847e+02
4.0507502019338847e+02
4.0507502019338847e+02
4.0507502019338847e+02
4.0507502019338847e+02
4.0507502019338847e+02
4.0507502019338847e+02
4.0507502019338847e+02
4.0507502019338847e+02
4.0507502019338847e+02
4.0507502019338847e+02
4.0507502019338847e+02
4.0507502019338847e+02
4.0507502019338847e+02
4.0507502019338847e+02
4.0507502019338847e+02
4.0507502019338847e+02
4.0507502019338847e+02
4.0507502019338847e+02
4.0507502019338847e+02
4.0507502019338847e+02
4.0507502019338847e+02
4.0507502019338847e+02
4.0507502019338847e+02
4.0507502019338847e+02
4.0507502019338847e+02
4.0507502019338847e+02
4.0507502019338847e+02
4.0507502019338847e+02
4.0507502019338847e+02
4.0507502019338847e+02
4.0507502019338847e+02
4.0507502019338847e+02
4.0507502019338847e+02
4.0507502019338847e+02
4.0507502019338847e+02
4.0507502019338847e+02
4.0507502019338847e+02
4.0507502019338847e+02
4.0507502019338847e+02
4.0507502019338847e+02
4.0507502019338847e+02
4.0507502019338847e+02
4.0507502019338847e+02
4.0507502019338847e+02
4.0507502019338847e+02
4.0507502019338847e+02
4.0507502019338847e+02
4.0507502019338847e+02
4.0507502019338847e+02
4.0507502019338847e+02
4.0507502019338847e+02
4.0507502019338847e+02
4.0507502019338847e+02
4.0507502019338847e+02
