0.0000000000000000e+00
4.4000000002331312e+01
8.8000000002138293e+01
1.3201320572442393e+02
1.7600000001958779e+02
2.1999998858827405e+02
2.6401318287029801e+02
3.0800088021595832e+02
3.5200000004842576e+02
3.9600000371418884e+02
4.4000000022541639e+02
4.4000000054911726e+02
4.4000001607723925e+02
4.4002000268572664e+02
4.4004010474054627e+02
4.4006020746924224e+02
4.4008031020838160e+02
4.4010041295413401e+02
4.4000000058775703e+02
4.3989958825982274e+02
4.4000000022974865e+02
4.4010002932166555e+02
4.4000000058910194e+02
4.3989997189470233e+02
4.4000000022796030e+02
4.4010002693711158e+02
4.4000000058905800e+02
4.3989997427918740e+02
4.4000000022792102e+02
4.4010002621483346e+02
4.4000000058907375e+02
4.3989997500139845e+02
4.4000000022788026e+02
4.4010002549248384e+02
4.4000000058893090e+02
4.3989997572358141e+02
4.4000000022779960e+02
4.4010002477003928e+02
4.4000000058883938e+02
4.3989997644574476e+02
4.4000000022767722e+02
4.4010002404773036e+02
4.4000000058888747e+02
4.3989997716816691e+02
4.4000000022783422e+02
4.4010002332557207e+02
4.4000000058894852e+02
4.3989997789053984e+02
4.4000000022787731e+02
4.4010002260326246e+02
4.4000000058900326e+02
4.3989997861286741e+02
4.4000000022782069e+02
4.4010002188098940e+02
4.4000000058909200e+02
4.3989997933528173e+02
4.4000000022791141e+02
4.4010002115868076e+02
4.4000000058907369e+02
4.3989998005754273e+02
4.4000000022796178e+02
4.4010002043642913e+02
4.4000000058909376e+02
4.3989998077992675e+02
4.4000000022793239e+02
4.4010001971409031e+02
4.4000000058907773e+02
4.3989998150219424e+02
4.4000000022786810e+02
4.4010001899168958e+02
4.4000000058899599e+02
4.3989998222452505e+02
4.4000000022785372e+02
4.4010001826938742e+02
4.4000000058909256e+02
4.3989998294691276e+02
4.4000000022789601e+02
4.4010001754697862e+02
4.4000000058909973e+02
4.3989998366940154e+02
4.4000000022795302e+02
4.4010001682472318e+02
4.4000000058923587e+02
4.3989998439190441e+02
4.4000000022799253e+02
4.4010001610227067e+02
4.4000000058918300e+02
4.3989998511424091e+02
4.4000000022796405e+02
4.4010001537981924e+02
4.4000000058915492e+02
4.3989998583662134e+02
4.4000000022795780e+02
4.4010001465743267e+02
4.4000000058917027e+02
4.3989998655909295e+02
4.4000000022801629e+02
4.4010001393502125e+02
4.4000000058931590e+02
4.3989998728166580e+02
4.4000000022799611e+02
4.4010001321241572e+02
4.4000000058926690e+02
4.3989998800412343e+02
4.4000000022802078e+02
4.4010001249001203e+02
4.4000000058927321e+02
4.3989998872663625e+02
4.4000000022806591e+02
4.4010001176759715e+02
4.4000000058930789e+02
4.3989998944909570e+02
4.4000000022798918e+02
4.4010001104498485e+02
4.4000000058926196e+02
4.3989999017166838e+02
4.4000000022799009e+02
4.4010001032248965e+02
4.4000000058927731e+02
4.3989999089421929e+02
4.4000000022803107e+02
4.4010000959999405e+02
4.4000000058928532e+02
4.3989999161667316e+02
4.4000000022805580e+02
4.4010000887749158e+02
4.4000000058926867e+02
4.3989999233912323e+02
4.4000000022795348e+02
4.4010000815488416e+02
4.4000000058923138e+02
4.3989999306170381e+02
4.4000000022798781e+02
4.4010000743239726e+02
4.4000000058927407e+02
4.3989999378436619e+02
4.4000000022802152e+02
4.4010000670984340e+02
4.4000000058924650e+02
4.3989999450688549e+02
4.4000000022804858e+02
4.4010000598726378e+02
4.4000000058929254e+02
4.3989999522951189e+02
4.4000000022799691e+02
4.4010000526462068e+02
4.4000000058932085e+02
4.3989999595210497e+02
4.4000000022800810e+02
4.4010000454202964e+02
4.4000000058926139e+02
4.3989999667465537e+02
4.4000000022801618e+02
4.4010000381949891e+02
4.4000000058931602e+02
4.3989999739727256e+02
4.4000000022801584e+02
4.4010000309692470e+02
4.4000000058938008e+02
4.3989999811992885e+02
4.4000000022800663e+02
