0.0000000000000000e+00
5.0535810150800434e-11
7.9867001703737321e-10
-8.8026395317879636e-03
8.1494034044474758e-09
5.2992053962227998e-06
-8.7920462722918952e-03
-2.1905072472249210e-03
1.1438219851624389e-08
-2.5594610391246227e-05
3.9502548413686691e-07
-8.0056749004665672e-08
-3.9466163640085672e-05
6.5781274026315388e-03
1.3234155788925032e-02
1.9890361767735329e-02
2.6546524138179817e-02
3.3202641335522698e-02
-3.9219617047153129e-07
-3.3203476297691076e-02
-1.5276406514362431e-07
3.3075481312069506e-02
-3.9297551077594262e-07
-3.3076317725898287e-02
-1.5141338658736952e-07
3.3075410230414895e-02
-3.9282885884786785e-07
-3.3076246511255777e-02
-1.5139607845716666e-07
3.3075893363944932e-02
-3.9272895704814601e-07
-3.3076729428911114e-02
-1.5140978644986173e-07
3.3076376312537306e-02
-3.9300170242918219e-07
-3.3077212488341688e-02
-1.5138054063388692e-07
3.3076859342369869e-02
-3.9287066870306581e-07
-3.3077695425413937e-02
-1.5127603895942105e-07
3.3077342373799723e-02
-3.9272030660769726e-07
-3.3078178234254255e-02
-1.5118771506110727e-07
3.3077825356292202e-02
-3.9280136535365558e-07
-3.3078661348273489e-02
-1.5143258952889766e-07
3.3078308180444042e-02
-3.9287576473396447e-07
-3.3079144368011716e-02
-1.5136293066398642e-07
3.3078791351302227e-02
-3.9277382416377551e-07
-3.3079627319179308e-02
-1.5133638192996534e-07
3.3079274326808503e-02
-3.9272469741182957e-07
-3.3080110142139546e-02
-1.5113461070336022e-07
3.3079757403706403e-02
-3.9265177107729560e-07
-3.3080592932170305e-02
-1.5104717574352125e-07
3.3080240470864865e-02
-3.9243509789436609e-07
-3.3081075769328609e-02
-1.5096165664259588e-07
3.3080723519120531e-02
-3.9243310653425186e-07
-3.3081558755676206e-02
-1.5079752472408153e-07
3.3081206687914706e-02
-3.9229425507032634e-07
-3.3082041687878962e-02
-1.5079703212054656e-07
3.3081689691506065e-02
-3.9213292927880263e-07
-3.3082524467854195e-02
-1.5061117622246828e-07
3.3082172819854816e-02
-3.9214641628104193e-07
-3.3083007567698136e-02
-1.5072822429148499e-07
3.3082655431398739e-02
-3.9232216542748321e-07
-3.3083490523306572e-02
-1.5099106195906347e-07
3.3083138239585239e-02
-3.9250895775008440e-07
-3.3083973697047020e-02
-1.5108364027394107e-07
3.3083621179273305e-02
-3.9256414990986080e-07
-3.3084456732265538e-02
-1.5107864044941831e-07
3.3084104128809834e-02
-3.9260113942507900e-07
-3.3084939785496023e-02
-1.5109109592341553e-07
3.3084587137202012e-02
-3.9253585239617757e-07
-3.3085422673661560e-02
-1.5098873117349774e-07
3.3085070177367129e-02
-3.9260394559799533e-07
-3.3085905757749494e-02
-1.5111036074094201e-07
3.3085553053083167e-02
-3.9255459031327310e-07
-3.3086388642437847e-02
-1.5103342627172588e-07
3.3086036190520404e-02
-3.9255426711911874e-07
-3.3086871797469358e-02
-1.5102821457228746e-07
3.3086519219384242e-02
-3.9261806255697365e-07
-3.3087354779437111e-02
-1.5089016079311771e-07
3.3087002368749840e-02
-3.9254402195087683e-07
-3.3087837819936947e-02
-1.5098541302058045e-07
3.3087485358253593e-02
-3.9254338511636040e-07
-3.3088320985577097e-02
-1.5112490490037976e-07
3.3087968064293892e-02
-3.9281319752085108e-07
-3.3088804064991990e-02
-1.5129651039361240e-07
3.3088451085332281e-02
-3.9279188806959851e-07
-3.3089287045831688e-02
-1.5126053695624263e-07
3.3088934159544212e-02
-3.9267886628322602e-07
-3.3089769895255139e-02
-1.5107958184481747e-07
3.3089417367565627e-02
-3.9255246350699347e-07
-3.3090252939764413e-02
-1.5101269406539693e-07
3.3089900544277823e-02
-3.9243646161659611e-07
-3.3090735841538974e-02
-1.5088167156391794e-07
3.3090383526848725e-02
-3.9243532975487913e-07
-3.3091218718979590e-02
-1.5083916684435509e-07
3.3090866683550095e-02
-3.9231422580907038e-07
-3.3091701720805652e-02
-1.5064675621503737e-07
3.3091349814184656e-02
-3.9215475038036412e-07
-3.3092184554375126e-02
-1.5065922256036262e-07
