0.0000000000000000e+00
-4.4000000002315339e+01
-8.8000000001306120e+01
-1.3202200836391737e+02
-1.7600000001139034e+02
-2.1999998328901694e+02
-2.6402197491651168e+02
-3.0800307072318657e+02
-3.5200000003695044e+02
-3.9600002930879532e+02
-4.3999999983035673e+02
-4.4000000062913011e+02
-4.4000005554334984e+02
-4.4001342455824823e+02
-4.4002687058466245e+02
-4.4004031710738042e+02
-4.4005376368416876e+02
-4.4006721031267472e+02
-4.4000000097990647e+02
-4.3993279173616702e+02
-4.4000000038247106e+02
-4.4006695384020219e+02
-4.4000000098202565e+02
-4.3993304821250348e+02
-4.4000000037933620e+02
-4.4006695152672472e+02
-4.4000000098189520e+02
-4.3993305052583906e+02
-4.4000000037933296e+02
-4.4006695032134019e+02
-4.4000000098185467e+02
-4.3993305173101851e+02
-4.4000000037928157e+02
-4.4006694911603995e+02
-4.4000000098189344e+02
-4.3993305293615555e+02
-4.4000000037919426e+02
-4.4006694791060295e+02
-4.4000000098169858e+02
-4.3993305414124740e+02
-4.4000000037893892e+02
-4.4006694670528611e+02
-4.4000000098158750e+02
-4.3993305534646430e+02
-4.4000000037898195e+02
-4.4006694550010161e+02
-4.4000000098170034e+02
-4.3993305655191085e+02
-4.4000000037922672e+02
-4.4006694429495195e+02
-4.4000000098183972e+02
-4.3993305775727470e+02
-4.4000000037914708e+02
-4.4006694308954991e+02
-4.4000000098181908e+02
-4.3993305896261757e+02
-4.4000000037918244e+02
-4.4006694188423262e+02
-4.4000000098172245e+02
-4.3993306016768491e+02
-4.4000000037904914e+02
-4.4006694067894267e+02
-4.4000000098168215e+02
-4.3993306137286720e+02
-4.4000000037889100e+02
-4.4006693947350919e+02
-4.4000000098148314e+02
-4.3993306257795962e+02
-4.4000000037881506e+02
-4.4006693826814342e+02
-4.4000000098142220e+02
-4.3993306378327406e+02
-4.4000000037866585e+02
-4.4006693706271000e+02
-4.4000000098141822e+02
-4.3993306498865002e+02
-4.4000000037871365e+02
-4.4006693585728726e+02
-4.4000000098125690e+02
-4.3993306619388619e+02
-4.4000000037857222e+02
-4.4006693465190563e+02
-4.4000000098142499e+02
-4.3993306739949094e+02
-4.4000000037873099e+02
-4.4006693344676944e+02
-4.4000000098149047e+02
-4.3993306860482545e+02
-4.4000000037898178e+02
-4.4006693224156345e+02
-4.4000000098168692e+02
-4.3993306981038262e+02
-4.4000000037905795e+02
-4.4006693103623110e+02
-4.4000000098173928e+02
-4.3993307101591233e+02
-4.4000000037910621e+02
-4.4006692983084542e+02
-4.4000000098192453e+02
-4.3993307222148280e+02
-4.4000000037904999e+02
-4.4006692862521072e+02
-4.4000000098173757e+02
-4.3993307342675962e+02
-4.4000000037896888e+02
-4.4006692741977639e+02
-4.4000000098181897e+02
-4.3993307463234481e+02
-4.4000000037908029e+02
-4.4006692621445256e+02
-4.4000000098178680e+02
-4.3993307583770468e+02
-4.4000000037897075e+02
-4.4006692500875351e+02
-4.4000000098176361e+02
-4.3993307704338633e+02
-4.4000000037898769e+02
-4.4006692380327587e+02
-4.4000000098179430e+02
-4.3993307824884761e+02
-4.4000000037887241e+02
-4.4006692259763611e+02
-4.4000000098171915e+02
-4.3993307945431951e+02
-4.4000000037892420e+02
-4.4006692139208377e+02
-4.4000000098168914e+02
-4.3993308065989299e+02
-4.4000000037892391e+02
-4.4006692018667422e+02
-4.4000000098185092e+02
-4.3993308186551815e+02
-4.4000000037911508e+02
-4.4006691898119487e+02
-4.4000000098184751e+02
-4.3993308307113705e+02
-4.4000000037910252e+02
-4.4006691777557864e+02
-4.4000000098173524e+02
-4.3993308427655654e+02
-4.4000000037899395e+02
-4.4006691656983173e+02
-4.4000000098167959e+02
-4.3993308548215992e+02
-4.4000000037885064e+02
-4.4006691536406208e+02
-4.4000000098162684e+02
-4.3993308668768350e+02
-4.4000000037876549e+02
-4.4006691415848775e+02
-4.4000000098154425e+02
-4.3993308789309458e+02
-4.4000000037867846e+02
-4.4006691295276585e+02
-4.4000000098149854e+02
-4.3993308909871405e+02
-4.4000000037850054e+02
-4.4006691174704440e+02
-4.4000000098138190e+02
-4.3993309030423302e+02
-4.4000000037846252e+02
