0.0000000000000000e+00
-3.1818181819013376e-04
-6.3636363636971867e-04
-9.5464672644260807e-04
-1.2727272727833796e-03
-1.5909090265510473e-03
-1.9091920521713645e-03
-2.2275764141299606e-03
-2.5454545456798203e-03
-2.8786366349763280e-03
-3.2468196351408320e-03
-3.2969225882228306e-03
-3.3470280517360878e-03
-3.3971360259324448e-03
-3.4472465110640311e-03
-3.4973595073820637e-03
-3.5469378994161457e-03
-3.5965187495896442e-03
-3.6469051287855354e-03
-3.6972940468972238e-03
-3.7469342272550350e-03
-3.7965768718838649e-03
-3.8469086647735322e-03
-3.8972429910804525e-03
-3.9469313950023545e-03
-3.9966222679840334e-03
-4.0469114584597305e-03
-4.0972031780645516e-03
-4.1469292185288120e-03
-4.1966577317955377e-03
-4.2469136728032070e-03
-4.2971721395976478e-03
-4.3469275538644521e-03
-4.3966854438555166e-03
-4.4469154349946090e-03
-4.4971479493125452e-03
-4.5469262886439522e-03
-4.5967071059816777e-03
-4.6469168442972676e-03
-4.6971291037566677e-03
-4.7469253351735347e-03
-4.7967240463787459e-03
-4.8469179781839584e-03
-4.8971144295463032e-03
-4.9469246250102581e-03
-4.9967373016536190e-03
-5.0469188971173640e-03
-5.0971030109000521e-03
-5.1469241047376003e-03
-5.1967476808405001e-03
-5.2469196482910971e-03
-5.2970941330939842e-03
-5.3469237326682646e-03
-5.3967558153560557e-03
-5.4469202685334308e-03
-5.4970872383095382e-03
-5.5469234762652430e-03
-5.5967621979951367e-03
-5.6469207865891390e-03
-5.6970818911939794e-03
-5.7469233101342145e-03
-5.7967672133652877e-03
-5.8469212248927925e-03
-5.8970777519710069e-03
-5.9469232144580102e-03
-5.9967711616379527e-03
-6.0469216009525796e-03
-6.0970745554602525e-03
-6.1469231737670627e-03
-6.1967742770826298e-03
-6.2469219284339000e-03
-6.2970720946982743e-03
-6.3469231759918834e-03
-6.3967767425397708e-03
-6.4469222180012949e-03
-6.4970702081584564e-03
-6.5469232117091603e-03
-6.5967787007059700e-03
-6.6469224779785799e-03
-6.6970687697746282e-03
-6.7469232735661282e-03
-6.7967802629532127e-03
-6.8469227148606742e-03
-6.8970676811602374e-03
-6.9469233558245675e-03
-6.9967815162008794e-03
-7.0469229337199128e-03
-7.0970668655257266e-03
-7.1469234540053926e-03
-7.1967825282879972e-03
-7.2469231385114616e-03
-7.2970662629418693e-03
-7.3469235646128018e-03
-7.3967833521584887e-03
-7.4469233323252466e-03
-7.4970658266347058e-03
-7.5469236849188305e-03
-7.5967840291333820e-03
-7.6469235175693493e-03
-7.6970655200996633e-03
-7.7469238127942444e-03
-7.7967845914617747e-03
-7.8469236961266758e-03
-7.8970653148480695e-03
-7.9469239465772435e-03
-7.9967850643137880e-03
-8.0469238694654034e-03
-8.0970651886426177e-03
-8.1469240849707907e-03
-8.1967854673325007e-03
-8.2469240387303827e-03
-8.2970651241308750e-03
-8.3469242269630563e-03
-8.3967858158503599e-03
-8.4469242048161794e-03
-8.4970651077664362e-03
-8.5469243717636902e-03
-8.5967861218312798e-03
-8.6469243684210648e-03
-8.6970651289806130e-03
-8.7469245187554705e-03
-8.7967863946136430e-03
-8.8469245300887706e-03
-8.8970651795225991e-03
-8.9469246674584984e-03
-8.9967866414867419e-03
-9.0469246902462382e-03
-9.0970652529559978e-03
-9.1469248174971679e-03
-9.1967868681391961e-03
-9.2469248492238493e-03
-9.2970653442523907e-03
-9.3469249685774001e-03
-9.3967870790081925e-03
-9.4469250072802755e-03
-9.4970654494912817e-03
-9.5469251204707440e-03
-9.5967872775614034e-03
-9.6469251646199745e-03
-9.6970655656118711e-03
-9.7469252729990522e-03
-9.7967874665002876e-03
-9.8469253213974324e-03
-9.8970656902249189e-03
-9.9469254260223933e-03
-9.9967876479368049e-03
-1.0046925477738089e-02
-1.0097065821466343e-02
-1.0146925579432389e-02
-1.0196787823517468e-02
-1.0246925633736092e-02
-1.0297065957880290e-02
-1.0346925733143808e-02
-1.0396787994528409e-02
-1.0446925789467935e-02
-1.0497066098332359e-02
-1.0546925887091635e-02
-1.0596788161974119e-02
-1.0646925944993297e-02
-1.0697066241935668e-02
-1.0746926041223409e-02
