0.0000000000000000e+00
7.9545454547507379e-05
1.5909090909433182e-04
2.3863003666529578e-04
3.1818181821517054e-04
3.9772727178164521e-04
4.7726639837237546e-04
5.5679919899378420e-04
6.3636363649420319e-04
7.2340908014304904e-04
8.2795449117215373e-04
8.5296808077064013e-04
8.7798104470482817e-04
9.0299338300685729e-04
9.2800509570625030e-04
9.5301618283662724e-04
9.7801440423226130e-04
1.0030120007327595e-03
1.0279980189283357e-03
1.0529834128389030e-03
1.0780125682062216e-03
1.1030410971305739e-03
1.1279997869922274e-03
1.1529578539332262e-03
1.1780111521342983e-03
1.2030638226825205e-03
1.2280011838768491e-03
1.2529379232149986e-03
1.2780100639304352e-03
1.3030815760498736e-03
1.3280022910759626e-03
1.3529223850748534e-03
1.3780092316198044e-03
1.4030954488309082e-03
1.4280031721877143e-03
1.4529102751646501e-03
1.4780085990233256e-03
1.5031062929712995e-03
1.5280038768484992e-03
1.5529008408519673e-03
1.5780081222960016e-03
1.6031147733793372e-03
1.6280044437973643e-03
1.6528934947341878e-03
1.6780077672184711e-03
1.7031214089912243e-03
1.7280049032686355e-03
1.7528877783728933e-03
1.7780075070856609e-03
1.8031266048130184e-03
1.8280052788571537e-03
1.8528833339684838e-03
1.8780073210531557e-03
1.9031306769379608e-03
1.9280055889793024e-03
1.9528798822743023e-03
1.9780071928513698e-03
2.0031338720623067e-03
2.0280058480072970e-03
2.0528772053527971e-03
2.0780071097861578e-03
2.1031363827226238e-03
2.1280060671589798e-03
2.1528751331100241e-03
2.1780070619465720e-03
2.2031383591861933e-03
2.2280062551888937e-03
2.2528735327943051e-03
2.2780070416027242e-03
2.3031399187333434e-03
2.3280064189293830e-03
2.3528723007977320e-03
2.3780070427140126e-03
2.4031411528907080e-03
2.4280065637127973e-03
2.4528713562616319e-03
2.4780070605727677e-03
2.5031421330968836e-03
2.5280066937017715e-03
2.5528706360756119e-03
2.5780070915022140e-03
2.6031429151031479e-03
2.6280068121431557e-03
2.6528700909855081e-03
2.6780071326313768e-03
2.7031435424217029e-03
2.7280069215724714e-03
2.7528696825507878e-03
2.7780071817216172e-03
2.8031440490143586e-03
2.8280070239682640e-03
2.8528693807710042e-03
2.8780072370257559e-03
2.9031444613851344e-03
2.9280071208759645e-03
2.9528691622316850e-03
2.9780072971802279e-03
3.0031448002182173e-03
3.0280072135004956e-03
3.0528690086580402e-03
3.0780073611197424e-03
3.1031450816608715e-03
3.1280073027795058e-03
3.1528689057838608e-03
3.1780074280109492e-03
3.2031453183088477e-03
3.2280073894485522e-03
3.2528688424810163e-03
3.2780074972079912e-03
3.3031455199982332e-03
3.3280074740811637e-03
3.3528688100625910e-03
3.3780075682034926e-03
3.4031456944031207e-03
3.4280075571244089e-03
3.4528688017481488e-03
3.4780076406044115e-03
3.5031458475143929e-03
3.5280076389266686e-03
3.5528688122452860e-03
3.5780077141005194e-03
3.6031459840072284e-03
3.6280077197611499e-03
3.6528688374240096e-03
3.6780077884519167e-03
3.7031461075290291e-03
3.7280077998396530e-03
3.7528688740620098e-03
3.7780078634716196e-03
3.8031462209280392e-03
3.8280078793290957e-03
3.8528689196432411e-03
3.8780079390122370e-03
3.9031463264272066e-03
3.9280079583589658e-03
3.9528689722042598e-03
3.9780080149597581e-03
4.0031464257596315e-03
4.0280080370278873e-03
4.0528690302124252e-03
4.0780080912246114e-03
4.1031465202804934e-03
4.1280081154173483e-03
4.1528690924711124e-03
4.1780081677359367e-03
4.2031466110445757e-03
4.2280081935877380e-03
4.2528691580484366e-03
4.2780082444415952e-03
4.3031466988768885e-03
4.3280082715872661e-03
4.3528692262147766e-03
4.3780083212975936e-03
4.4031467844220561e-03
4.4280083494526081e-03
4.4528692964013045e-03
4.4780083982705532e-03
4.5031468681808540e-03
4.5280084272139101e-03
4.5528693681658209e-03
4.5780084753350844e-03
