0.0000000000000000e+00
7.9545454547507379e-05
1.5909090909433182e-04
2.3863003666516758e-04
3.1818181821536521e-04
3.9772727178236003e-04
4.7726639837309884e-04
5.5679919899454325e-04
6.3636363649460651e-04
7.2340908014299082e-04
8.2795449117226041e-04
8.5296808077089275e-04
8.7798104470476095e-04
9.0299338300612274e-04
9.2800509570642171e-04
9.5301618283626652e-04
9.7801440423406021e-04
1.0030120007349199e-03
1.0279980189298913e-03
1.0529834128388659e-03
1.0780125682073468e-03
1.1030410971327464e-03
1.1279997869933075e-03
1.1529578539327180e-03
1.1780111521347515e-03
1.2030638226846577e-03
1.2280011838776460e-03
1.2529379232147139e-03
1.2780100639316477e-03
1.3030815760523558e-03
1.3280022910755599e-03
1.3529223850729175e-03
1.3780092316203751e-03
1.4030954488333856e-03
1.4280031721877417e-03
1.4529102751626197e-03
1.4780085990230207e-03
1.5031062929734156e-03
1.5280038768490016e-03
1.5529008408497642e-03
1.5780081222955343e-03
1.6031147733814582e-03
1.6280044437975876e-03
1.6528934947328733e-03
1.6780077672184073e-03
1.7031214089933406e-03
1.7280049032685162e-03
1.7528877783716619e-03
1.7780075070860774e-03
1.8031266048153180e-03
1.8280052788582435e-03
1.8528833339672695e-03
1.8780073210531087e-03
1.9031306769397714e-03
1.9280055889807021e-03
1.9528798822755556e-03
1.9780071928536813e-03
2.0031338720645098e-03
2.0280058480093015e-03
2.0528772053544681e-03
2.0780071097874198e-03
2.1031363827239699e-03
2.1280060671603350e-03
2.1528751331109401e-03
2.1780070619488463e-03
2.2031383591891288e-03
2.2280062551910404e-03
2.2528735327958702e-03
2.2780070416041904e-03
2.3031399187347741e-03
2.3280064189311203e-03
2.3528723007999182e-03
2.3780070427158904e-03
2.4031411528920585e-03
2.4280065637136573e-03
2.4528713562623748e-03
2.4780070605736914e-03
2.5031421330971235e-03
2.5280066937025435e-03
2.5528706360766653e-03
2.5780070915020232e-03
2.6031429151030269e-03
2.6280068121434779e-03
2.6528700909866287e-03
2.6780071326317836e-03
2.7031435424213273e-03
2.7280069215725737e-03
2.7528696825514835e-03
2.7780071817217478e-03
2.8031440490127531e-03
2.8280070239678416e-03
2.8528693807714301e-03
2.8780072370250152e-03
2.9031444613823354e-03
2.9280071208746122e-03
2.9528691622311295e-03
2.9780072971785638e-03
3.0031448002150567e-03
3.0280072134976983e-03
3.0528690086557113e-03
3.0780073611164135e-03
3.1031450816561366e-03
3.1280073027760563e-03
3.1528689057812743e-03
3.1780074280068418e-03
3.2031453183031262e-03
3.2280073894451738e-03
3.2528688424797066e-03
3.2780074972045435e-03
3.3031455199932897e-03
3.3280074740786496e-03
3.3528688100620970e-03
3.3780075682019310e-03
3.4031456943996396e-03
3.4280075571214833e-03
3.4528688017461760e-03
3.4780076406015527e-03
3.5031458475116438e-03
3.5280076389242270e-03
3.5528688122437209e-03
3.5780077140983393e-03
3.6031459840038427e-03
3.6280077197589806e-03
3.6528688374236635e-03
3.6780077884503892e-03
3.7031461075263468e-03
3.7280077998384118e-03
3.7528688740618636e-03
3.7780078634697886e-03
3.8031462209247892e-03
3.8280078793278731e-03
3.8528689196434826e-03
3.8780079390111502e-03
3.9031463264240225e-03
3.9280079583568868e-03
3.9528689722051098e-03
3.9780080149586974e-03
4.0031464257570875e-03
4.0280080370269705e-03
4.0528690302133220e-03
4.0780080912230380e-03
4.1031465202766423e-03
4.1280081154163673e-03
4.1528690924721246e-03
4.1780081677347987e-03
4.2031466110396334e-03
4.2280081935856433e-03
4.2528691580485355e-03
4.2780082444403202e-03
4.3031466988739204e-03
4.3280082715850482e-03
4.3528692262142354e-03
4.3780083212949499e-03
4.4031467844183741e-03
4.4280083494507979e-03
4.4528692964013105e-03
4.4780083982685287e-03
4.5031468681774236e-03
4.5280084272131651e-03
4.5528693681665677e-03
4.5780084753345588e-03
