0.0000000000000000e+00
0.0000000000000000e+00
0.0000000000000000e+00
0.0000000000000000e+00
0.0000000000000000e+00
0.0000000000000000e+00
0.0000000000000000e+00
0.0000000000000000e+00
0.0000000000000000e+00
1.5000020256663233e-05
6.5000126653932480e-05
1.1500928049947362e-04
1.6502657330947035e-04
2.1505120255841799e-04
2.6508245932352429e-04
3.1511971736994653e-04
3.6511971739498837e-04
4.1508694648719038e-04
4.6508694654251318e-04
5.1511604505240964e-04
5.6511604509989490e-04
6.1509048266191347e-04
6.6509048270084383e-04
7.1511321295232165e-04
7.6511321298620429e-04
8.1509327647079973e-04
8.6509327649861962e-04
9.1511103658232910e-04
9.6511103660671239e-04
1.0150954908986036e-03
1.0650954909186864e-03
1.1151093719874354e-03
1.1651093720053626e-03
1.2150972531465305e-03
1.2650972531612816e-03
1.3151081068155321e-03
1.3651081068288278e-03
1.4150986624883134e-03
1.4650986624992386e-03
1.5151071533786907e-03
1.5651071533886605e-03
1.6150997964023387e-03
1.6650997964104911e-03
1.7151064432394877e-03
1.7651064432469953e-03
1.8151007153567448e-03
1.8651007153628137e-03
1.9151059229847811e-03
1.9651059229905047e-03
2.0151014665442763e-03
2.0651014665489156e-03
2.1151055509278953e-03
2.1651055509323211e-03
2.2151020867970947e-03
2.2651020868006220e-03
2.3151052945336414e-03
2.3651052945371388e-03
2.4151026048607168e-03
2.4651026048633585e-03
2.5151051284095318e-03
2.5651051284122164e-03
2.6151030431696616e-03
2.6651030431716640e-03
2.7151050327375303e-03
2.7651050327396360e-03
2.8151034192335118e-03
2.8651034192350676e-03
2.9151049920508529e-03
2.9651049920525457e-03
3.0151037467177066e-03
3.0651037467188916e-03
3.1151049942779712e-03
3.1651049942793288e-03
3.2151040362873667e-03
3.2651040362882151e-03
3.3151050299975561e-03
3.3651050299986149e-03
3.4151042962661700e-03
3.4651042962668553e-03
3.5151050918566526e-03
3.5651050918574889e-03
3.6151045331505698e-03
3.6651045331509815e-03
3.7151051741164710e-03
3.7651051741171390e-03
3.8151047520105031e-03
3.8651047520107808e-03
3.9151052722981600e-03
3.9651052722986888e-03
4.0151049568031699e-03
4.0651049568033049e-03
4.1151053829063880e-03
4.1651053829068092e-03
4.2151051506170286e-03
4.2651051506171645e-03
4.3151055032131765e-03
4.3651055032135474e-03
4.4151053358624168e-03
4.4651053358624833e-03
4.5151056310891724e-03
4.5651056310895355e-03
4.6151055144205118e-03
4.6651055144205150e-03
4.7151057648727379e-03
4.7651057648730108e-03
4.8151056877592533e-03
4.8651056877592391e-03
4.9151059032667690e-03
4.9651059032670281e-03
5.0151058570246021e-03
5.0651058570245749e-03
5.1151060452592602e-03
5.1651060452595062e-03
5.2151060231109166e-03
5.2651060231108269e-03
5.3151061900600129e-03
5.3651061900602494e-03
5.4151061867159676e-03
5.4651061867158797e-03
5.5151063370526589e-03
5.5651063370528338e-03
5.6151063483844991e-03
5.6651063483843835e-03
5.7151064857558220e-03
5.7651064857559926e-03
5.8151065085416667e-03
5.8651065085415857e-03
5.9151066357942209e-03
5.9651066357944253e-03
6.0151066675195319e-03
6.0651066675194761e-03
6.1151067868747341e-03
6.1651067868749715e-03
6.2151068255768896e-03
6.2651068255768043e-03
6.3151069387685013e-03
6.3651069387687491e-03
6.4151069829158688e-03
6.4651069829158320e-03
6.5151070912970758e-03
6.5651070912973140e-03
6.6151071396941055e-03
6.6651071396940193e-03
6.7151072443208254e-03
6.7651072443210081e-03
6.8151072960344772e-03
6.8651072960343763e-03
6.9151073977310566e-03
6.9651073977312506e-03
7.0151074520332975e-03
7.0651074520331246e-03
7.1151075514428504e-03
7.1651075514429369e-03
7.2151076077652428e-03
7.2651076077650161e-03
7.3151077053899352e-03
7.3651077053900633e-03
7.4151077632892207e-03
7.4651077632890989e-03
7.5151078595211028e-03
7.5651078595212742e-03
