0.0000000000000000e+00
-3.5000000000916984e+01
-7.0000000000498062e+01
-1.0501392466388170e+02
-1.4000000000446187e+02
-1.7499999158791027e+02
-2.1001390782981207e+02
-2.4504175715365102e+02
-2.8000000001821604e+02
-3.1500003498168854e+02
-3.5000018546988025e+02
-3.5001177385361348e+02
-3.5002303244389054e+02
-3.5003403189335978e+02
-3.5004483461782723e+02
-3.5005549575626560e+02
-3.5000000001964492e+02
-3.4994776759036290e+02
-3.5000000003816479e+02
-3.5005006189598862e+02
-3.5000000002666690e+02
-3.4995256806683284e+02
-3.5000000001706212e+02
-3.5004582093671877e+02
-3.5000000000969328e+02
-3.4995631464832434e+02
-3.5000000000363195e+02
-3.5004251104238813e+02
-3.4999999999849132e+02
-3.4995923870544254e+02
-3.4999999999453325e+02
-3.5003992780551380e+02
-3.4999999999107831e+02
-3.4996152081481762e+02
-3.4999999998859249e+02
-3.5003791169509367e+02
-3.4999999998602789e+02
-3.4996330190903791e+02
-3.4999999998460953e+02
-3.5003633820367457e+02
-3.4999999998267299e+02
-3.4996469198109332e+02
-3.4999999998196512e+02
-3.5003511015846914e+02
-3.4999999998038550e+02
-3.4996577687555367e+02
-3.4999999997991165e+02
-3.5003415171937939e+02
-3.4999999997864415e+02
-3.4996662359140873e+02
-3.4999999997866723e+02
-3.5003340369758564e+02
-3.4999999997750876e+02
-3.4996728441827150e+02
-3.4999999997775228e+02
-3.5003281989772347e+02
-3.4999999997674405e+02
-3.4996780016605896e+02
-3.4999999997709898e+02
-3.5003236426651114e+02
-3.4999999997627060e+02
-3.4996820268571292e+02
-3.4999999997676042e+02
-3.5003200866563367e+02
-3.4999999997604357e+02
-3.4996851683523084e+02
-3.4999999997641726e+02
-3.5003173113439152e+02
-3.4999999997562395e+02
-3.4996876201525112e+02
-3.4999999997624030e+02
-3.5003151453351154e+02
-3.4999999997552601e+02
-3.4996895336760963e+02
-3.4999999997614475e+02
-3.5003134548617118e+02
-3.4999999997538384e+02
-3.4996910270933540e+02
-3.4999999997601094e+02
-3.5003121355227927e+02
-3.4999999997521206e+02
-3.4996921926361370e+02
-3.4999999997582393e+02
-3.5003111058423167e+02
-3.4999999997506097e+02
-3.4996931022859172e+02
-3.4999999997578720e+02
-3.5003103022275059e+02
-3.4999999997500078e+02
-3.4996938122224037e+02
-3.4999999997571706e+02
-3.5003096750476561e+02
-3.4999999997492796e+02
-3.4996943662894336e+02
-3.4999999997567130e+02
-3.5003091855675791e+02
-3.4999999997481916e+02
-3.4996947987075805e+02
-3.4999999997544393e+02
-3.5003088035563661e+02
-3.4999999997468154e+02
-3.4996951361810704e+02
-3.4999999997539601e+02
-3.5003085054240807e+02
-3.4999999997472503e+02
-3.4996953995583243e+02
-3.4999999997546013e+02
-3.5003082727522985e+02
-3.4999999997465517e+02
-3.4996956051023926e+02
-3.4999999997538089e+02
-3.5003080911714198e+02
-3.4999999997462839e+02
-3.4996957655133127e+02
-3.4999999997532177e+02
-3.5003079494628770e+02
-3.4999999997459474e+02
-3.4996958906973174e+02
-3.4999999997529596e+02
-3.5003078388746286e+02
-3.4999999997448202e+02
-3.4996959883884972e+02
-3.4999999997519228e+02
-3.5003077525733175e+02
-3.4999999997446082e+02
-3.4996960646232378e+02
-3.4999999997517841e+02
-3.5003076852300876e+02
-3.4999999997446685e+02
-3.4996961241130356e+02
-3.4999999997509053e+02
-3.5003076326789306e+02
-3.4999999997435776e+02
-3.4996961705303511e+02
-3.4999999997492415e+02
-3.5003075916737839e+02
-3.4999999997424254e+02
-3.4996962067494849e+02
-3.4999999997499447e+02
-3.5003075596808458e+02
-3.4999999997420883e+02
-3.4996962350065115e+02
-3.4999999997492063e+02
-3.5003075347216316e+02
-3.4999999997421867e+02
-3.4996962570512869e+02
-3.4999999997497804e+02
-3.5003075152517698e+02
-3.4999999997413767e+02
-3.4996962742455685e+02
-3.4999999997486293e+02
-3.5003075000655690e+02
-3.4999999997413670e+02
-3.4996962876565442e+02
-3.4999999997490397e+02
-3.5003074882246386e+02
-3.4999999997425914e+02
-3.4996962981159612e+02
-3.4999999997511833e+02
-3.5003074789925785e+02
-3.4999999997437982e+02
