0.0000000000000000e+00
-4.5937191153597474e-12
3.3845626014860897e-10
-5.5695103916527638e-03
3.4463623492018332e-09
2.6654550985419521e-06
-5.5641818773666434e-03
-1.6703198658263505e-02
1.3187019824698289e-08
-1.4725020730482081e-05
-7.9072599403369825e-05
-2.6200080599893937e-03
-5.7396338930787629e-03
-9.4026444325135249e-03
-1.3577852720922469e-02
-1.8237709851157254e-02
5.4705158078966063e-09
1.9461501934828263e-02
1.7225058383748289e-08
-2.0963386098168342e-02
2.0860908168659014e-08
2.1869495274209286e-02
2.1922713768202213e-08
-2.3090685256579785e-02
2.4215512724732553e-08
2.3748836371987582e-02
2.4234213426193017e-08
-2.4750958688336343e-02
2.5944331109683785e-08
2.5215586558965896e-02
2.5537261808133432e-08
-2.6046736839949593e-02
2.6879681732923412e-08
2.6360326470371953e-02
2.6175835671518740e-08
-2.7058040915956948e-02
2.7272278573331221e-08
2.7253750551293622e-02
2.6356792113251057e-08
-2.7847324322814181e-02
2.7294406296349488e-08
2.7951032695133857e-02
2.6220242621320448e-08
-2.8463329515618630e-02
2.7139717692404713e-08
2.8495234308488396e-02
2.6176068723840086e-08
-2.8944097437177536e-02
2.7128664470594230e-08
2.8919962495387658e-02
2.6046948909121149e-08
-2.9319318627067194e-02
2.6951846599784645e-08
2.9251446607853119e-02
2.5865881774657545e-08
-2.9612164622391610e-02
2.6882036532717024e-08
2.9510157635931452e-02
2.5653271029425526e-08
-2.9840720249125777e-02
2.6492316170151338e-08
2.9712071811101678e-02
2.5320705817445892e-08
-3.0019099709543549e-02
2.6181582912188113e-08
2.9869658797805041e-02
2.5246443774632676e-08
-3.0158318525948906e-02
2.6141115864990783e-08
2.9992649984294396e-02
2.5033444473987715e-08
-3.0266974323715622e-02
2.5918526370882051e-08
3.0088640491663852e-02
2.4763038138559698e-08
-3.0351776774495770e-02
2.5731314508754707e-08
3.0163558243863891e-02
2.4723940356111283e-08
-3.0417962427025210e-02
2.5626663083354766e-08
3.0222029472796307e-02
2.4612196848569530e-08
-3.0469618683254346e-02
2.5633495263792262e-08
3.0267664755838579e-02
2.4492645024544632e-08
-3.0509935341330188e-02
2.5532205626979855e-08
3.0303282183904792e-02
2.4406408213683614e-08
-3.0541401661259814e-02
2.5471800725213592e-08
3.0331081172080217e-02
2.4413936846917412e-08
-3.0565960755134746e-02
2.5488809751631553e-08
3.0352777983968057e-02
2.4512283902981650e-08
-3.0585129029506105e-02
2.5553795163157199e-08
3.0369712673371078e-02
2.4474755949089112e-08
-3.0600090271801897e-02
2.5399983333641391e-08
3.0382930188749224e-02
2.4414844733628372e-08
-3.0611767723188216e-02
2.5488539810498755e-08
3.0393247158508611e-02
2.4509372835159174e-08
-3.0620882433850735e-02
2.5579040864586414e-08
3.0401299954688436e-02
2.4495754654139111e-08
-3.0627997165751875e-02
2.5549744484237802e-08
3.0407585892738769e-02
2.4540133430541728e-08
-3.0633550727110794e-02
2.5625042320821851e-08
3.0412492694168042e-02
2.4636280547033617e-08
-3.0637885865817904e-02
2.5695108630943984e-08
3.0416323275648922e-02
2.4735723788025044e-08
-3.0641270324144897e-02
2.5719577746836707e-08
3.0419313719968356e-02
2.4860776855775278e-08
-3.0643912565874135e-02
2.5889065831568430e-08
3.0421648798218952e-02
2.4972547072672289e-08
-3.0645975575755654e-02
2.6039000305432285e-08
3.0423472142362920e-02
2.5005630284277178e-08
-3.0647586718160071e-02
2.6047705910427134e-08
3.0424896061705904e-02
2.5043503754788425e-08
-3.0648845224408302e-02
2.6001088739158571e-08
3.0426008225156710e-02
2.4906039778494470e-08
-3.0649828414217477e-02
2.6075564667585234e-08
3.0426877436221033e-02
2.4953092168622794e-08
-3.0650596771008533e-02
2.5915630073012056e-08
3.0427556571013398e-02
2.4872825937958719e-08
-3.0651197465412328e-02
2.5853453399058363e-08
3.0428087485157330e-02
2.4796322757748636e-08
-3.0651667131881000e-02
2.5820172634493618e-08
