0.0000000000000000e+00
-4.5937191153597474e-12
3.3845626014860897e-10
-5.5695103799396264e-03
3.4196507461057566e-09
2.6653900869497897e-06
-5.5641819439682938e-03
-1.6703198738410838e-02
1.3136702053900591e-08
-1.4725030139743439e-05
-7.9072622828847569e-05
-2.6200080852851861e-03
-5.7396338944673154e-03
-9.4026443924382780e-03
-1.3577852721256629e-02
-1.8237709836400388e-02
5.3227530909582581e-09
1.9461501742850280e-02
1.7090894431849236e-08
-2.0963386087046919e-02
2.0775139606170569e-08
2.1869495095738732e-02
2.1813944967762179e-08
-2.3090685225477976e-02
2.4162712503727473e-08
2.3748836169939835e-02
2.4140567244627719e-08
-2.4750958669823259e-02
2.5840232922283996e-08
2.5215586337982352e-02
2.5561282006125571e-08
-2.6046736689995166e-02
2.6818183445204863e-08
2.6360326229502538e-02
2.6140557326679826e-08
-2.7058040770591093e-02
2.7263888176092805e-08
2.7253750342637870e-02
2.6274980628438991e-08
-2.7847324123211090e-02
2.7297558051953608e-08
2.7951032475781980e-02
2.6153542203217686e-08
-2.8463329431296352e-02
2.7102857667607479e-08
2.8495234084669249e-02
2.6138044533870923e-08
-2.8944097387469996e-02
2.7028249859229691e-08
2.8919962230229915e-02
2.5897260966153527e-08
-2.9319318587714541e-02
2.6880720215977253e-08
2.9251446398458166e-02
2.5680853112960965e-08
-2.9612164785355000e-02
2.6623002249583479e-08
2.9510157402312089e-02
2.5431461360829169e-08
-2.9840720427671021e-02
2.6333219771873185e-08
2.9712071653723821e-02
2.5160186364695897e-08
-3.0019099824666065e-02
2.5939884111533545e-08
2.9869658492085938e-02
2.5029477390691203e-08
-3.0158318690253663e-02
2.5996444563684795e-08
2.9992649836297382e-02
2.4855326767197562e-08
-3.0266974538327683e-02
2.5745799450625435e-08
3.0088640362795679e-02
2.4645277239199483e-08
-3.0351776885125838e-02
2.5618575534953256e-08
3.0163558193296598e-02
2.4626307423693163e-08
-3.0417962538528041e-02
2.5625458391828243e-08
3.0222029459234009e-02
2.4562917099114147e-08
-3.0469618803889074e-02
2.5582257706137424e-08
3.0267664786582989e-02
2.4494297285067916e-08
-3.0509935405602547e-02
2.5519024746141390e-08
3.0303282304404527e-02
2.4424208730289759e-08
-3.0541401702124386e-02
2.5515963453865088e-08
3.0331081378237548e-02
2.4518711987618092e-08
-3.0565960741660868e-02
2.5617634488258025e-08
3.0352778237500384e-02
2.4730675770577845e-08
-3.0585128865248948e-02
2.5806094197393627e-08
3.0369713068709944e-02
2.4738368576510050e-08
-3.0600090092471929e-02
2.5692079483240262e-08
3.0382930634021612e-02
2.4631756309994332e-08
-3.0611767670874590e-02
2.5714637880943355e-08
3.0393247513065817e-02
2.4671289140869817e-08
-3.0620882478223539e-02
2.5655749298839223e-08
3.0401300203046207e-02
2.4682664805819771e-08
-3.0627997048962557e-02
2.5734852505540118e-08
3.0407586080120782e-02
2.4696675085504599e-08
-3.0633550644339695e-02
2.5761638724956319e-08
3.0412492938153346e-02
2.4744825871837647e-08
-3.0637885924775544e-02
2.5729562140808824e-08
3.0416323419508319e-02
2.4741318160247280e-08
-3.0641270420023008e-02
2.5755349346158741e-08
3.0419313880017299e-02
2.4850457276734612e-08
-3.0643912699356561e-02
2.5873665746050351e-08
3.0421648965988150e-02
2.5005056986154905e-08
-3.0645975786453943e-02
2.5969792709022250e-08
3.0423472203834460e-02
2.4928283317522603e-08
-3.0647586963689709e-02
2.6018764275074804e-08
3.0424896214225138e-02
2.4947153487386918e-08
-3.0648845490733469e-02
2.5924711938902484e-08
3.0426008455477355e-02
2.4940981642470674e-08
-3.0649828584125485e-02
2.6035805919069393e-08
3.0426877543003848e-02
2.4978937741867760e-08
-3.0650596893430002e-02
2.5989042490532134e-08
3.0427556725892629e-02
2.4866050671822070e-08
-3.0651197625141801e-02
2.5883784706318410e-08
3.0428087636649764e-02
2.4722872162102791e-08
-3.0651667374524599e-02
2.5723506583377522e-08
