2.9999999999999983e+02
2.9999999999999983e+02
2.9999999999999983e+02
2.9999999999999983e+02
2.9999999999999983e+02
2.9999999999999983e+02
2.9999999999999983e+02
2.9999999999999983e+02
2.9999999999999983e+02
3.1500002025666311e+02
3.5000010639726918e+02
3.5000915384554094e+02
3.5001729280999666e+02
3.5002462924894746e+02
3.5003125676510621e+02
3.5003725804642175e+02
3.5000000002504186e+02
3.4996722909220188e+02
3.5000000005532274e+02
3.5002909850989613e+02
3.5000000004748529e+02
3.4997443756201807e+02
3.5000000003893035e+02
3.5002273025147787e+02
3.5000000003388232e+02
3.4998006348459512e+02
3.5000000002781934e+02
3.5001776008370928e+02
3.5000000002438355e+02
3.4998445429189104e+02
3.5000000002008255e+02
3.5001388106874930e+02
3.5000000001792716e+02
3.4998788114116746e+02
3.5000000001475081e+02
3.5001085365425035e+02
3.5000000001329585e+02
3.4999055565948510e+02
3.5000000001092519e+02
3.5000849087945164e+02
3.5000000000996903e+02
3.4999264301367862e+02
3.5000000000815180e+02
3.5000664682899571e+02
3.5000000000750669e+02
3.4999427210975034e+02
3.5000000000606889e+02
3.5000520762196709e+02
3.5000000000572243e+02
3.4999554355377160e+02
3.5000000000463911e+02
3.5000408437897812e+02
3.5000000000442509e+02
3.4999653586477461e+02
3.5000000000352617e+02
3.5000320773301928e+02
3.5000000000349667e+02
3.4999731032357806e+02
3.5000000000264123e+02
3.5000252354617288e+02
3.5000000000268363e+02
3.4999791475744530e+02
3.5000000000200100e+02
3.5000198956586678e+02
3.5000000000210434e+02
3.4999838649387578e+02
3.5000000000155552e+02
3.5000157281578356e+02
3.5000000000169285e+02
3.4999875466516141e+02
3.5000000000118473e+02
3.5000124755908064e+02
3.5000000000135827e+02
3.4999904200803672e+02
3.5000000000084913e+02
3.5000099370934151e+02
3.5000000000105865e+02
3.4999926626755382e+02
3.5000000000068610e+02
3.5000079558979644e+02
3.5000000000083804e+02
3.4999944129307971e+02
3.5000000000041155e+02
3.5000064096548817e+02
3.5000000000066905e+02
3.4999957789336293e+02
3.5000000000028069e+02
3.5000052028737701e+02
3.5000000000052643e+02
3.4999968450448455e+02
3.5000000000013262e+02
3.5000042610308407e+02
3.5000000000042201e+02
3.4999976771021846e+02
3.5000000000013756e+02
3.5000035259600963e+02
3.5000000000037227e+02
3.4999983264886907e+02
3.5000000000006526e+02
3.5000029522668933e+02
3.5000000000036152e+02
3.4999988333097815e+02
3.5000000000000250e+02
3.5000025045222588e+02
3.5000000000027097e+02
3.4999992288624384e+02
3.4999999999998340e+02
3.5000021550753252e+02
3.5000000000025682e+02
3.4999995375757516e+02
3.4999999999997141e+02
3.5000018823468622e+02
3.5000000000024602e+02
3.4999997785141022e+02
3.4999999999991110e+02
3.5000016694918020e+02
3.5000000000023698e+02
3.4999999665571823e+02
3.4999999999991445e+02
3.5000015033677732e+02
3.5000000000017559e+02
3.5000001133166609e+02
3.4999999999988290e+02
3.5000013737143649e+02
3.5000000000017326e+02
3.5000002278567132e+02
3.4999999999991667e+02
3.5000012725263673e+02
3.5000000000020395e+02
3.5000003172510355e+02
3.4999999999994628e+02
3.5000011935526027e+02
3.5000000000023908e+02
3.5000003870191705e+02
3.4999999999991286e+02
3.5000011319169715e+02
3.5000000000024693e+02
3.5000004414712151e+02
3.4999999999996135e+02
3.5000010838124388e+02
3.5000000000024204e+02
3.5000004839678911e+02
3.4999999999991604e+02
3.5000010462680558e+02
3.5000000000018150e+02
3.5000005171346885e+02
3.4999999999990166e+02
3.5000010169667780e+02
3.5000000000019338e+02
3.5000005430204681e+02
3.4999999999982924e+02
3.5000009940972473e+02
3.5000000000008924e+02
3.5000005632230295e+02
3.4999999999977354e+02
3.5000009762491828e+02
3.5000000000012778e+02
3.5000005789915690e+02
3.4999999999987796e+02
3.5000009623200413e+02
3.5000000000015172e+02
