0.0000000000000000e+00
3.5000000000912415e+01
7.0000000000836536e+01
1.0500835515349588e+02
1.4000000000789487e+02
1.7499999425333277e+02
2.1000834364790137e+02
2.4502505395495271e+02
2.8000000003137774e+02
3.1500002025666305e+02
3.5000010639726918e+02
3.5000915384554094e+02
3.5001729280999666e+02
3.5002462924894758e+02
3.5003125676510598e+02
3.5003725804642175e+02
3.5000000002504152e+02
3.4996722909220188e+02
3.5000000005532286e+02
3.5002909850989619e+02
3.5000000004748495e+02
3.4997443756201784e+02
3.5000000003893024e+02
3.5002273025147781e+02
3.5000000003388243e+02
3.4998006348459535e+02
3.5000000002781911e+02
3.5001776008370916e+02
3.5000000002438355e+02
3.4998445429189104e+02
3.5000000002008238e+02
3.5001388106874901e+02
3.5000000001792716e+02
3.4998788114116752e+02
3.5000000001475081e+02
3.5001085365425030e+02
3.5000000001329579e+02
3.4999055565948510e+02
3.5000000001092525e+02
3.5000849087945159e+02
3.5000000000996897e+02
3.4999264301367873e+02
3.5000000000815180e+02
3.5000664682899571e+02
3.5000000000750669e+02
3.4999427210975023e+02
3.5000000000606866e+02
3.5000520762196697e+02
3.5000000000572254e+02
3.4999554355377160e+02
3.5000000000463916e+02
3.5000408437897806e+02
3.5000000000442520e+02
3.4999653586477473e+02
3.5000000000352588e+02
3.5000320773301951e+02
3.5000000000349644e+02
3.4999731032357806e+02
3.5000000000264129e+02
3.5000252354617243e+02
3.5000000000268346e+02
3.4999791475744530e+02
3.5000000000200100e+02
3.5000198956586655e+02
3.5000000000210434e+02
3.4999838649387544e+02
3.5000000000155541e+02
3.5000157281578345e+02
3.5000000000169285e+02
3.4999875466516141e+02
3.5000000000118462e+02
3.5000124755908058e+02
3.5000000000135822e+02
3.4999904200803689e+02
3.5000000000084896e+02
3.5000099370934151e+02
3.5000000000105877e+02
3.4999926626755382e+02
3.5000000000068610e+02
3.5000079558979627e+02
3.5000000000083804e+02
3.4999944129307988e+02
3.5000000000041143e+02
3.5000064096548817e+02
3.5000000000066882e+02
3.4999957789336293e+02
3.5000000000028069e+02
3.5000052028737701e+02
3.5000000000052643e+02
3.4999968450448443e+02
3.5000000000013250e+02
3.5000042610308395e+02
3.5000000000042184e+02
3.4999976771021846e+02
3.5000000000013750e+02
3.5000035259600963e+02
3.5000000000037227e+02
3.4999983264886885e+02
3.5000000000006537e+02
3.5000029522668910e+02
3.5000000000036164e+02
3.4999988333097804e+02
3.5000000000000250e+02
3.5000025045222588e+02
3.5000000000027075e+02
3.4999992288624355e+02
3.4999999999998340e+02
3.5000021550753240e+02
3.5000000000025682e+02
3.4999995375757493e+02
3.4999999999997135e+02
3.5000018823468577e+02
3.5000000000024602e+02
3.4999997785141022e+02
3.4999999999991110e+02
3.5000016694918043e+02
3.5000000000023709e+02
3.4999999665571829e+02
3.4999999999991434e+02
3.5000015033677732e+02
3.5000000000017531e+02
3.5000001133166609e+02
3.4999999999988279e+02
3.5000013737143638e+02
3.5000000000017303e+02
3.5000002278567143e+02
3.4999999999991667e+02
3.5000012725263662e+02
3.5000000000020395e+02
3.5000003172510367e+02
3.4999999999994634e+02
3.5000011935526049e+02
3.5000000000023914e+02
3.5000003870191705e+02
3.4999999999991286e+02
3.5000011319169704e+02
3.5000000000024676e+02
3.5000004414712151e+02
3.4999999999996140e+02
3.5000010838124382e+02
3.5000000000024204e+02
3.5000004839678905e+02
3.4999999999991581e+02
3.5000010462680569e+02
3.5000000000018150e+02
3.5000005171346879e+02
3.4999999999990160e+02
3.5000010169667786e+02
3.5000000000019349e+02
3.5000005430204658e+02
3.4999999999982919e+02
3.5000009940972461e+02
3.5000000000008913e+02
3.5000005632230295e+02
3.4999999999977359e+02
3.5000009762491828e+02
3.5000000000012773e+02
3.5000005789915684e+02
3.4999999999987784e+02
3.5000009623200441e+02
3.5000000000015177e+02
