0.0000000000000000e+00
-8.0000000033825149e-04
-1.6000000002501838e-03
-2.4000000002503785e-03
-3.5715801131111892e-03
-5.2656405462987704e-03
-5.9038858459426902e-03
-6.3599552698036417e-03
-6.6856835562459985e-03
-6.9183459778822190e-03
-7.0845331420578191e-03
-7.2032381122569154e-03
-7.2880273015059451e-03
-7.3485909697097711e-03
-7.3918507131000202e-03
-7.4227505197951094e-03
-7.4448218051803884e-03
-7.4605870064185804e-03
-7.4718478631145340e-03
-7.4798913315037531e-03
-7.4856366657209249e-03
-7.4897404756988726e-03
-7.4938443025184872e-03
-7.4951719995366949e-03
-7.4964996983180269e-03
-7.4978273988619785e-03
-7.4991551011692288e-03
-7.5004828052391863e-03
-7.4998346032820792e-03
-7.4991864017442877e-03
-7.4998346024122047e-03
-7.5004828035002535e-03
-7.5011310050087801e-03
-7.5017792069377717e-03
-7.5007785117449464e-03
-7.5010899143123280e-03
-7.5014013169769911e-03
-7.5017127197386461e-03
-7.5020241225967968e-03
-7.5023355255516297e-03
-7.5026469286039689e-03
-7.5013537331237523e-03
-7.5018952264374788e-03
-7.5024367200438053e-03
-7.5013537331936955e-03
-7.5018952255631694e-03
-7.5024367182266582e-03
-7.5013537331926538e-03
-7.5018952255630654e-03
-7.5024367182264353e-03
-7.5013537331933763e-03
-7.5018952255636465e-03
-7.5024367182268629e-03
-7.5013537331932202e-03
-7.5018952255631382e-03
-7.5024367182270632e-03
-7.5013537331931196e-03
-7.5018952255631269e-03
-7.5024367182269670e-03
-7.5013537331932193e-03
-7.5018952255632146e-03
-7.5024367182257206e-03
-7.5013537331929522e-03
-7.5018952255618684e-03
-7.5024367182254569e-03
-7.5013537331929357e-03
-7.5018952255626742e-03
-7.5024367182259574e-03
-7.5013537331924118e-03
-7.5018952255624617e-03
-7.5024367182261057e-03
-7.5013537331925107e-03
-7.5018952255623628e-03
-7.5024367182255228e-03
-7.5013537331915332e-03
-7.5018952255619213e-03
-7.5024367182251594e-03
-7.5013537331917856e-03
-7.5018952255621781e-03
-7.5024367182256711e-03
-7.5013537331921377e-03
-7.5018952255608441e-03
-7.5024367182244056e-03
-7.5013537331915410e-03
-7.5018952255616524e-03
-7.5024367182246893e-03
-7.5013537331917943e-03
-7.5018952255625710e-03
-7.5024367182259175e-03
-7.5013537331918810e-03
-7.5018952255617444e-03
-7.5024367182244308e-03
-7.5013537331914040e-03
-7.5018952255613090e-03
-7.5024367182251151e-03
-7.5013537331907040e-03
-7.5018952255607391e-03
-7.5024367182244620e-03
-7.5013537331905800e-03
-7.5018952255604190e-03
-7.5024367182242513e-03
-7.5013537331906520e-03
-7.5018952255612890e-03
-7.5024367182246901e-03
-7.5013537331911420e-03
-7.5018952255612569e-03
-7.5024367182246121e-03
-7.5013537331906788e-03
-7.5018952255606168e-03
-7.5024367182231341e-03
-7.5013537331892130e-03
-7.5018952255593366e-03
-7.5024367182227941e-03
-7.5013537331889459e-03
-7.5018952255587563e-03
-7.5024367182222182e-03
-7.5013537331890586e-03
-7.5018952255590556e-03
-7.5024367182228106e-03
-7.5013537331891852e-03
-7.5018952255592759e-03
-7.5024367182224914e-03
-7.5013537331878573e-03
-7.5018952255582706e-03
-7.5024367182210290e-03
-7.5013537331881739e-03
-7.5018952255593366e-03
-7.5024367182226258e-03
-7.5013537331884593e-03
-7.5018952255587173e-03
-7.5024367182214358e-03
-7.5013537331883135e-03
-7.5018952255588413e-03
-7.5024367182216735e-03
-7.5013537331881765e-03
-7.5018952255584449e-03
-7.5024367182222980e-03
-7.5013537331889580e-03
-7.5018952255588855e-03
-7.5024367182225139e-03
-7.5013537331891323e-03
-7.5018952255592394e-03
-7.5024367182224723e-03
-7.5013537331886137e-03
-7.5018952255589168e-03
-7.5024367182222797e-03
-7.5013537331887854e-03
-7.5018952255597659e-03
-7.5024367182233900e-03
-7.5013537331896987e-03
-7.5018952255597390e-03
-7.5024367182221496e-03
-7.5013537331891688e-03
-7.5018952255589749e-03
-7.5024367182224723e-03
-7.5013537331890204e-03
-7.5018952255594476e-03
-7.5024367182232755e-03
-7.5013537331893188e-03
-7.5018952255600894e-03
-7.5024367182237907e-03
