0.0000000000000000e+00
2.0000000008920152e-04
4.0000000014636428e-04
6.0000000014644780e-04
9.8571714744587549e-04
1.6326762338720103e-03
1.9519429224765154e-03
2.1799600033070255e-03
2.3428327716473255e-03
2.4591683978933314e-03
2.5422642295092009e-03
2.6016178617830521e-03
2.6440130415058319e-03
2.6742951740551320e-03
2.6959251979935340e-03
2.7113751790062536e-03
2.7224108613206825e-03
2.7302934821547033e-03
2.7359239208158475e-03
2.7399456602725993e-03
2.7428183300652782e-03
2.7448702364246285e-03
2.7469221385723261e-03
2.7475859956903538e-03
2.7482498523673888e-03
2.7489137086027897e-03
2.7495775643975148e-03
2.7502414197516155e-03
2.7499172995758647e-03
2.7495931792959213e-03
2.7499173000755514e-03
2.7502414207508687e-03
2.7505655413200486e-03
2.7508896617832825e-03
2.7503892544364006e-03
2.7505449559976753e-03
2.7507006575346092e-03
2.7508563590463745e-03
2.7510120605341490e-03
2.7511677619988847e-03
2.7513234634385510e-03
2.7506768652012341e-03
2.7509476109487375e-03
2.7512183566234414e-03
2.7506768652025559e-03
2.7509476110031666e-03
2.7512183567303529e-03
2.7506768652019288e-03
2.7509476110024432e-03
2.7512183567295670e-03
2.7506768652010034e-03
2.7509476110021223e-03
2.7512183567294695e-03
2.7506768652009904e-03
2.7509476110020269e-03
2.7512183567288623e-03
2.7506768652008290e-03
2.7509476110015012e-03
2.7512183567284499e-03
2.7506768652007206e-03
2.7509476110014917e-03
2.7512183567292344e-03
2.7506768652001377e-03
2.7509476110012675e-03
2.7512183567283631e-03
2.7506768652006915e-03
2.7509476110015160e-03
2.7512183567286290e-03
2.7506768652009253e-03
2.7509476110011335e-03
2.7512183567285305e-03
2.7506768652002449e-03
2.7509476110011352e-03
2.7512183567284833e-03
2.7506768652001403e-03
2.7509476110013538e-03
2.7512183567279976e-03
2.7506768651996989e-03
2.7509476110009288e-03
2.7512183567283354e-03
2.7506768652004461e-03
2.7509476110014015e-03
2.7512183567282647e-03
2.7506768652002379e-03
2.7509476110011239e-03
2.7512183567282708e-03
2.7506768652001390e-03
2.7509476110007783e-03
2.7512183567281853e-03
2.7506768651998324e-03
2.7509476110003498e-03
2.7512183567277326e-03
2.7506768651993480e-03
2.7509476110008728e-03
2.7512183567282760e-03
2.7506768651998767e-03
2.7509476110013850e-03
2.7512183567278753e-03
2.7506768651997878e-03
2.7509476110003516e-03
2.7512183567271788e-03
2.7506768651992010e-03
2.7509476109999695e-03
2.7512183567279208e-03
2.7506768651993970e-03
2.7509476110001291e-03
2.7512183567276246e-03
2.7506768651994269e-03
2.7509476110002288e-03
2.7512183567276441e-03
2.7506768651998181e-03
2.7509476110008663e-03
2.7512183567280721e-03
2.7506768652000935e-03
2.7509476110008221e-03
2.7512183567283618e-03
2.7506768652004183e-03
2.7509476110011864e-03
2.7512183567291086e-03
2.7506768652000978e-03
2.7509476110010624e-03
2.7512183567280917e-03
2.7506768651996459e-03
2.7509476110005359e-03
2.7512183567278605e-03
2.7506768651991706e-03
2.7509476109999747e-03
2.7512183567270782e-03
2.7506768651986997e-03
2.7509476109996794e-03
2.7512183567266995e-03
2.7506768651983124e-03
2.7509476109987491e-03
2.7512183567256505e-03
2.7506768651983835e-03
2.7509476109991251e-03
2.7512183567274858e-03
2.7506768651982226e-03
2.7509476109990796e-03
2.7512183567268448e-03
2.7506768651987942e-03
2.7509476109995362e-03
2.7512183567269333e-03
2.7506768651989330e-03
2.7509476109991863e-03
2.7512183567265959e-03
2.7506768651989963e-03
2.7509476109991550e-03
2.7512183567259775e-03
2.7506768651983640e-03
2.7509476109993814e-03
2.7512183567271623e-03
2.7506768651987114e-03
2.7509476109999166e-03
2.7512183567280253e-03
2.7506768651993107e-03
2.7509476110003260e-03
2.7512183567272230e-03
2.7506768651996546e-03
2.7509476110002067e-03
2.7512183567271501e-03
