0.0000000000000000e+00
2.0000000008936049e-04
4.0000000014677720e-04
6.0000000014697841e-04
9.8571714744562135e-04
1.6326762338723596e-03
1.9519429224771579e-03
2.1799600033076210e-03
2.3428327716478732e-03
2.4591683978938488e-03
2.5422642295100497e-03
2.6016178617843696e-03
2.6440130415065900e-03
2.6742951740558614e-03
2.6959251979938718e-03
2.7113751790071670e-03
2.7224108613219627e-03
2.7302934821552358e-03
2.7359239208168107e-03
2.7399456602732138e-03
2.7428183300664166e-03
2.7448702364249590e-03
2.7469221385730686e-03
2.7475859956903382e-03
2.7482498523672240e-03
2.7489137086029090e-03
2.7495775643979412e-03
2.7502414197517122e-03
2.7499172995760811e-03
2.7495931792952369e-03
2.7499173000750184e-03
2.7502414207488412e-03
2.7505655413178100e-03
2.7508896617814216e-03
2.7503892544356546e-03
2.7505449559966765e-03
2.7507006575328199e-03
2.7508563590452799e-03
2.7510120605330392e-03
2.7511677619970615e-03
2.7513234634364450e-03
2.7506768652002739e-03
2.7509476109469689e-03
2.7512183566215831e-03
2.7506768652018369e-03
2.7509476110026735e-03
2.7512183567302765e-03
2.7506768652023573e-03
2.7509476110033483e-03
2.7512183567311391e-03
2.7506768652025473e-03
2.7509476110031588e-03
2.7512183567309895e-03
2.7506768652028010e-03
2.7509476110035447e-03
2.7512183567310090e-03
2.7506768652030096e-03
2.7509476110036228e-03
2.7512183567306630e-03
2.7506768652022350e-03
2.7509476110032746e-03
2.7512183567311257e-03
2.7506768652030382e-03
2.7509476110036896e-03
2.7512183567321470e-03
2.7506768652037035e-03
2.7509476110049438e-03
2.7512183567326952e-03
2.7506768652045131e-03
2.7509476110053879e-03
2.7512183567327403e-03
2.7506768652046068e-03
2.7509476110056481e-03
2.7512183567326379e-03
2.7506768652049581e-03
2.7509476110054078e-03
2.7512183567323951e-03
2.7506768652045366e-03
2.7509476110051077e-03
2.7512183567325547e-03
2.7506768652045622e-03
2.7509476110053710e-03
2.7512183567328322e-03
2.7506768652049195e-03
2.7509476110054551e-03
2.7512183567330239e-03
2.7506768652047807e-03
2.7509476110055397e-03
2.7512183567331302e-03
2.7506768652040534e-03
2.7509476110048410e-03
2.7512183567330534e-03
2.7506768652042881e-03
2.7509476110056958e-03
2.7512183567325824e-03
2.7506768652038934e-03
2.7509476110043783e-03
2.7512183567316223e-03
2.7506768652030707e-03
2.7509476110034606e-03
2.7512183567311001e-03
2.7506768652029710e-03
2.7509476110037924e-03
2.7512183567308468e-03
2.7506768652022298e-03
2.7509476110035317e-03
2.7512183567314228e-03
2.7506768652033743e-03
2.7509476110037100e-03
2.7512183567319328e-03
2.7506768652041701e-03
2.7509476110054399e-03
2.7512183567326245e-03
2.7506768652039754e-03
2.7509476110053254e-03
2.7512183567325638e-03
2.7506768652041176e-03
2.7509476110057730e-03
2.7512183567334008e-03
2.7506768652044277e-03
2.7509476110054508e-03
2.7512183567329962e-03
2.7506768652050106e-03
2.7509476110053840e-03
2.7512183567330590e-03
2.7506768652043895e-03
2.7509476110052318e-03
2.7512183567329936e-03
2.7506768652048597e-03
2.7509476110049243e-03
2.7512183567331709e-03
2.7506768652046853e-03
2.7509476110047270e-03
2.7512183567333184e-03
2.7506768652044711e-03
2.7509476110056056e-03
2.7512183567332013e-03
2.7506768652037243e-03
2.7509476110044156e-03
2.7512183567325408e-03
2.7506768652039116e-03
2.7509476110053896e-03
2.7512183567328825e-03
2.7506768652047851e-03
2.7509476110054443e-03
2.7512183567325221e-03
2.7506768652040530e-03
2.7509476110046558e-03
2.7512183567317849e-03
2.7506768652029228e-03
2.7509476110038908e-03
2.7512183567320620e-03
2.7506768652033860e-03
2.7509476110040018e-03
2.7512183567314774e-03
2.7506768652026275e-03
2.7509476110034125e-03
2.7512183567310325e-03
2.7506768652025048e-03
2.7509476110029823e-03
2.7512183567304557e-03
