0.0000000000000000e+00
0.0000000000000000e+00
0.0000000000000000e+00
0.0000000000000000e+00
3.7147852547430769e-04
1.2654401808914440e-03
1.9038858445222953e-03
2.3599306194338008e-03
2.6856709514632821e-03
2.9183395596124239e-03
3.0845298700704926e-03
3.2032364438331681e-03
3.2880264506191179e-03
3.3485905357104728e-03
3.3918504917179607e-03
3.4227504068615740e-03
3.4448217475673195e-03
3.4605869770264162e-03
3.4718478481196384e-03
3.4798913238540171e-03
3.4856366618185000e-03
3.4897404737085540e-03
3.4932407874517539e-03
3.4951719938425339e-03
3.4965263229579445e-03
3.4976685652672508e-03
3.4987328349140468e-03
3.4997684385684163e-03
3.4998346003983528e-03
3.4998346003983528e-03
3.4998589244806312e-03
3.5001824418458816e-03
3.5006159568434824e-03
3.5010899122489862e-03
3.5010899122489862e-03
3.5010899122489862e-03
3.5010899122489862e-03
3.5012318755806224e-03
3.5014351899763049e-03
3.5016610599338067e-03
3.5018952224008244e-03
3.5018952224008244e-03
3.5018952224008244e-03
3.5018952224008244e-03
3.5018952224008244e-03
3.5018952224008244e-03
3.5018952224008244e-03
3.5018952224008244e-03
3.5018952224008244e-03
3.5018952224008244e-03
3.5018952224008244e-03
3.5018952224008244e-03
3.5018952224008244e-03
3.5018952224008244e-03
3.5018952224008244e-03
3.5018952224008244e-03
3.5018952224008244e-03
3.5018952224008244e-03
3.5018952224008244e-03
3.5018952224008244e-03
3.5018952224008244e-03
3.5018952224008244e-03
3.5018952224008244e-03
3.5018952224008244e-03
3.5018952224008244e-03
3.5018952224008244e-03
3.5018952224008244e-03
3.5018952224008244e-03
3.5018952224008244e-03
3.5018952224008244e-03
3.5018952224008244e-03
3.5018952224008244e-03
3.5018952224008244e-03
3.5018952224008244e-03
3.5018952224008244e-03
3.5018952224008244e-03
3.5018952224008244e-03
3.5018952224008244e-03
3.5018952224008244e-03
3.5018952224008244e-03
3.5018952224008244e-03
3.5018952224008244e-03
3.5018952224008244e-03
3.5018952224008244e-03
3.5018952224008244e-03
3.5018952224008244e-03
3.5018952224008244e-03
3.5018952224008244e-03
3.5018952224008244e-03
3.5018952224008244e-03
3.5018952224008244e-03
3.5018952224008244e-03
3.5018952224008244e-03
3.5018952224008244e-03
3.5018952224008244e-03
3.5018952224008244e-03
3.5018952224008244e-03
3.5018952224008244e-03
3.5018952224008244e-03
3.5018952224008244e-03
3.5018952224008244e-03
3.5018952224008244e-03
3.5018952224008244e-03
3.5018952224008244e-03
3.5018952224008244e-03
3.5018952224008244e-03
3.5018952224008244e-03
3.5018952224008244e-03
3.5018952224008244e-03
3.5018952224008244e-03
3.5018952224008244e-03
3.5018952224008244e-03
3.5018952224008244e-03
3.5018952224008244e-03
3.5018952224008244e-03
3.5018952224008244e-03
3.5018952224008244e-03
3.5018952224008244e-03
3.5018952224008244e-03
3.5018952224008244e-03
3.5018952224008244e-03
3.5018952224008244e-03
3.5018952224008244e-03
3.5018952224008244e-03
3.5018952224008244e-03
3.5018952224008244e-03
3.5018952224008244e-03
3.5018952224008244e-03
3.5018952224008244e-03
3.5018952224008244e-03
3.5018952224008244e-03
3.5018952224008244e-03
3.5018952224008244e-03
3.5018952224008244e-03
3.5018952224008244e-03
3.5018952224008244e-03
3.5018952224008244e-03
3.5018952224008244e-03
3.5018952224008244e-03
3.5018952224008244e-03
3.5018952224008244e-03
3.5018952224008244e-03
3.5018952224008244e-03
3.5018952224008244e-03
3.5018952224008244e-03
3.5018952224008244e-03
3.5018952224008244e-03
3.5018952224008244e-03
3.5018952224008244e-03
3.5018952224008244e-03
3.5018952224008244e-03
3.5018952224008244e-03
3.5018952224008244e-03
3.5018952224008244e-03
3.5018952224008244e-03
3.5018952224008244e-03
3.5018952224008244e-03
3.5018952224008244e-03
3.5018952224008244e-03
3.5018952224008244e-03
3.5018952224008244e-03
