0.0000000000000000e+00
-8.8000000036792486e+01
-1.7600000002013431e+02
-2.6400000002014724e+02
-3.5201535571372278e+02
-4.4003030761226552e+02
-4.4000000016855313e+02
-4.4000372081289981e+02
-4.4000190179075247e+02
-4.4000096881996774e+02
-4.4000049398862529e+02
-4.4000025192366979e+02
-4.4000012849178546e+02
-4.4000006554231555e+02
-4.4000003343461833e+02
-4.4000001705657371e+02
-4.4000000870164706e+02
-4.4000000443933209e+02
-4.4000000226478073e+02
-4.4000000115535022e+02
-4.4000000058935507e+02
-4.4000000030052081e+02
-4.4005311044228506e+02
-4.4000000085994537e+02
-4.3999765674935122e+02
-4.4001397654920180e+02
-4.4003715821488629e+02
-4.4006286275938152e+02
-4.4000000043546038e+02
-4.3994296041716746e+02
-4.3999785975747716e+02
-4.4002643015360508e+02
-4.4004532082285601e+02
-4.4006065280100967e+02
-4.3997259688204292e+02
-4.4000000028355964e+02
-4.4002740370009099e+02
-4.4004231435837210e+02
-4.4005182613791305e+02
-4.4005935304282343e+02
-4.4006615022197775e+02
-4.3995234906341443e+02
-4.4000000055508525e+02
-4.4004765209176679e+02
-4.3995234907254695e+02
-4.4000000043485244e+02
-4.4004765184239392e+02
-4.3995234907239035e+02
-4.4000000043481521e+02
-4.4004765184233599e+02
-4.3995234907249238e+02
-4.4000000043488865e+02
-4.4004765184237880e+02
-4.3995234907243668e+02
-4.4000000043478531e+02
-4.4004765184240540e+02
-4.3995234907240228e+02
-4.4000000043478394e+02
-4.4004765184240205e+02
-4.3995234907240859e+02
-4.4000000043477104e+02
-4.4004765184214864e+02
-4.3995234907233998e+02
-4.4000000043456288e+02
-4.4004765184207872e+02
-4.3995234907225341e+02
-4.4000000043457521e+02
-4.4004765184208293e+02
-4.3995234907211136e+02
-4.4000000043451746e+02
-4.4004765184208941e+02
-4.3995234907211687e+02
-4.4000000043445954e+02
-4.4004765184196765e+02
-4.3995234907195328e+02
-4.4000000043438291e+02
-4.4004765184193298e+02
-4.3995234907199699e+02
-4.4000000043442014e+02
-4.4004765184196884e+02
-4.3995234907197010e+02
-4.4000000043417663e+02
-4.4004765184173885e+02
-4.3995234907187233e+02
-4.4000000043427667e+02
-4.4004765184175420e+02
-4.3995234907189149e+02
-4.4000000043438229e+02
-4.4004765184190495e+02
-4.3995234907192503e+02
-4.4000000043430094e+02
-4.4004765184169355e+02
-4.3995234907186227e+02
-4.4000000043416640e+02
-4.4004765184176273e+02
-4.3995234907173489e+02
-4.4000000043410324e+02
-4.4004765184171464e+02
-4.3995234907171948e+02
-4.4000000043410853e+02
-4.4004765184170105e+02
-4.3995234907173796e+02
-4.4000000043420209e+02
-4.4004765184171328e+02
-4.3995234907178764e+02
-4.4000000043416264e+02
-4.4004765184167007e+02
-4.3995234907165377e+02
-4.4000000043404748e+02
-4.4004765184141746e+02
-4.3995234907137586e+02
-4.4000000043374138e+02
-4.4004765184128854e+02
-4.3995234907131578e+02
-4.4000000043365071e+02
-4.4004765184118259e+02
-4.3995234907129185e+02
-4.4000000043363451e+02
-4.4004765184118770e+02
-4.3995234907127758e+02
-4.4000000043365242e+02
-4.4004765184117900e+02
-4.3995234907107158e+02
-4.4000000043351940e+02
-4.4004765184094953e+02
-4.3995234907113627e+02
-4.4000000043366504e+02
-4.4004765184118855e+02
-4.3995234907113479e+02
-4.4000000043357306e+02
-4.4004765184098579e+02
-4.3995234907111472e+02
-4.4000000043361234e+02
-4.4004765184102882e+02
-4.3995234907106220e+02
-4.4000000043346427e+02
-4.4004765184101257e+02
-4.3995234907116685e+02
-4.4000000043353896e+02
-4.4004765184106179e+02
-4.3995234907114303e+02
-4.4000000043350883e+02
-4.4004765184102359e+02
-4.3995234907100212e+02
-4.4000000043345091e+02
-4.4004765184100114e+02
-4.3995234907102770e+02
-4.4000000043357215e+02
-4.4004765184117900e+02
-4.3995234907120880e+02
-4.4000000043357710e+02
-4.4004765184093787e+02
-4.3995234907108659e+02
-4.4000000043341305e+02
-4.4004765184093145e+02
-4.3995234907104987e+02
-4.4000000043345699e+02
-4.4004765184106651e+02
-4.3995234907106590e+02
-4.4000000043355129e+02
-4.4004765184114825e+02
