0.0000000000000000e+00
8.8000000037622826e+01
1.7600000003491249e+02
2.6400000003494097e+02
3.5200699356640263e+02
4.4001377277737117e+02
4.4000000014397654e+02
4.4000170226850224e+02
4.4000087126147918e+02
4.4000044319941094e+02
4.4000022584862660e+02
4.4000011512959406e+02
4.4000005870335940e+02
4.4000002993755447e+02
4.4000001526946704e+02
4.4000000778882395e+02
4.4000000397326738e+02
4.4000000202696594e+02
4.4000000103410753e+02
4.4000000052759856e+02
4.4000000026918815e+02
4.4000000013734712e+02
4.4007966287239014e+02
4.4000000039277927e+02
4.3999648582985850e+02
4.4002096684162092e+02
4.4005574036124131e+02
4.4009429790817342e+02
4.4000000019892724e+02
4.3991443587893156e+02
4.3999678938745285e+02
4.4003964941035969e+02
4.4006798977349899e+02
4.4009099203050937e+02
4.3995889500706039e+02
4.4000000017036109e+02
4.4004110534007657e+02
4.4006347135638794e+02
4.4007773903862039e+02
4.4008902939310212e+02
4.4009922514273478e+02
4.3992852329565210e+02
4.4000000033299921e+02
4.4007147738971565e+02
4.3992852330191749e+02
4.4000000026089634e+02
4.4007147723929745e+02
4.3992852330183007e+02
4.4000000026089293e+02
4.4007147723928921e+02
4.3992852330186582e+02
4.4000000026092607e+02
4.4007147723932098e+02
4.3992852330186980e+02
4.4000000026090197e+02
4.4007147723931871e+02
4.3992852330186429e+02
4.4000000026088225e+02
4.4007147723927483e+02
4.3992852330185190e+02
4.4000000026089543e+02
4.4007147723924646e+02
4.3992852330184473e+02
4.4000000026079266e+02
4.4007147723923288e+02
4.3992852330190061e+02
4.4000000026093613e+02
4.4007147723931962e+02
4.3992852330191141e+02
4.4000000026093051e+02
4.4007147723934821e+02
4.3992852330190789e+02
4.4000000026094790e+02
4.4007147723929268e+02
4.3992852330183177e+02
4.4000000026091004e+02
4.4007147723923111e+02
4.3992852330182484e+02
4.4000000026090913e+02
4.4007147723931848e+02
4.3992852330190851e+02
4.4000000026084456e+02
4.4007147723922492e+02
4.3992852330185860e+02
4.4000000026090197e+02
4.4007147723925453e+02
4.3992852330187765e+02
4.4000000026097678e+02
4.4007147723937976e+02
4.3992852330184439e+02
4.4000000026086008e+02
4.4007147723922048e+02
4.3992852330179414e+02
4.4000000026088128e+02
4.4007147723928176e+02
4.3992852330174105e+02
4.4000000026080227e+02
4.4007147723917160e+02
4.3992852330171098e+02
4.4000000026070938e+02
4.4007147723911987e+02
4.3992852330169006e+02
4.4000000026078573e+02
4.4007147723918200e+02
4.3992852330172946e+02
4.4000000026079846e+02
4.4007147723922014e+02
4.3992852330174287e+02
4.4000000026075764e+02
4.4007147723910668e+02
4.3992852330168370e+02
4.4000000026076697e+02
4.4007147723914159e+02
4.3992852330166755e+02
4.4000000026071308e+02
4.4007147723910606e+02
4.3992852330169893e+02
4.4000000026077493e+02
4.4007147723923856e+02
4.3992852330172167e+02
4.4000000026078652e+02
4.4007147723916137e+02
4.3992852330162179e+02
4.4000000026068221e+02
4.4007147723902403e+02
4.3992852330160645e+02
4.4000000026074940e+02
4.4007147723914358e+02
4.3992852330164988e+02
4.4000000026068773e+02
4.4007147723903773e+02
4.3992852330161998e+02
4.4000000026065618e+02
4.4007147723902449e+02
4.3992852330162452e+02
4.4000000026069984e+02
4.4007147723919093e+02
4.3992852330167068e+02
4.4000000026070154e+02
4.4007147723916995e+02
4.3992852330171348e+02
4.4000000026078982e+02
4.4007147723917984e+02
4.3992852330172315e+02
4.4000000026075895e+02
4.4007147723914289e+02
4.3992852330171570e+02
4.4000000026080363e+02
4.4007147723918609e+02
4.3992852330171405e+02
4.4000000026077413e+02
4.4007147723914056e+02
4.3992852330173366e+02
4.4000000026075384e+02
4.4007147723919797e+02
4.3992852330172008e+02
4.4000000026079374e+02
4.4007147723921935e+02
4.3992852330175123e+02
4.4000000026081983e+02
4.4007147723922964e+02
