0.0000000000000000e+00
8.2336907499522110e-10
1.4766633031084886e-08
1.4772588064697049e-08
-8.3621473087352998e-03
-1.6534834910570794e-02
-2.4597136646125135e-08
-2.0185444138460826e-03
-1.0305292830195176e-03
-5.2562056270966735e-04
-2.6814002621658255e-04
-1.3679412198417391e-04
-6.9788448394125219e-05
-3.5604779773693790e-05
-1.8165158259889514e-05
-9.2677844932595072e-06
-4.7284236100275186e-06
-2.4124011977398845e-06
-1.2307153168577293e-06
-6.2777985036472975e-07
-3.2022012861255901e-07
-1.6318749537913598e-07
2.6552430075358964e-02
-4.6716733389602065e-07
-1.1709194835230930e-03
6.9902924190564063e-03
1.8582146331261894e-02
3.1435148783965812e-02
-2.3655543118370910e-07
-2.8524538225423453e-02
-1.0703700175445814e-03
1.3219256828494102e-02
2.2668950724281225e-02
3.0339229561077659e-02
-1.3701874981980907e-02
-1.1318804291805195e-07
1.3701640039364492e-02
2.1156998031426427e-02
2.5912900727807858e-02
2.9676350325013034e-02
3.3074920818445229e-02
-2.3825767755167718e-02
-2.2204964524108690e-07
2.3825297985301631e-02
-2.3825770641603138e-02
-1.7397698296673753e-07
2.3825396879497009e-02
-2.3825770607802981e-02
-1.7399406633358806e-07
2.3825396857976185e-02
-2.3825770713841832e-02
-1.7404085578986947e-07
2.3825396846262739e-02
-2.3825770679959651e-02
-1.7398315583150044e-07
2.3825396781696907e-02
-2.3825770664476147e-02
-1.7402586783395377e-07
2.3825396733782478e-02
-2.3825770653965170e-02
-1.7398356643862084e-07
2.3825396982424512e-02
-2.3825770637976588e-02
-1.7390149241111845e-07
2.3825396973499384e-02
-2.3825770501031504e-02
-1.7380979945913379e-07
2.3825397048237325e-02
-2.3825770373529093e-02
-1.7378776606252301e-07
2.3825397062645866e-02
-2.3825770421499273e-02
-1.7371833402207277e-07
2.3825397136612605e-02
-2.3825770335531571e-02
-1.7366113596187444e-07
2.3825397115397724e-02
-2.3825770371439205e-02
-1.7368114473087791e-07
2.3825397162389565e-02
-2.3825770241121612e-02
-1.7350037139204992e-07
2.3825397292805219e-02
-2.3825770218904134e-02
-1.7355790517138870e-07
2.3825397296584457e-02
-2.3825770203724537e-02
-1.7360106528524646e-07
2.3825397271468613e-02
-2.3825770263268972e-02
-1.7364274619282747e-07
2.3825397314690896e-02
-2.3825770269659083e-02
-1.7348318430730429e-07
2.3825397333675159e-02
-2.3825770166517993e-02
-1.7343145388317739e-07
2.3825397296100382e-02
-2.3825770147777633e-02
-1.7353153142379889e-07
2.3825397257548644e-02
-2.3825770179184837e-02
-1.7352915105604762e-07
2.3825397382981235e-02
-2.3825770133473496e-02
-1.7346110444442310e-07
2.3825397447481928e-02
-2.3825770021359320e-02
-1.7338359041593159e-07
2.3825397561111253e-02
-2.3825769824825652e-02
-1.7310165862388473e-07
2.3825397719001735e-02
-2.3825769765616359e-02
-1.7307170426317016e-07
2.3825397782971026e-02
-2.3825769693995233e-02
-1.7298607795573644e-07
2.3825397923869375e-02
-2.3825769667968909e-02
-1.7298070793223155e-07
2.3825397831838385e-02
-2.3825769609817242e-02
-1.7298686217217847e-07
2.3825397927317072e-02
-2.3825769669716629e-02
-1.7306914280506833e-07
2.3825397773282193e-02
-2.3825769668368357e-02
-1.7303546828477729e-07
2.3825397859689068e-02
-2.3825769696246391e-02
-1.7315412647220252e-07
2.3825397734040552e-02
-2.3825769641243336e-02
-1.7297970024522411e-07
2.3825398012490492e-02
-2.3825769661080264e-02
-1.7300808348229322e-07
2.3825397928842397e-02
-2.3825769585278340e-02
-1.7290959219113937e-07
2.3825397961925260e-02
-2.3825769474960991e-02
-1.7291168144772546e-07
2.3825397929618873e-02
-2.3825769487052277e-02
-1.7296337625446315e-07
2.3825397778068247e-02
-2.3825769663983521e-02
-1.7297230876172755e-07
2.3825398021484721e-02
-2.3825769516412611e-02
-1.7281052187029645e-07
2.3825398156490624e-02
-2.3825769448231813e-02
-1.7276227482684967e-07
2.3825398022526974e-02
-2.3825769402943439e-02
-1.7282325995506424e-07
2.3825397966422995e-02
