0.0000000000000000e+00
8.3736809491947507e-10
1.4789851229885055e-08
1.4815037882839785e-08
-8.3621473313570081e-03
-1.6534834877895654e-02
-2.4555707903828168e-08
-2.0185443815196628e-03
-1.0305292629130447e-03
-5.2562055056432229e-04
-2.6813997112517293e-04
-1.3679402962492714e-04
-6.9788404178429430e-05
-3.5604742143121629e-05
-1.8165144691584130e-05
-9.2677148851458835e-06
-4.7283357462619297e-06
-2.4123308011553264e-06
-1.2306311456789045e-06
-6.2772291422026789e-07
-3.2011442103781025e-07
-1.6315967176514261e-07
2.6552430134514374e-02
-4.6716499649503006e-07
-1.1709195022019214e-03
6.9902924186637065e-03
1.8582146378188606e-02
3.1435148800057669e-02
-2.3651098787050497e-07
-2.8524538246456795e-02
-1.0703700313921130e-03
1.3219256680734575e-02
2.2668950562149622e-02
3.0339229437907997e-02
-1.3701874982717953e-02
-1.1320915026639467e-07
1.3701639931588379e-02
2.1156998000146195e-02
2.5912900686412402e-02
2.9676350232470679e-02
3.3074920695487252e-02
-2.3825767769551302e-02
-2.2212229435548214e-07
2.3825297912253327e-02
-2.3825770617482318e-02
-1.7393522374505893e-07
2.3825396927428077e-02
-2.3825770512826021e-02
-1.7385033676885505e-07
2.3825397048427926e-02
-2.3825770539064497e-02
-1.7388437858812438e-07
2.3825397038426298e-02
-2.3825770453857427e-02
-1.7378323900577987e-07
2.3825397044450396e-02
-2.3825770412179887e-02
-1.7377689791421529e-07
2.3825397011793238e-02
-2.3825770459191650e-02
-1.7376721023943019e-07
2.3825397213443490e-02
-2.3825770352947008e-02
-1.7363860238822963e-07
2.3825397334432435e-02
-2.3825770205274349e-02
-1.7346838193600056e-07
2.3825397424824108e-02
-2.3825770026959250e-02
-1.7338621271908141e-07
2.3825397454443120e-02
-2.3825769996539063e-02
-1.7330520208201711e-07
2.3825397513352248e-02
-2.3825769907615486e-02
-1.7328448683464178e-07
2.3825397480710549e-02
-2.3825769972275451e-02
-1.7334139277530941e-07
2.3825397537105646e-02
-2.3825769882389086e-02
-1.7316325068006436e-07
2.3825397679335097e-02
-2.3825769808596048e-02
-1.7319128310180187e-07
2.3825397703936047e-02
-2.3825769823369813e-02
-1.7321026389236427e-07
2.3825397678725959e-02
-2.3825769897564856e-02
-1.7323933541532715e-07
2.3825397739237093e-02
-2.3825769866408386e-02
-1.7308736030539628e-07
2.3825397704690127e-02
-2.3825769821071464e-02
-1.7317068239363516e-07
2.3825397617809350e-02
-2.3825769869129525e-02
-1.7326706064636893e-07
2.3825397580039029e-02
-2.3825769916306729e-02
-1.7330300071091968e-07
2.3825397554155962e-02
-2.3825769982905837e-02
-1.7326706004737915e-07
2.3825397652737411e-02
-2.3825769800704603e-02
-1.7319659939883477e-07
2.3825397816901225e-02
-2.3825769559506601e-02
-1.7284659166952100e-07
2.3825397987314464e-02
-2.3825769530931906e-02
-1.7280410251671230e-07
2.3825398063855384e-02
-2.3825769492468864e-02
-1.7273265739119501e-07
2.3825398178433266e-02
-2.3825769444263782e-02
-1.7275086153008228e-07
2.3825398133067169e-02
-2.3825769289783486e-02
-1.7268761693292783e-07
2.3825398221383114e-02
-2.3825769389635897e-02
-1.7276232882323608e-07
2.3825398136720886e-02
-2.3825769301752189e-02
-1.7273530297777124e-07
2.3825398244538405e-02
-2.3825769293175009e-02
-1.7275890074623629e-07
2.3825398258006975e-02
-2.3825769233938469e-02
-1.7254942287322116e-07
2.3825398344201002e-02
-2.3825769331290506e-02
-1.7266723659518957e-07
2.3825398288011793e-02
-2.3825769274094896e-02
-1.7252846087955416e-07
2.3825398350345986e-02
-2.3825769082416119e-02
-1.7247247882635698e-07
2.3825398353855741e-02
-2.3825769136431647e-02
-1.7257310240115196e-07
2.3825398236990047e-02
-2.3825769325488477e-02
-1.7263341320056890e-07
2.3825398383527513e-02
-2.3825769189747700e-02
-1.7250778585314369e-07
2.3825398376867524e-02
-2.3825769211352883e-02
-1.7256435302623435e-07
2.3825398283379071e-02
-2.3825769226207185e-02
-1.7263965354928297e-07
2.3825398196822264e-02
