2.9999999999999983e+02
2.9999999999999983e+02
2.9999999999999983e+02
2.9999999999999983e+02
3.5200699356640285e+02
4.4001377277737123e+02
4.4000000014397676e+02
4.4000170226850202e+02
4.4000087126147918e+02
4.4000044319941117e+02
4.4000022584862609e+02
4.4000011512959401e+02
4.4000005870335940e+02
4.4000002993755447e+02
4.4000001526946687e+02
4.4000000778882418e+02
4.4000000397326710e+02
4.4000000202696600e+02
4.4000000103410747e+02
4.4000000052759844e+02
4.4000000026918798e+02
4.4000000013734723e+02
4.4007966287238992e+02
4.4000000039277893e+02
4.3999648582985867e+02
4.4002096684162075e+02
4.4005574036124131e+02
4.4009429790817342e+02
4.4000000019892747e+02
4.3999338401593388e+02
4.3999678938745268e+02
4.4003964941036014e+02
4.4006798977349911e+02
4.4009099203050965e+02
4.4004359648995910e+02
4.4004359648995910e+02
4.4004359648995910e+02
4.4006347135638850e+02
4.4007773903862022e+02
4.4008902939310218e+02
4.4009922514273455e+02
4.4007580889603264e+02
4.4007580889603264e+02
4.4007580889603264e+02
4.4007580889603264e+02
4.4007580889603264e+02
4.4007580889603264e+02
4.4007580889603264e+02
4.4007580889603264e+02
4.4007580889603264e+02
4.4007580889603264e+02
4.4007580889603264e+02
4.4007580889603264e+02
4.4007580889603264e+02
4.4007580889603264e+02
4.4007580889603264e+02
4.4007580889603264e+02
4.4007580889603264e+02
4.4007580889603264e+02
4.4007580889603264e+02
4.4007580889603264e+02
4.4007580889603264e+02
4.4007580889603264e+02
4.4007580889603264e+02
4.4007580889603264e+02
4.4007580889603264e+02
4.4007580889603264e+02
4.4007580889603264e+02
4.4007580889603264e+02
4.4007580889603264e+02
4.4007580889603264e+02
4.4007580889603264e+02
4.4007580889603264e+02
4.4007580889603264e+02
4.4007580889603264e+02
4.4007580889603264e+02
4.4007580889603264e+02
4.4007580889603264e+02
4.4007580889603264e+02
4.4007580889603264e+02
4.4007580889603264e+02
4.4007580889603264e+02
4.4007580889603264e+02
4.4007580889603264e+02
4.4007580889603264e+02
4.4007580889603264e+02
4.4007580889603264e+02
4.4007580889603264e+02
4.4007580889603264e+02
4.4007580889603264e+02
4.4007580889603264e+02
4.4007580889603264e+02
4.4007580889603264e+02
4.4007580889603264e+02
4.4007580889603264e+02
4.4007580889603264e+02
4.4007580889603264e+02
4.4007580889603264e+02
4.4007580889603264e+02
4.4007580889603264e+02
4.4007580889603264e+02
4.4007580889603264e+02
4.4007580889603264e+02
4.4007580889603264e+02
4.4007580889603264e+02
4.4007580889603264e+02
4.4007580889603264e+02
4.4007580889603264e+02
4.4007580889603264e+02
4.4007580889603264e+02
4.4007580889603264e+02
4.4007580889603264e+02
4.4007580889603264e+02
4.4007580889603264e+02
4.4007580889603264e+02
4.4007580889603264e+02
4.4007580889603264e+02
4.4007580889603264e+02
4.4007580889603264e+02
4.4007580889603264e+02
4.4007580889603264e+02
4.4007580889603264e+02
4.4007580889603264e+02
4.4007580889603264e+02
4.4007580889603264e+02
4.4007580889603264e+02
4.4007580889603264e+02
4.4007580889603264e+02
4.4007580889603264e+02
4.4007580889603264e+02
4.4007580889603264e+02
4.4007580889603264e+02
4.4007580889603264e+02
4.4007580889603264e+02
4.4007580889603264e+02
4.4007580889603264e+02
4.4007580889603264e+02
4.4007580889603264e+02
4.4007580889603264e+02
4.4007580889603264e+02
4.4007580889603264e+02
4.4007580889603264e+02
4.4007580889603264e+02
4.4007580889603264e+02
4.4007580889603264e+02
4.4007580889603264e+02
4.4007580889603264e+02
4.4007580889603264e+02
4.4007580889603264e+02
4.4007580889603264e+02
4.4007580889603264e+02
4.4007580889603264e+02
4.4007580889603264e+02
4.4007580889603264e+02
4.4007580889603264e+02
4.4007580889603264e+02
4.4007580889603264e+02
4.4007580889603264e+02
4.4007580889603264e+02
4.4007580889603264e+02
4.4007580889603264e+02
