0.0000000000000000e+00
0.0000000000000000e+00
0.0000000000000000e+00
0.0000000000000000e+00
0.0000000000000000e+00
0.0000000000000000e+00
0.0000000000000000e+00
-1.3009561326843233e+00
-8.4870151981087645e+00
-1.5816757072186689e+01
-2.3150002241671505e+01
-2.3150002241671505e+01
-2.3150002241671505e+01
-2.3150002241671505e+01
-2.3150002241671505e+01
-2.3150002241671505e+01
-2.3150002241671505e+01
-2.3150002241671505e+01
-2.3150002241671505e+01
-2.3150002241671505e+01
-2.3150002241671505e+01
-2.3150002241671505e+01
-2.3150002241671505e+01
-2.3150002241671505e+01
-2.3150002241671505e+01
-2.3150002241671505e+01
-2.3150002241671505e+01
-2.3150002241671505e+01
-2.3150002241671505e+01
-1.8834531344767335e+01
-1.1573966170099293e+01
-1.1573966170099293e+01
-1.1573966170099293e+01
-1.1573966170099293e+01
-1.1573966170099293e+01
-1.1573966170099293e+01
-1.1573966170099293e+01
-1.1573966170099290e+01
-1.1573966170099290e+01
-1.1573966170099290e+01
-1.1573966170099288e+01
-1.1573966170099288e+01
-1.1573966170099284e+01
-1.1573966170099284e+01
-1.1573966170099286e+01
-1.1573966170099286e+01
-1.1573966170099286e+01
-1.1573966170099286e+01
-1.1573966170099286e+01
-1.1573966170099286e+01
-1.1573966170099279e+01
-1.1573966170099279e+01
-1.1573966170099279e+01
-1.1573966170099279e+01
-1.1573966170099279e+01
-1.1573966170099279e+01
-1.1573966170099279e+01
-1.1573966170099279e+01
-1.1573966170099279e+01
-1.1573966170099279e+01
-1.1573966170099279e+01
-1.1573966170099279e+01
-1.1573966170099279e+01
-1.1573966170099279e+01
-1.1573966170099279e+01
-1.1573966170099279e+01
-1.1573966170099279e+01
-1.1573966170099279e+01
-1.1573966170099279e+01
-1.1573966170099279e+01
-1.1396119288409897e+01
-1.1396119288409897e+01
-1.1396119288409897e+01
-1.1396119288409897e+01
-1.1396119288409897e+01
-1.1396119288409905e+01
-1.1396119288409905e+01
-1.1396119288409905e+01
-1.1396119288409901e+01
-1.1396119288409894e+01
-1.1396119288409896e+01
-1.1396119288409896e+01
-1.1396119288409896e+01
-1.1396119288409892e+01
-1.1396119288409892e+01
-1.1396119288409885e+01
-1.1396119288409885e+01
-1.1396119288409885e+01
-1.1396119288409885e+01
-1.1396119288409885e+01
-1.1396119288409885e+01
-1.1396119288409885e+01
-1.1396119288409885e+01
-1.1396119288409885e+01
-1.1396119288409885e+01
-1.1396119288409885e+01
-1.1396119288409885e+01
-1.1396119288409885e+01
-1.1396119288409885e+01
-1.1396119288409885e+01
-1.1396119288409885e+01
-1.1396119288409885e+01
-1.1396119288409885e+01
-1.1396119288409885e+01
-1.1396119288409885e+01
-1.1396119288409885e+01
-1.1396119288409885e+01
-1.1396119288409885e+01
-1.1396119288409885e+01
-1.1396119288409885e+01
-1.1396119288409885e+01
-1.1396119288409889e+01
-1.1396119288409889e+01
-1.1396119288409889e+01
-1.1396119288409892e+01
-1.1396119288409894e+01
-1.1396119288409890e+01
-1.1396119288409894e+01
-1.1396119288409894e+01
-1.1396119288409890e+01
-1.1396119288409887e+01
-1.1396119288409889e+01
-1.1396119288409889e+01
-1.1396119288409881e+01
-1.1396119288409881e+01
-1.1396119288409883e+01
-1.1396119288409883e+01
-1.1396119288409883e+01
-1.1396119288409883e+01
-1.1396119288409883e+01
-1.1396119288409883e+01
-1.1396119288409883e+01
-1.1396119288409883e+01
-1.1396119288409883e+01
-1.1396119288409883e+01
-1.1396119288409883e+01
-1.1396119288409883e+01
-1.1396119288409883e+01
-1.1396119288409883e+01
-1.1396119288409883e+01
-1.1396119288409883e+01
-1.1396119288409883e+01
-1.1396119288409883e+01
-1.1396119288409883e+01
-1.1396119288409883e+01
-1.1396119288409883e+01
-1.1396119288409883e+01
-1.1396119288409883e+01
-1.1396119288409883e+01
-1.1396119288409883e+01
-1.1396119288409883e+01
-1.1396119288409883e+01
-1.1396119288409883e+01
-1.1396119288409883e+01
-1.1396119288409883e+01
-1.1396119288409887e+01
-1.1396119288409880e+01
-1.1396119288409880e+01
-1.1396119288409880e+01
-1.1396119288409878e+01
-1.1396119288409878e+01
