0.0000000000000000e+00
0.0000000000000000e+00
0.0000000000000000e+00
0.0000000000000000e+00
0.0000000000000000e+00
0.0000000000000000e+00
0.0000000000000000e+00
6.5047806634205574e-01
4.2435075990538351e+00
7.9083785360926147e+00
1.1575001120834067e+01
1.1575001120834079e+01
1.1575001120834081e+01
1.1575001120834079e+01
1.1575001120834081e+01
1.1575001120834063e+01
1.1575001120834042e+01
1.1575001120834006e+01
1.1575001120833988e+01
1.1575001120833981e+01
1.1575001120833988e+01
1.1575001120833978e+01
1.1575001120833988e+01
1.1575001120834004e+01
1.1575001120834006e+01
1.1575001120834017e+01
1.1575001120834013e+01
1.1575001120833996e+01
1.1575001120834001e+01
9.4172656723812977e+00
5.7869830850466091e+00
5.7869830850466153e+00
5.7869830850466082e+00
5.7869830850466073e+00
5.7869830850466126e+00
5.7869830850466162e+00
5.7869830850466197e+00
5.7869830850466357e+00
5.7869830850466428e+00
5.7869830850466544e+00
5.7869830850466508e+00
5.7869830850466553e+00
5.7869830850466633e+00
5.7869830850466686e+00
5.7869830850466659e+00
5.7869830850466633e+00
5.7869830850466597e+00
5.7869830850466615e+00
5.7869830850466668e+00
5.7869830850466730e+00
5.7869830850466810e+00
5.7869830850466801e+00
5.7869830850466606e+00
5.7869830850466553e+00
5.7869830850466455e+00
5.7869830850466357e+00
5.7869830850466366e+00
5.7869830850466419e+00
5.7869830850466411e+00
5.7869830850466464e+00
5.7869830850466553e+00
5.7869830850466482e+00
5.7869830850466411e+00
5.7869830850466393e+00
5.7869830850466517e+00
5.7869830850466464e+00
5.7869830850466366e+00
5.7869830850466384e+00
5.7869830850466411e+00
5.7869830850466357e+00
5.6980596442019902e+00
5.6980596442019911e+00
5.6980596442019911e+00
5.6980596442019866e+00
5.6980596442019937e+00
5.6980596442019831e+00
5.6980596442019786e+00
5.6980596442019795e+00
5.6980596442019706e+00
5.6980596442019609e+00
5.6980596442019547e+00
5.6980596442019547e+00
5.6980596442019564e+00
5.6980596442019547e+00
5.6980596442019547e+00
5.6980596442019600e+00
5.6980596442019564e+00
5.6980596442019564e+00
5.6980596442019484e+00
5.6980596442019493e+00
5.6980596442019644e+00
5.6980596442019547e+00
5.6980596442019493e+00
5.6980596442019387e+00
5.6980596442019280e+00
5.6980596442019191e+00
5.6980596442019218e+00
5.6980596442019289e+00
5.6980596442019253e+00
5.6980596442019245e+00
5.6980596442019156e+00
5.6980596442019236e+00
5.6980596442019200e+00
5.6980596442019111e+00
5.6980596442019165e+00
5.6980596442019147e+00
5.6980596442019076e+00
5.6980596442019138e+00
5.6980596442019253e+00
5.6980596442019253e+00
5.6980596442019182e+00
5.6980596442019129e+00
5.6980596442019174e+00
5.6980596442019129e+00
5.6980596442019058e+00
5.6980596442019156e+00
5.6980596442019209e+00
5.6980596442019200e+00
5.6980596442019111e+00
5.6980596442019058e+00
5.6980596442019014e+00
5.6980596442019120e+00
5.6980596442019102e+00
5.6980596442019049e+00
5.6980596442019085e+00
5.6980596442019049e+00
5.6980596442019040e+00
5.6980596442019058e+00
5.6980596442019102e+00
5.6980596442019049e+00
5.6980596442019023e+00
5.6980596442018960e+00
5.6980596442018960e+00
5.6980596442018969e+00
5.6980596442018889e+00
5.6980596442018836e+00
5.6980596442018854e+00
5.6980596442018845e+00
5.6980596442018916e+00
5.6980596442018987e+00
5.6980596442018969e+00
5.6980596442019067e+00
5.6980596442019023e+00
5.6980596442018943e+00
5.6980596442018889e+00
5.6980596442018872e+00
5.6980596442019005e+00
5.6980596442018934e+00
5.6980596442018916e+00
5.6980596442018872e+00
5.6980596442018836e+00
5.6980596442018800e+00
5.6980596442018845e+00
5.6980596442018898e+00
5.6980596442018960e+00
5.6980596442019147e+00
5.6980596442019111e+00
5.6980596442019120e+00
5.6980596442019102e+00
5.6980596442019120e+00
5.6980596442019049e+00
