0.0000000000000000e+00
0.0000000000000000e+00
0.0000000000000000e+00
0.0000000000000000e+00
0.0000000000000000e+00
0.0000000000000000e+00
0.0000000000000000e+00
6.5047806634226979e-01
4.2435075990549329e+00
7.9083785360940695e+00
1.1575001120837412e+01
1.1575001120837427e+01
1.1575001120837422e+01
1.1575001120837427e+01
1.1575001120837417e+01
1.1575001120837394e+01
1.1575001120837365e+01
1.1575001120837335e+01
1.1575001120837326e+01
1.1575001120837326e+01
1.1575001120837335e+01
1.1575001120837316e+01
1.1575001120837324e+01
1.1575001120837339e+01
1.1575001120837339e+01
1.1575001120837348e+01
1.1575001120837346e+01
1.1575001120837330e+01
1.1575001120837323e+01
9.4172656723858701e+00
5.7869830850525110e+00
5.7869830850525128e+00
5.7869830850525066e+00
5.7869830850525084e+00
5.7869830850525101e+00
5.7869830850525101e+00
5.7869830850525155e+00
5.7869830850525332e+00
5.7869830850525403e+00
5.7869830850525501e+00
5.7869830850525465e+00
5.7869830850525528e+00
5.7869830850525625e+00
5.7869830850525696e+00
5.7869830850525643e+00
5.7869830850525616e+00
5.7869830850525581e+00
5.7869830850525616e+00
5.7869830850525679e+00
5.7869830850525759e+00
5.7869830850525767e+00
5.7869830850525776e+00
5.7869830850525581e+00
5.7869830850525510e+00
5.7869830850525474e+00
5.7869830850525412e+00
5.7869830850525421e+00
5.7869830850525457e+00
5.7869830850525412e+00
5.7869830850525457e+00
5.7869830850525581e+00
5.7869830850525537e+00
5.7869830850525448e+00
5.7869830850525474e+00
5.7869830850525545e+00
5.7869830850525457e+00
5.7869830850525377e+00
5.7869830850525377e+00
5.7869830850525341e+00
5.7869830850525323e+00
5.6980596442077891e+00
5.6980596442077918e+00
5.6980596442077882e+00
5.6980596442077864e+00
5.6980596442077864e+00
5.6980596442077776e+00
5.6980596442077740e+00
5.6980596442077758e+00
5.6980596442077669e+00
5.6980596442077589e+00
5.6980596442077545e+00
5.6980596442077509e+00
5.6980596442077562e+00
5.6980596442077616e+00
5.6980596442077616e+00
5.6980596442077669e+00
5.6980596442077651e+00
5.6980596442077580e+00
5.6980596442077518e+00
5.6980596442077545e+00
5.6980596442077704e+00
5.6980596442077607e+00
5.6980596442077571e+00
5.6980596442077491e+00
5.6980596442077402e+00
5.6980596442077305e+00
5.6980596442077376e+00
5.6980596442077482e+00
5.6980596442077447e+00
5.6980596442077420e+00
5.6980596442077314e+00
5.6980596442077438e+00
5.6980596442077367e+00
5.6980596442077367e+00
5.6980596442077456e+00
5.6980596442077402e+00
5.6980596442077438e+00
5.6980596442077491e+00
5.6980596442077598e+00
5.6980596442077669e+00
5.6980596442077616e+00
5.6980596442077598e+00
5.6980596442077633e+00
5.6980596442077589e+00
5.6980596442077527e+00
5.6980596442077607e+00
5.6980596442077669e+00
5.6980596442077669e+00
5.6980596442077589e+00
5.6980596442077500e+00
5.6980596442077456e+00
5.6980596442077500e+00
5.6980596442077509e+00
5.6980596442077474e+00
5.6980596442077474e+00
5.6980596442077438e+00
5.6980596442077429e+00
5.6980596442077411e+00
5.6980596442077456e+00
5.6980596442077465e+00
5.6980596442077420e+00
5.6980596442077474e+00
5.6980596442077456e+00
5.6980596442077456e+00
5.6980596442077411e+00
5.6980596442077358e+00
5.6980596442077376e+00
5.6980596442077385e+00
5.6980596442077491e+00
5.6980596442077482e+00
5.6980596442077411e+00
5.6980596442077527e+00
5.6980596442077536e+00
5.6980596442077456e+00
5.6980596442077402e+00
5.6980596442077420e+00
5.6980596442077474e+00
5.6980596442077465e+00
5.6980596442077465e+00
5.6980596442077402e+00
5.6980596442077296e+00
5.6980596442077251e+00
5.6980596442077358e+00
5.6980596442077447e+00
5.6980596442077527e+00
5.6980596442077687e+00
5.6980596442077669e+00
5.6980596442077669e+00
5.6980596442077625e+00
5.6980596442077607e+00
5.6980596442077536e+00
