0.0000000000000000e+00
-4.0000000002097868e-04
-8.0000000001612494e-04
-1.2001600640391729e-03
-1.6000000001420945e-03
-1.9999998721693217e-03
-2.4001598081227035e-03
-2.9951613787179473e-03
-4.4730522801049392e-03
-5.9725137109328218e-03
-7.4725003365046921e-03
-7.0725003372569210e-03
-6.6726602740366384e-03
-6.2725003363914896e-03
-5.8725004626734075e-03
-5.4726605248814602e-03
-5.0725003363911118e-03
-4.6725002120281888e-03
-4.2725003362657152e-03
-3.8725003362663421e-03
-3.4725003362662361e-03
-3.0725003362659284e-03
-2.6725003362657682e-03
-2.2726602722938595e-03
-1.8725003363909568e-03
-1.4725004644129463e-03
-1.0726605283605110e-03
-6.7250033639031353e-04
-2.7250020855081915e-04
7.7462104671630007e-04
2.2638112920360738e-03
1.8639050733854539e-03
1.4638388657680396e-03
1.0636125411214632e-03
6.6390507410662135e-04
2.6403777714608133e-04
-1.3598947763450279e-04
-5.3609492545996862e-04
-9.3609492559896894e-04
-1.3360949255313557e-03
-1.7360949255317201e-03
-2.1360949255317522e-03
-2.5360949255312545e-03
-2.9362549895593035e-03
-3.3360949256557157e-03
-3.7360947976790007e-03
-4.1362547336270235e-03
-4.5360949256560146e-03
-4.9360950538156791e-03
-5.3362552461050866e-03
-5.7365756306790592e-03
-5.3360949365816954e-03
-4.9357745630679451e-03
-4.5360949256560675e-03
-4.1360949256553283e-03
-3.7362548616821064e-03
-3.3360949256552872e-03
-2.9360950535545823e-03
-2.5360949255311170e-03
-2.1360949255309451e-03
-1.7360949255309992e-03
-1.3360949255303918e-03
-9.3609492552974372e-04
-5.3625486155701345e-04
-1.3609492565395116e-04
2.6390494632350532e-04
6.6374488237558153e-04
1.0639050743464955e-03
1.4639052021862468e-03
1.8637453938970512e-03
2.2905817500341978e-03
1.8905821055558122e-03
1.4904223973346009e-03
1.0905821065988826e-03
6.9058187965479064e-04
2.9042158850006283e-04
-1.0941789340109095e-04
-5.0941731086424121e-04
-9.0941789327615816e-04
-1.3094178932763925e-03
-1.7094178932762951e-03
-2.1094178932765731e-03
-2.5094178932765906e-03
-2.9095779573045035e-03
-3.3094178934019885e-03
-3.7094177654251009e-03
-4.1095777013732977e-03
-4.5094178934013893e-03
-4.9094180215597137e-03
-5.3095782138488064e-03
-5.7098985984217320e-03
-5.3094179046349072e-03
-4.9090975314308692e-03
-4.5094178934028005e-03
-4.1094178934027378e-03
-3.7095778294298494e-03
-3.3094178934027219e-03
-2.9094180213010568e-03
-2.5094178932782724e-03
-2.1094178932785021e-03
-1.7094178932786591e-03
-1.3094178932790538e-03
-9.0941789327898381e-04
-5.0957782930666511e-04
-1.0941789340409353e-04
2.9058197857344590e-04
6.9042191462598398e-04
1.0905821065959373e-03
1.4905822344355012e-03
1.8904224261451375e-03
2.2901028095713748e-03
1.8905821055537370e-03
1.4909017209458479e-03
1.0905821065968129e-03
6.9058210659678286e-04
2.9042204256807318e-04
-1.0941789340409657e-04
-5.0941776530168982e-04
-9.0941789327918330e-04
-1.3094178932793112e-03
-1.7094178932794437e-03
-2.1094178932790641e-03
-2.5094178932791389e-03
-2.9095779573074360e-03
-3.3094178934043781e-03
-3.7094177654269822e-03
-4.1095777013747340e-03
-4.5094178934046167e-03
-4.9094180215644720e-03
-5.3095782138543289e-03
-5.7098985984281201e-03
-5.3094179046373766e-03
-4.9090975314289879e-03
-4.5094178934051588e-03
-4.1094178934042809e-03
-3.7095778294315104e-03
-3.3094178934043529e-03
-2.9094180213022091e-03
-2.5094178932793016e-03
-2.1094178932792667e-03
-1.7094178932802544e-03
-1.3094178932802328e-03
-9.0941789328060664e-04
-5.0957782930826766e-04
-1.0941789340501761e-04
2.9058197857223040e-04
6.9042191462492081e-04
1.0905821065945319e-03
1.4905822344337941e-03
1.8904224261437333e-03
2.2901028095701796e-03
1.8905821055525036e-03
1.4909017209437062e-03
1.0905821065951124e-03
6.9058210659505139e-04
2.9042204256747188e-04
-1.0941789340483899e-04
-5.0941776530283984e-04
-9.0941789328117379e-04
-1.3094178932811645e-03
-1.7094178932814097e-03
