0.0000000000000000e+00
1.0000000000568904e-04
2.0000000000893988e-04
2.9999000101229645e-04
4.0000000008175190e-04
4.9999999815219468e-04
5.9998999722285398e-04
7.9756375359054733e-04
1.4365261400201476e-03
2.0862566725161694e-03
2.7362501704326779e-03
2.6362501687197857e-03
2.5362401660054797e-03
2.4362501682064792e-03
2.3362501714079224e-03
2.2362401736099585e-03
2.1362501682069750e-03
2.0362501638027386e-03
1.9362501681331357e-03
1.8362501681333120e-03
1.7362501681333626e-03
1.6362501681327789e-03
1.5362501681330199e-03
1.4362401671331596e-03
1.3362501682069006e-03
1.2362501702806469e-03
1.1362401713545689e-03
1.0362501682064517e-03
9.3625016605783460e-04
5.1250249995875199e-04
-1.3199300072259742e-04
-3.1952536604018058e-05
6.8077920420525379e-05
1.6809837235415661e-04
2.6804746285796131e-04
3.6798656453951247e-04
4.6791567939384983e-04
5.6804746278759104e-04
6.6804746275217280e-04
7.6804746276482451e-04
8.6804746276407949e-04
9.6804746276449435e-04
1.0680474627644222e-03
1.1680374637648013e-03
1.2680474628383410e-03
1.3680474609109390e-03
1.4680374599847651e-03
1.5680474628383605e-03
1.6680474646908576e-03
1.7680374675426427e-03
1.8680174733939463e-03
1.7680474692752443e-03
1.6680674701558651e-03
1.5680474628384875e-03
1.4680474628382600e-03
1.3680374618381982e-03
1.2680474628387320e-03
1.1680474648392588e-03
1.0680474627658115e-03
9.6804746276516905e-04
8.6804746276572574e-04
7.6804746276635974e-04
6.6804746276609948e-04
5.6803746176683307e-04
4.6804746283949977e-04
3.6804746491238884e-04
2.6803746598582989e-04
1.6804746283994676e-04
6.8047460693002987e-05
-3.1962542454309685e-05
-1.4529119958361201e-04
-4.5291052677609776e-05
5.4699095199801485e-05
1.5470894671269165e-04
2.5470879725591062e-04
3.5469864882837663e-04
4.5470894671377824e-04
5.5470924353979436e-04
6.5470894663949189e-04
7.5470894663976450e-04
8.5470894663915360e-04
9.5470894663892574e-04
1.0547089466396394e-03
1.1546989476398817e-03
1.2547089467128823e-03
1.3547089447862343e-03
1.4546989438595438e-03
1.5547089467132240e-03
1.6547089485658584e-03
1.7546989514186846e-03
1.8546789572695861e-03
1.7547089533312831e-03
1.6547289543919199e-03
1.5547089467131169e-03
1.4547089467124709e-03
1.3546989457131435e-03
1.2547089467125259e-03
1.1547089487124889e-03
1.0547089466388612e-03
9.5470894663869622e-04
8.5470894663869303e-04
7.5470894663921264e-04
6.5470894663866605e-04
5.5469894563782548e-04
4.5470894671124104e-04
3.5470894878523193e-04
2.5469894985930973e-04
1.5470894671018264e-04
5.4708944561524135e-05
-4.5301058587907446e-05
-1.4532106473866710e-04
-4.5291052680914573e-05
5.4728954374723708e-05
1.5470894671036926e-04
2.5470894671121265e-04
3.5469894771146120e-04
4.5470894671110237e-04
5.5470894471126050e-04
6.5470894663758748e-04
7.5470894663699859e-04
8.5470894663685682e-04
9.5470894663777259e-04
1.0547089466372819e-03
1.1546989476374080e-03
1.2547089467110930e-03
1.3547089447840891e-03
1.4546989438577503e-03
1.5547089467106276e-03
1.6547089485623987e-03
1.7546989514146405e-03
1.8546789572662624e-03
1.7547089533283030e-03
1.6547289543901128e-03
1.5547089467106323e-03
1.4547089467098727e-03
1.3546989457098111e-03
1.2547089467101484e-03
1.1547089487115689e-03
1.0547089466370230e-03
9.5470894663679344e-04
8.5470894663639896e-04
7.5470894663649455e-04
6.5470894663609671e-04
5.5469894563590666e-04
4.5470894670960270e-04
3.5470894878287553e-04
2.5469894985700596e-04
1.5470894670948154e-04
5.4708944561826940e-05
-4.5301058585304921e-05
-1.4532106473456497e-04
-4.5291052681110488e-05
5.4728954369837731e-05
1.5470894670985361e-04
2.5470894670982119e-04
3.5469894770981229e-04
4.5470894670978442e-04
5.5470894471021739e-04
6.5470894663648886e-04
7.5470894663672570e-04
8.5470894663620435e-04
