0.0000000000000000e+00
1.0000000000565927e-04
2.0000000000928119e-04
2.9999000101309345e-04
4.0000000008233764e-04
4.9999999815223306e-04
5.9998999722191127e-04
7.9756375359092029e-04
1.4365261400205397e-03
2.0862566725165649e-03
2.7362501704340635e-03
2.6362501687206903e-03
2.5362401660070279e-03
2.4362501682081358e-03
2.3362501714096770e-03
2.2362401736117686e-03
2.1362501682090705e-03
2.0362501638044243e-03
1.9362501681356764e-03
1.8362501681352698e-03
1.7362501681353864e-03
1.6362501681355965e-03
1.5362501681358358e-03
1.4362401671357407e-03
1.3362501682087733e-03
1.2362501702815143e-03
1.1362401713555662e-03
1.0362501682088677e-03
9.3625016606149660e-04
5.1250249996103836e-04
-1.3199300072049279e-04
-3.1952536601840580e-05
6.8077920422475981e-05
1.6809837235620331e-04
2.6804746286045037e-04
3.6798656454227084e-04
4.6791567939794552e-04
5.6804746278975500e-04
6.6804746275515284e-04
7.6804746276750487e-04
8.6804746276755783e-04
9.6804746276772451e-04
1.0680474627678749e-03
1.1680374637674127e-03
1.2680474628406697e-03
1.3680474609143699e-03
1.4680374599889291e-03
1.5680474628404445e-03
1.6680474646920084e-03
1.7680374675429955e-03
1.8680174733924542e-03
1.7680474692769368e-03
1.6680674701608227e-03
1.5680474628401303e-03
1.4680474628402337e-03
1.3680374618398579e-03
1.2680474628408208e-03
1.1680474648407089e-03
1.0680474627671821e-03
9.6804746276698737e-04
8.6804746276676647e-04
7.6804746276692808e-04
6.6804746276654672e-04
5.6803746176683893e-04
4.6804746283921045e-04
3.6804746491249488e-04
2.6803746598579319e-04
1.6804746284036098e-04
6.8047460694046721e-05
-3.1962542453497475e-05
-1.4529119958409456e-04
-4.5291052677542935e-05
5.4699095199676700e-05
1.5470894671228442e-04
2.5470879725481623e-04
3.5469864882703504e-04
4.5470894671249221e-04
5.5470924353840279e-04
6.5470894663815138e-04
7.5470894663877907e-04
8.5470894663840235e-04
9.5470894663866868e-04
1.0547089466387705e-03
1.1546989476385466e-03
1.2547089467124220e-03
1.3547089447861699e-03
1.4546989438609101e-03
1.5547089467128107e-03
1.6547089485638609e-03
1.7546989514147502e-03
1.8546789572647735e-03
1.7547089533314552e-03
1.6547289543968977e-03
1.5547089467134994e-03
1.4547089467130052e-03
1.3546989457125067e-03
1.2547089467124888e-03
1.1547089487128220e-03
1.0547089466396212e-03
9.5470894663944182e-04
8.5470894663905060e-04
7.5470894663978358e-04
6.5470894663954089e-04
5.5469894563960195e-04
4.5470894671254545e-04
3.5470894878634183e-04
2.5469894986022870e-04
1.5470894671283864e-04
5.4708944565163728e-05
-4.5301058583351026e-05
-1.4532106473325279e-04
-4.5291052678033916e-05
5.4728954374595826e-05
1.5470894671271401e-04
2.5470894671271877e-04
3.5469894771253808e-04
4.5470894671256333e-04
5.5470894471313509e-04
6.5470894663980218e-04
7.5470894663944455e-04
8.5470894663938247e-04
9.5470894663913250e-04
1.0547089466393638e-03
1.1546989476393156e-03
1.2547089467132414e-03
1.3547089447869178e-03
1.4546989438610008e-03
1.5547089467132570e-03
1.6547089485642002e-03
1.7546989514154654e-03
1.8546789572655180e-03
1.7547089533319587e-03
1.6547289543973288e-03
1.5547089467136980e-03
1.4547089467135570e-03
1.3546989457141265e-03
1.2547089467141281e-03
1.1547089487152567e-03
1.0547089466417510e-03
9.5470894664208402e-04
8.5470894664237335e-04
7.5470894664191816e-04
6.5470894664167742e-04
5.5469894564118684e-04
4.5470894671524522e-04
3.5470894878866132e-04
2.5469894986266750e-04
1.5470894671492608e-04
5.4708944565960033e-05
-4.5301058583227921e-05
-1.4532106473246699e-04
-4.5291052676322692e-05
5.4728954377050569e-05
1.5470894671385500e-04
2.5470894671474569e-04
3.5469894771583471e-04
4.5470894671520369e-04
5.5470894471445868e-04
6.5470894664185013e-04
7.5470894664169546e-04
8.5470894664187343e-04
