0.0000000000000000e+00
0.0000000000000000e+00
0.0000000000000000e+00
0.0000000000000000e+00
0.0000000000000000e+00
0.0000000000000000e+00
0.0000000000000000e+00
1.9514341990264862e-04
1.2730522797163146e-03
2.3725135608280035e-03
3.4725003362507246e-03
3.4725003362507246e-03
3.4725003362507246e-03
3.4725003362507246e-03
3.4725003362507246e-03
3.4725003362507246e-03
3.4725003362507246e-03
3.4725003362507246e-03
3.4725003362507246e-03
3.4725003362507246e-03
3.4725003362507246e-03
3.4725003362507246e-03
3.4725003362507246e-03
3.4725003362507246e-03
3.4725003362507246e-03
3.4725003362507246e-03
3.4725003362507246e-03
3.4725003362507246e-03
3.4725003362507246e-03
4.1198209707863495e-03
5.2089057469865575e-03
5.2089057469865575e-03
5.2089057469865575e-03
5.2089057469865575e-03
5.2089057469865575e-03
5.2089057469865575e-03
5.2089057469865575e-03
5.2089057469865575e-03
5.2089057469865575e-03
5.2089057469865575e-03
5.2089057469865575e-03
5.2089057469865575e-03
5.2089057469865575e-03
5.2089057469865575e-03
5.2089057469865575e-03
5.2089057469865575e-03
5.2089057469865575e-03
5.2089057469865575e-03
5.2089057469865575e-03
5.2089057469865575e-03
5.2089057469865575e-03
5.2089057469865575e-03
5.2089057469865575e-03
5.2089057469865575e-03
5.2089057469865575e-03
5.2089057469865575e-03
5.2089057469865575e-03
5.2089057469865575e-03
5.2089057469865575e-03
5.2089057469865575e-03
5.2089057469865575e-03
5.2089057469865575e-03
5.2089057469865575e-03
5.2089057469865575e-03
5.2089057469865575e-03
5.2089057469865575e-03
5.2089057469865575e-03
5.2089057469865575e-03
5.2089057469865575e-03
5.2089057469865575e-03
5.2355827792399667e-03
5.2355827792399667e-03
5.2355827792399667e-03
5.2355827792399667e-03
5.2355827792399667e-03
5.2355827792399667e-03
5.2355827792399667e-03
5.2355827792399667e-03
5.2355827792399667e-03
5.2355827792399667e-03
5.2355827792399667e-03
5.2355827792399667e-03
5.2355827792399667e-03
5.2355827792399667e-03
5.2355827792399667e-03
5.2355827792399667e-03
5.2355827792399667e-03
5.2355827792399667e-03
5.2355827792399667e-03
5.2355827792399667e-03
5.2355827792399667e-03
5.2355827792399667e-03
5.2355827792399667e-03
5.2355827792399667e-03
5.2355827792399667e-03
5.2355827792399667e-03
5.2355827792399667e-03
5.2355827792399667e-03
5.2355827792399667e-03
5.2355827792399667e-03
5.2355827792399667e-03
5.2355827792399667e-03
5.2355827792399667e-03
5.2355827792399667e-03
5.2355827792399667e-03
5.2355827792399667e-03
5.2355827792399667e-03
5.2355827792399667e-03
5.2355827792399667e-03
5.2355827792399667e-03
5.2355827792399667e-03
5.2355827792399667e-03
5.2355827792399667e-03
5.2355827792399667e-03
5.2355827792399667e-03
5.2355827792399667e-03
5.2355827792399667e-03
5.2355827792399667e-03
5.2355827792399667e-03
5.2355827792399667e-03
5.2355827792399667e-03
5.2355827792399667e-03
5.2355827792399667e-03
5.2355827792399667e-03
5.2355827792399667e-03
5.2355827792399667e-03
5.2355827792399667e-03
5.2355827792399667e-03
5.2355827792399667e-03
5.2355827792399667e-03
5.2355827792399667e-03
5.2355827792399667e-03
5.2355827792399667e-03
5.2355827792399667e-03
5.2355827792399667e-03
5.2355827792399667e-03
5.2355827792399667e-03
5.2355827792399667e-03
5.2355827792399667e-03
5.2355827792399667e-03
5.2355827792399667e-03
5.2355827792399667e-03
5.2355827792399667e-03
5.2355827792399667e-03
5.2355827792399667e-03
5.2355827792399667e-03
5.2355827792399667e-03
5.2355827792399667e-03
5.2355827792399667e-03
5.2355827792399667e-03
5.2355827792399667e-03
5.2355827792399667e-03
5.2355827792399667e-03
5.2355827792399667e-03
5.2355827792399667e-03
5.2355827792399667e-03
5.2355827792399667e-03
5.2355827792399667e-03
5.2355827792399667e-03
5.2355827792399667e-03
5.2355827792399667e-03
