0.0000000000000000e+00
7.4285577069685568e-11
9.0183751180335365e-10
-8.8026394366523923e-03
8.2476780665981065e-09
5.2993433617902083e-06
-8.7920463052160100e-03
-2.1905073224144250e-03
1.1459959887051628e-08
-2.5594592459763679e-05
3.9507082809196230e-07
6.0426872749901378e-08
-8.7976355186809088e-03
8.2447267679022929e-09
-4.9847147041415687e-06
-8.8073342847242199e-03
8.3793759978896960e-09
4.7051256091218873e-06
9.3251551560968503e-10
8.6160822508509108e-10
8.8697144958903923e-10
8.9446306143867338e-10
9.5092970383891798e-10
-8.7973603048338150e-03
8.2949438369021479e-09
-5.2598475364046366e-06
-8.8078845182011402e-03
8.3058850231014106e-09
5.2552505935605725e-06
-2.4140827069720292e-02
-1.1248000135379009e-02
6.4109403460311176e-08
2.4473652587713047e-03
-3.9113788869419843e-03
1.1762053662655497e-09
-4.8791690793624654e-03
-1.8554164888527288e-02
7.8308864946360871e-09
-4.4200599291463079e-09
7.4941108456481581e-10
6.9376241894507900e-10
7.5310674084747389e-10
7.7757333079749825e-10
-8.8026404857818041e-03
8.1615844948106878e-09
5.3000483925336836e-06
-8.7920445935911178e-03
8.0851790360161371e-09
-5.3050234409187948e-06
-8.8132639341239605e-03
-2.6429155599543529e-02
6.6020233533025947e-07
1.7617250196275601e-02
8.0454924364724447e-09
8.0805961380666913e-09
-8.7973531744140240e-03
8.1353788606693003e-09
-5.2674153184816971e-06
7.1932616364209867e-10
7.0231159589682271e-10
6.9180052807844725e-10
7.7596755858335109e-10
7.6267362718535258e-10
-8.7973603705483010e-03
8.1554316974233733e-09
-5.2599673719393891e-06
-8.8078847663438445e-03
8.3235653413617531e-09
5.2554964172395900e-06
-8.7868631814854853e-03
-4.1428925532513209e-05
6.9531236977541003e-08
-8.7610657936859748e-03
8.0709551808697697e-09
-3.6281949549512472e-05
-8.8752160470592367e-03
8.1659253077338785e-09
7.7881172383724139e-05
6.1809868252654789e-10
6.8864108609367079e-10
6.3830714239340235e-10
6.0955651006751136e-10
6.5571316450029744e-10
-8.8026406182540942e-03
8.0449848872331062e-09
5.2999869238432587e-06
-8.7920446464026594e-03
8.1573979329524579e-09
-5.3049576953051245e-06
-8.8132638696027284e-03
-2.6429155438473510e-02
6.7870965160413823e-07
1.7617286987630983e-02
8.1330608907331555e-09
8.0366731927480591e-09
-8.7973531757139494e-03
8.0052554390851276e-09
-5.2675175066357945e-06
5.7172103654809925e-10
5.2683763727842156e-10
5.0177544164296480e-10
5.7012824580751927e-10
5.1130507230124968e-10
-8.7973607013187433e-03
7.8658864909240628e-09
-5.2601298848702707e-06
-8.8078848354865256e-03
7.8494994501195119e-09
5.2547559603167238e-06
-8.7868641888536429e-03
-2.6371075851148382e-02
6.9187495169831368e-08
1.7584387830171397e-02
7.8751667108821379e-09
7.9000190961076742e-09
-8.8026333786907583e-03
7.8157994451965589e-09
5.2924004233400379e-06
4.9517471987898471e-10
4.0221938685423167e-10
3.8983975976387673e-10
3.9262150740068547e-10
3.8655043150758095e-10
-8.8026408659073498e-03
7.8525084849690560e-09
5.2997812652948265e-06
-8.7920448972876007e-03
7.8281756218762558e-09
-5.3054047710965106e-06
-8.8132643210641296e-03
-2.6429155885912343e-02
6.7839959541217486e-07
1.7617286906495454e-02
7.8238087448652090e-09
7.8223689862806229e-09
-8.7973533238199612e-03
7.8616581852068820e-09
-5.2674397339545043e-06
5.7882221597313820e-10
6.5385365895811488e-10
6.4613854351870588e-10
5.6243450230840723e-10
5.1423152964763200e-10
-8.7973607463752712e-03
7.9776804538271499e-09
-5.2601011672158201e-06
-8.8078847527586525e-03
7.9130344917128849e-09
5.2547076631306542e-06
-8.7868642137860602e-03
-2.6371075712226619e-02
6.9281222866660217e-08
1.7584387748738418e-02
7.8318827386195682e-09
7.9075623026149295e-09
-8.8026331816840851e-03
7.9567122805715547e-09
5.2923657834775729e-06
5.0803818175258209e-10
4.8931939653261359e-10
5.0031791506418270e-10
