0.0000000000000000e+00
7.6904062990227029e-11
8.8388450175422823e-10
-8.8026394877570094e-03
8.2046344427899974e-09
5.2993381505851388e-06
-8.7920462209292033e-03
-2.1905073561990901e-03
1.1431001256427406e-08
-2.5594606111918880e-05
3.9499747082539317e-07
6.0395710722219665e-08
-8.7976355738055394e-03
8.1858783863609272e-09
-4.9847661543215616e-06
-8.8073343320398626e-03
8.3033402493550060e-09
4.7050974196102696e-06
8.1992759201690694e-10
8.0368656012350429e-10
8.2939999635844732e-10
7.9242391879772372e-10
8.1249917323794884e-10
-8.7973604102789052e-03
8.2314503599525294e-09
-5.2597964339879438e-06
-8.8078844707839693e-03
8.2217157570219349e-09
5.2550400774581916e-06
-2.4140827156304428e-02
-1.1248000196958333e-02
6.4039237383562692e-08
2.4473651814887758e-03
-3.9113789639499703e-03
1.0706513325344861e-09
-4.8791692303029313e-03
-1.8554165108293261e-02
7.7455311396480338e-09
-4.5758389841315250e-09
6.1016115083595487e-10
4.9754159112254713e-10
5.8246342115631268e-10
5.8906676106403650e-10
-8.8026406009341761e-03
8.0581626900383241e-09
5.2998735292801687e-06
-8.7920448372301487e-03
8.0098679028403160e-09
-5.3050225920525286e-06
-8.8132638578310215e-03
-2.6429155374874055e-02
6.6014751695941615e-07
1.7617249888907654e-02
8.0196685307740125e-09
8.0468695382930334e-09
-8.7973531805961257e-03
8.1199745876889397e-09
-5.2673964893125755e-06
7.3967851820580461e-10
6.8713544766877122e-10
7.5395175464430461e-10
8.6459334946049848e-10
8.5063989790627139e-10
-8.7973602552511732e-03
8.2929335601521081e-09
-5.2598490719704099e-06
-8.8078846554334907e-03
8.4137070580503055e-09
5.2555567824308631e-06
-8.7868631326921409e-03
-4.1428761928423434e-05
6.9635655837872837e-08
-8.7610656785489655e-03
8.2241146749954285e-09
-3.6281753775318185e-05
-8.8752158250217164e-03
8.3854892837676764e-09
7.7881396481982820e-05
8.4469210954310616e-10
8.8549696583959920e-10
8.0259241785054041e-10
7.5107860156033604e-10
8.3368894058040893e-10
-8.8026403659813169e-03
8.2196407379490346e-09
5.3001034208198089e-06
-8.7920446421780249e-03
8.2952740246180867e-09
-5.3046697024345260e-06
-8.8132633838801273e-03
-2.6429154876253608e-02
6.7883316785906145e-07
1.7617286682686653e-02
8.2282386581375896e-09
8.1296711796865469e-09
-8.7973529793284235e-03
8.1138005312718211e-09
-5.2674077685244811e-06
6.4228957654615683e-10
6.0287976290979884e-10
6.0369926013788450e-10
6.7865523638125016e-10
6.1485918996513071e-10
-8.7973607033026424e-03
7.9212681426686888e-09
-5.2600594239417919e-06
-8.8078847104781349e-03
7.8345405362676457e-09
5.2546633732094677e-06
-8.7868643642419354e-03
-2.6371076087895066e-02
6.9200859739295813e-08
1.7584388109063154e-02
7.9290336332522323e-09
7.9850113881439296e-09
-8.8026332539908603e-03
7.9419808637765630e-09
5.2924887682479279e-06
5.4781819937954891e-10
4.3630969238382956e-10
4.3408201168610343e-10
5.1903589875323226e-10
4.5929169229328153e-10
-8.8026407847664450e-03
7.9108711966898556e-09
5.2997870267402668e-06
-8.7920449387845767e-03
7.8429854356226321e-09
-5.3053090125408118e-06
-8.8132641227615365e-03
-2.6429155561306546e-02
6.7834713817334892e-07
1.7617286528697266e-02
7.8210222120571664e-09
7.7817663772618635e-09
-8.7973534421188285e-03
7.7923203299850233e-09
-5.2675150624096367e-06
4.4417633480262687e-10
4.4930370563131919e-10
3.7325766025291764e-10
3.5208168918665829e-10
2.8123596355292421e-10
-8.7973609660074604e-03
7.7305427541527748e-09
-5.2603838878024114e-06
-8.8078850454096479e-03
7.6763216641377503e-09
5.2545731439912989e-06
-8.7868641643996589e-03
-2.6371075658262966e-02
6.9087709657783519e-08
1.7584387367098109e-02
7.7194152692369673e-09
7.7278975379188925e-09
-8.8026334476951091e-03
7.7379916638239195e-09
5.2922410742461567e-06
2.9651303302007188e-10
3.0446526730426714e-10
2.4429475865537051e-10
