0.0000000000000000e+00
4.4000000002345438e+01
8.8000000002228603e+01
1.3201320572457576e+02
1.7600000001973805e+02
2.1999998858829042e+02
2.6401318287036554e+02
3.0800088021600823e+02
3.5200000004846606e+02
3.9600000371423118e+02
4.4000000022545129e+02
3.9600000014090000e+02
3.5201319433867798e+02
3.0800000001960609e+02
2.6400001141412827e+02
2.2001321708222017e+02
1.7600000001961143e+02
1.3199998868808416e+02
8.8000000002094666e+01
4.4000000002145235e+01
2.1468126203187706e-09
4.3999999997894449e+01
8.7999999997897262e+01
1.3198680571542886e+02
1.7599999998042941e+02
2.1999998853204380e+02
2.6398678281015140e+02
3.0799999998049066e+02
3.5200001141940095e+02
3.9599015274097496e+02
4.3999530793064804e+02
3.9599999984694477e+02
3.5199149335846164e+02
3.0796977701938749e+02
2.6399999995773692e+02
2.2001703687722795e+02
1.7602087634928907e+02
1.3200000000209008e+02
8.7999999992936580e+01
4.3999999997782837e+01
2.2210622412048819e-09
4.4000000002250459e+01
8.8000000002209802e+01
1.3201320572468606e+02
1.7600000001963210e+02
2.1999998858811426e+02
2.6401318287006353e+02
3.0800000001963417e+02
3.5200001146066944e+02
3.9601322863306359e+02
4.4003966299042395e+02
3.9600000154754207e+02
3.5197356875595420e+02
3.0800000001964548e+02
2.6400000001958483e+02
2.2001319430191654e+02
1.7600000001962471e+02
1.3200001145078340e+02
8.8000000002267910e+01
4.4000000002228617e+01
2.2560756837132342e-09
4.3999999997759389e+01
8.7999999997834877e+01
1.3198680571538546e+02
1.7599999998045348e+02
2.1999998853204823e+02
2.6398678281017550e+02
3.0799999998044905e+02
3.5200001141924213e+02
3.9598682856676925e+02
4.3999998147683732e+02
3.9599999983497162e+02
3.5198681249832282e+02
3.0799999998044268e+02
2.6399999316158244e+02
2.1998678060161348e+02
1.7599999998038163e+02
1.3200002512292536e+02
8.7999999997898286e+01
4.3999999997839382e+01
2.1243831516355725e-09
4.4000000002134293e+01
8.8000000002177543e+01
1.3201320572463166e+02
1.7600000001967123e+02
2.1999998858816755e+02
2.6401318287012094e+02
3.0800000001965657e+02
3.5200001146054700e+02
3.9601322863295047e+02
4.4003966299021261e+02
3.9600000159064354e+02
3.5197356884223979e+02
3.0800000001983250e+02
2.6400000001977389e+02
2.2001319430217052e+02
1.7600000001976557e+02
1.3200001145082342e+02
8.8000000002352834e+01
4.4000000002350816e+01
2.3591091935769143e-09
4.3999999997560082e+01
8.7999999997600469e+01
1.3198680571518727e+02
1.7599999998017259e+02
2.1999998853170069e+02
2.6398678280982688e+02
3.0799999998021650e+02
3.5200001141912389e+02
3.9598682856668808e+02
4.3996046284944276e+02
3.9599999983488459e+02
3.5202636536861922e+02
3.0799999998026010e+02
2.6399999998022190e+02
2.1998679425770433e+02
1.7599999998014755e+02
1.3200001142913553e+02
8.7999999997569233e+01
4.3999999997601321e+01
2.4124116229041155e-09
4.4000000002396767e+01
8.8000000002397485e+01
1.3201320572488746e+02
1.7600000001992373e+02
2.1999998858836312e+02
2.6401318287025765e+02
3.0800000001992970e+02
3.5200001146091063e+02
3.9601322863337157e+02
4.4003966299074131e+02
3.9600000159080582e+02
3.5197356884206073e+02
3.0800000001999609e+02
2.6400000001989133e+02
2.2001319430228364e+02
1.7600000001991197e+02
1.3200001145102647e+02
8.8000000002502247e+01
4.4000000002512515e+01
2.5958141967254732e-09
4.3999999997429761e+01
8.7999999997420474e+01
1.3198680571500361e+02
1.7599999998000615e+02
2.1999998853154733e+02
2.6398678280967937e+02
3.0799999997999191e+02
3.5200001141887657e+02
3.9598682856639573e+02
4.3996046284906873e+02
3.9599999983466392e+02
3.5202636536849178e+02
3.0799999998003130e+02
2.6399999997999453e+02
2.1998679425750754e+02
1.7599999997995559e+02
1.3200001142895351e+02
8.7999999997283950e+01
4.3999999997282899e+01
2.7348712026306532e-09
