0.0000000000000000e+00
-4.4000000002269850e+01
-8.8000000001335735e+01
-1.3202200836403799e+02
-1.7600000001151182e+02
-2.1999998328894972e+02
-2.6402197491662872e+02
-3.0800307072334772e+02
-3.5200000003702070e+02
-3.9600002930883068e+02
-4.3999999983041721e+02
-3.9600000008048846e+02
-3.5202199197422431e+02
-3.0800000001139068e+02
-2.6400001639886875e+02
-2.2002202441652855e+02
-1.7600000001127012e+02
-1.3199998398297268e+02
-8.8000000001218424e+01
-4.4000000001312600e+01
-1.2888993203271779e-09
4.3999999998737898e+01
8.7999999998779003e+01
1.3197800835507135e+02
1.7599999998869254e+02
2.1999998327222184e+02
2.6397797492565707e+02
3.0799999998875444e+02
3.5200001667454626e+02
3.9596601191386202e+02
4.3998405993048181e+02
3.9599999991101907e+02
3.5199394072368182e+02
3.0796586564046220e+02
2.6399999995886037e+02
2.2001215770807315e+02
1.7600232218429053e+02
1.3200000000987828e+02
8.7999999988438617e+01
4.3999999998462599e+01
-1.6198753989334194e-09
-4.4000000001582649e+01
-8.8000000001526445e+01
-1.3202200836522948e+02
-1.7600000001152222e+02
-2.1999998328815326e+02
-2.6402197491477887e+02
-3.0800000001158679e+02
-3.5200001676569235e+02
-3.9602204189695954e+02
-4.4006609214591106e+02
-3.9600000088736692e+02
-3.5195595150591151e+02
-3.0800000001161288e+02
-2.6400000001152097e+02
-2.2002199165509410e+02
-1.7600000001149698e+02
-1.3200001671818927e+02
-8.8000000001538410e+01
-4.4000000001533898e+01
-1.5332557446601314e-09
4.3999999998579682e+01
8.7999999998641542e+01
1.3197800835507252e+02
1.7599999998867764e+02
2.1999998327214001e+02
2.6397797492546454e+02
3.0799999998881782e+02
3.5200001667476863e+02
3.9597804170361218e+02
4.3999994004799362e+02
3.9599999990455501e+02
3.5197805143258677e+02
3.0799999998859033e+02
2.6399995687973092e+02
2.1997790538567747e+02
1.7599999998865738e+02
1.3200010300420979e+02
8.7999999998629647e+01
4.3999999998626457e+01
-1.4034769194394829e-09
-4.4000000001453984e+01
-8.8000000001432880e+01
-1.3202200836512381e+02
-1.7600000001153893e+02
-2.1999998328812237e+02
-2.6402197491476528e+02
-3.0800000001143007e+02
-3.5200001676536090e+02
-3.9602204189657726e+02
-4.4006609214536991e+02
-3.9600000091187201e+02
-3.5195595155540451e+02
-3.0800000001165182e+02
-2.6400000001169059e+02
-2.2002199165524797e+02
-1.7600000001170608e+02
-1.3200001671828610e+02
-8.8000000001745775e+01
-4.4000000001785970e+01
-1.8123393855627897e-09
4.3999999998184450e+01
8.7999999998163503e+01
1.3197800835448498e+02
1.7599999998806618e+02
2.1999998327160600e+02
2.6397797492505384e+02
3.0799999998805839e+02
3.5200001667383344e+02
3.9597804170241153e+02
4.3993409177347309e+02
3.9599999990407895e+02
3.5204394975658863e+02
3.0799999998816264e+02
2.6399999998816440e+02
2.1997799162438801e+02
1.7599999998802639e+02
1.3200001672158021e+02
8.7999999998090729e+01
4.3999999998020584e+01
-2.0047250587802551e-09
-4.4000000001940919e+01
-8.8000000001974570e+01
-1.3202200836571274e+02
-1.7600000001204216e+02
-2.1999998328857907e+02
-2.6402197491517563e+02
-3.0800000001209412e+02
-3.5200001676626749e+02
-3.9602204189759351e+02
-4.4006609214646505e+02
-3.9600000091243237e+02
-3.5195595155534295e+02
-3.0800000001217342e+02
-2.6400000001208923e+02
-2.2002199165566668e+02
-1.7600000001208497e+02
-1.3200001671850404e+02
-8.8000000001990713e+01
-4.4000000001960906e+01
-2.0932585316955951e-09
4.3999999997887031e+01
8.7999999997818179e+01
1.3197800835414748e+02
1.7599999998786026e+02
2.1999998327130481e+02
2.6397797492478037e+02
3.0799999998778657e+02
3.5200001667351700e+02
3.9597804170220655e+02
4.3993409177338344e+02
3.9599999990384873e+02
3.5204394975604987e+02
3.0799999998780709e+02
2.6399999998781215e+02
2.1997799162419273e+02
1.7599999998780291e+02
1.3200001672125703e+02
8.7999999997686245e+01
4.3999999997679808e+01
-2.3663749457580105e-09
