2.9999999999999983e+02
2.9999999999999983e+02
2.9999999999999983e+02
2.9999999999999983e+02
2.9999999999999983e+02
2.9999999999999983e+02
2.9999999999999983e+02
3.0604944601698179e+02
3.3926947725130287e+02
3.7227486810595150e+02
4.0527499686294425e+02
4.0417501008752151e+02
4.0417501008752151e+02
4.0417501008752151e+02
4.0417501008752151e+02
4.0417501008752151e+02
4.0417501008752151e+02
4.0417501008752151e+02
4.0417501008752151e+02
4.0417501008752151e+02
4.0417501008752151e+02
4.0417501008752151e+02
4.0417501008752151e+02
4.0417501008752151e+02
4.0417501008752151e+02
4.0417501008752151e+02
4.0417501008752151e+02
4.0417501008752151e+02
4.0417501008752151e+02
4.2424194975812588e+02
4.5735625718579684e+02
4.5626717240959647e+02
4.5626717240959647e+02
4.5626717240959647e+02
4.5626717240959647e+02
4.5626717240959647e+02
4.5626717240959647e+02
4.5626717240959647e+02
4.5626717240959647e+02
4.5626717240959647e+02
4.5626717240959647e+02
4.5626717240959647e+02
4.5626717240959647e+02
4.5626717240959647e+02
4.5626717240959647e+02
4.5626717240959647e+02
4.5626717240959647e+02
4.5626717240959647e+02
4.5626717240959647e+02
4.5626717240959647e+02
4.5626717240959647e+02
4.5626717240959647e+02
4.5626717240959647e+02
4.5626717240959647e+02
4.5626717240959647e+02
4.5626717240959647e+02
4.5626717240959647e+02
4.5626717240959647e+02
4.5626717240959647e+02
4.5626717240959647e+02
4.5626717240959647e+02
4.5626717240959647e+02
4.5626717240959647e+02
4.5626717240959647e+02
4.5626717240959647e+02
4.5626717240959647e+02
4.5626717240959647e+02
4.5626717240959647e+02
4.5626717240959647e+02
4.5626717240959647e+02
4.5709416040945194e+02
4.5706748337719887e+02
4.5706748337719887e+02
4.5706748337719887e+02
4.5706748337719887e+02
4.5706748337719887e+02
4.5706748337719887e+02
4.5706748337719887e+02
4.5706748337719887e+02
4.5706748337719887e+02
4.5706748337719887e+02
4.5706748337719887e+02
4.5706748337719887e+02
4.5706748337719887e+02
4.5706748337719887e+02
4.5706748337719887e+02
4.5706748337719887e+02
4.5706748337719887e+02
4.5706748337719887e+02
4.5706748337719887e+02
4.5706748337719887e+02
4.5706748337719887e+02
4.5706748337719887e+02
4.5706748337719887e+02
4.5706748337719887e+02
4.5706748337719887e+02
4.5706748337719887e+02
4.5706748337719887e+02
4.5706748337719887e+02
4.5706748337719887e+02
4.5706748337719887e+02
4.5706748337719887e+02
4.5706748337719887e+02
4.5706748337719887e+02
4.5706748337719887e+02
4.5706748337719887e+02
4.5706748337719887e+02
4.5706748337719887e+02
4.5706748337719887e+02
4.5706748337719887e+02
4.5706748337719887e+02
4.5706748337719887e+02
4.5706748337719887e+02
4.5706748337719887e+02
4.5706748337719887e+02
4.5706748337719887e+02
4.5706748337719887e+02
4.5706748337719887e+02
4.5706748337719887e+02
4.5706748337719887e+02
4.5706748337719887e+02
4.5706748337719887e+02
4.5706748337719887e+02
4.5706748337719887e+02
4.5706748337719887e+02
4.5706748337719887e+02
4.5706748337719887e+02
4.5706748337719887e+02
4.5706748337719887e+02
4.5706748337719887e+02
4.5706748337719887e+02
4.5706748337719887e+02
4.5706748337719887e+02
4.5706748337719887e+02
4.5706748337719887e+02
4.5706748337719887e+02
4.5706748337719887e+02
4.5706748337719887e+02
4.5706748337719887e+02
4.5706748337719887e+02
4.5706748337719887e+02
4.5706748337719887e+02
4.5706748337719887e+02
4.5706748337719887e+02
4.5706748337719887e+02
4.5706748337719887e+02
4.5706748337719887e+02
4.5706748337719887e+02
4.5706748337719887e+02
4.5706748337719887e+02
4.5706748337719887e+02
4.5706748337719887e+02
4.5706748337719887e+02
4.5706748337719887e+02
4.5706748337719887e+02
4.5706748337719887e+02
4.5706748337719887e+02
4.5706748337719887e+02
4.5706748337719887e+02
4.5706748337719887e+02
4.5706748337719887e+02
