2.9999999999999983e+02
2.9999999999999983e+02
2.9999999999999983e+02
2.9999999999999983e+02
3.5200021359386938e+02
4.4000058936194227e+02
4.4005878726267525e+02
4.4000000343847199e+02
4.4000000146493539e+02
4.4000000182045574e+02
4.4000000168274494e+02
3.5200000006093876e+02
3.3174860926055487e+02
3.3174860926055487e+02
3.3174860926055487e+02
3.3174860926055487e+02
3.3174860926055487e+02
3.3174860926055487e+02
3.3174860926055487e+02
3.3174860926055487e+02
3.3174860926055487e+02
3.3174860926055487e+02
3.3174860926055487e+02
3.3174860926055487e+02
3.5199996429411630e+02
4.3999937141383589e+02
4.3994152342811549e+02
4.3999999947687689e+02
4.3999999837287623e+02
4.3999999890903547e+02
4.3999999899111867e+02
3.5506098552007677e+02
3.5506098552007677e+02
3.5506098552007677e+02
3.5506098552007677e+02
3.5506098552007677e+02
3.5506098552007677e+02
3.5506098552007677e+02
3.5506098552007677e+02
3.5506098552007677e+02
3.5506098552007677e+02
3.5506098552007677e+02
3.5506098552007677e+02
3.5506098552007677e+02
3.5506098552007677e+02
4.4000057613774658e+02
4.4005848724310761e+02
4.4000000165916367e+02
4.4000000044831785e+02
4.4000000068803257e+02
4.4000000063606632e+02
3.7287340428111673e+02
3.7287340428111673e+02
3.7287340428111673e+02
3.7287340428111673e+02
3.7287340428111673e+02
3.7287340428111673e+02
3.7287340428111673e+02
3.7287340428111673e+02
3.7287340428111673e+02
3.7287340428111673e+02
3.7287340428111673e+02
3.7287340428111673e+02
3.7287340428111673e+02
3.7287340428111673e+02
4.3999962617145377e+02
4.3994173062466029e+02
4.3999999991746915e+02
4.3999999924796691e+02
4.3999999957340060e+02
4.3999999960555863e+02
3.8694694873519143e+02
3.8694694873519143e+02
3.8694694873519143e+02
3.8694694873519143e+02
3.8694694873519143e+02
3.8694694873519143e+02
3.8694694873519143e+02
3.8694694873519143e+02
3.8694694873519143e+02
3.8694694873519143e+02
3.8694694873519143e+02
3.8694694873519143e+02
3.8694694873519143e+02
3.8694694873519143e+02
4.4000022245679986e+02
4.4005830614439094e+02
4.4000000090063998e+02
4.4000000011808402e+02
4.4000000026809369e+02
4.4000000024782634e+02
3.9807332697401228e+02
3.9807332697401228e+02
3.9807332697401228e+02
3.9807332697401228e+02
3.9807332697401228e+02
3.9807332697401228e+02
3.9807332697401228e+02
3.9807332697401228e+02
3.9807332697401228e+02
3.9807332697401228e+02
3.9807332697401228e+02
3.9807332697401228e+02
3.9807332697401228e+02
3.9807332697401228e+02
4.3999985230526585e+02
4.3994185979166951e+02
4.4000000001178307e+02
4.3999999962645131e+02
4.3999999983341047e+02
4.3999999984597821e+02
4.0686282511751784e+02
4.0686282511751784e+02
4.0686282511751784e+02
4.0686282511751784e+02
4.0686282511751784e+02
4.0686282511751784e+02
4.0686282511751784e+02
4.0686282511751784e+02
4.0686282511751784e+02
4.0686282511751784e+02
4.0686282511751784e+02
4.0686282511751784e+02
4.0686282511751784e+02
4.0686282511751784e+02
4.4000008535409603e+02
4.4005819361959828e+02
4.4000000054196994e+02
4.4000000001801533e+02
4.4000000010439572e+02
4.4000000009650080e+02
4.1381312531025719e+02
4.1381312531025719e+02
4.1381312531025719e+02
4.1381312531025719e+02
4.1381312531025719e+02
4.1381312531025719e+02
4.1381312531025719e+02
4.1381312531025719e+02
4.1381312531025719e+02
4.1381312531025719e+02
4.1381312531025719e+02
4.1381312531025719e+02
4.1381312531025719e+02
4.1381312531025719e+02
4.3999994121514425e+02
4.3994194068108624e+02
4.3999999999982003e+02
4.3999999979717927e+02
4.4010082509947722e+02
4.3999999947068068e+02
4.1930595058106854e+02
4.1930595058106854e+02
4.1930595058106854e+02
4.1930595058106854e+02
4.1930595058106854e+02
4.1930595058106854e+02
4.1930595058106854e+02
4.1930595058106854e+02
4.1930595058106854e+02
4.1930595058106854e+02
