0.0000000000000000e+00
-8.8000000036792486e+01
-1.7600000002013431e+02
-2.6400000002014724e+02
-3.5200037374912199e+02
-4.4000102900338152e+02
-4.4007576192835910e+02
-4.4000000548469109e+02
-4.4000000269153912e+02
-4.4000000315537784e+02
-4.4000000291681249e+02
-3.5200000006016325e+02
-2.6400007083832350e+02
-1.7600000002008514e+02
-8.8000000020013516e+01
6.5343361211070215e-11
1.9818340560442319e-12
6.0040313965085954e-11
6.5774384371256851e-11
-2.3393175633264739e-11
-6.1106562072904095e-11
8.7999999963452439e+01
1.7599999998010736e+02
2.6399999998015068e+02
3.5199993907743419e+02
4.3999891293200415e+02
4.3992458054748897e+02
4.3999999890952671e+02
4.3999999733299921e+02
4.3999999810161154e+02
4.3999999824454363e+02
3.5199999783036310e+02
2.6399999998016483e+02
1.7599999998008013e+02
8.7999999980059869e+01
2.2516137713215088e-10
1.5555196255580104e-10
1.5413398102567174e-10
1.8151554554586837e-10
1.7682202468226839e-10
1.2661814756972752e-10
-8.8000000036705742e+01
-1.7600000001999570e+02
-2.6400000002010404e+02
-3.5200000002021835e+02
-4.4000100529502572e+02
-4.4007531133944667e+02
-4.4000000254762932e+02
-4.4000000086125834e+02
-4.4000000119357810e+02
-4.4000000110345889e+02
-3.5200006192940947e+02
-2.6400000002021852e+02
-1.7600000002021844e+02
-8.8000000020310537e+01
-3.1617822262683954e-10
-2.4802554481238125e-10
-3.8778450397875836e-10
-3.7531530547467684e-10
-4.2356408759668862e-10
-3.6883830733787803e-10
8.7999999963132041e+01
1.7599999997973939e+02
2.6399999997967603e+02
3.5199999997976772e+02
4.3999935416682558e+02
4.3992490408159881e+02
4.3999999978385995e+02
4.3999999880387168e+02
4.3999999925808885e+02
4.3999999931390261e+02
3.5199980592366882e+02
2.6399999997944730e+02
1.7599999997970801e+02
8.7999999979618650e+01
-2.6211232261667821e-10
-2.6924709532824844e-10
-2.2844645231953343e-10
-1.3054552906521337e-10
-1.2451740659968445e-10
-2.2793304292535326e-11
-8.8000000036885552e+01
-1.7600000002022060e+02
-2.6400000002024177e+02
-3.5200000002036887e+02
-4.4000038920121813e+02
-4.4007503997084990e+02
-4.4000000131714802e+02
-4.4000000024767223e+02
-4.4000000046546569e+02
-4.4000000043025716e+02
-3.5200031377066210e+02
-2.6400000002051905e+02
-1.7600000002012897e+02
-8.8000000020239355e+01
-8.0144726920687948e-11
-1.0512267459671593e-10
-1.4770926604642763e-10
-2.7911510514983309e-10
-3.5383374093120475e-10
-4.4770888372130253e-10
8.7999999962825626e+01
1.7599999997943448e+02
2.6399999997928370e+02
3.5199999997942280e+02
4.3999974567281026e+02
4.3992510573196438e+02
4.4000000001431772e+02
4.3999999942933448e+02
4.3999999970999772e+02
4.3999999973190944e+02
3.5199952870819391e+02
2.6399999997913011e+02
1.7599999997977292e+02
8.7999999979609228e+01
-2.9219878815675774e-10
-2.6508315128326572e-10
-2.8481226320187864e-10
-3.0222945065160437e-10
-3.2078769465669994e-10
-4.1575892875945346e-10
-8.8000000037169599e+01
-1.7600000002046096e+02
-2.6400000002044681e+02
-3.5200000002047676e+02
-4.4000014997946994e+02
-4.4007487112388043e+02
-4.4000000074827506e+02
-4.4000000004888238e+02
-4.4000000018183130e+02
-4.4000000016824879e+02
-3.5200056939534863e+02
-2.6400000002110926e+02
-1.7600000002032863e+02
-8.8000000020503990e+01
-5.2923345652187970e-10
-5.5020737122054943e-10
-5.3477823336056120e-10
-4.0152735382414540e-10
-3.3625844083808809e-10
-2.7034169085248107e-10
8.7999999962848221e+01
1.7599999997948797e+02
2.6399999997942848e+02
3.5199999997938880e+02
4.3999989929650206e+02
4.3992523181814164e+02
4.4000000003467505e+02
4.3999999970532201e+02
4.4006716125185443e+02
4.3999999907911342e+02
3.5199929412663289e+02
2.6399999997855502e+02
1.7599999997950619e+02
8.7999999979212276e+01
-6.0208272396119184e-10
-6.3431808115939978e-10
-6.4865516222432089e-10
-7.1371175326734341e-10
-7.8351452571492374e-10
-9.6134099673500689e-10
