0.0000000000000000e+00
-7.4146344882920117e-03
-7.4979329159392720e-03
-7.4999563926934024e-03
-7.5019798735410015e-03
-7.5015085499835496e-03
-7.5010372266489543e-03
-7.5015085484471259e-03
-7.5019798704674834e-03
-7.5024511927100079e-03
-7.5029225151737418e-03
-7.5033938378605116e-03
-7.5025951005009452e-03
-7.5017963637787934e-03
-7.5025950958421675e-03
-7.5033938285442685e-03
-7.5025971762438517e-03
-7.5018005245784912e-03
-7.5025971715578389e-03
-7.5033938191719687e-03
-7.5025971838001207e-03
-7.5018005490636135e-03
-7.5025971791136325e-03
-7.5033938097986237e-03
-7.5025971837996159e-03
-7.5018005584346799e-03
-7.5025971791128224e-03
-7.5033938004259275e-03
-7.5025971837996931e-03
-7.5018005678073596e-03
-7.5025971791128285e-03
-7.5033937910528609e-03
-7.5025971837986974e-03
-7.5018005771798103e-03
-7.5025971791128840e-03
-7.5033937816795411e-03
-7.5025971837997512e-03
-7.5018005865545734e-03
-7.5025971791137539e-03
-7.5033937723078354e-03
-7.5025971838009169e-03
-7.5018005959285889e-03
-7.5025971791140358e-03
-7.5033937629351028e-03
-7.5025971838008501e-03
-7.5018006053012374e-03
-7.5025971791143438e-03
-7.5033937535616615e-03
-7.5025971838005318e-03
-7.5018006146745000e-03
-7.5025971791131997e-03
-7.5033937441874978e-03
-7.5025971837999585e-03
-7.5018006240477417e-03
-7.5025971791134851e-03
-7.5033937348129645e-03
-7.5025971838000548e-03
-7.5018006334210720e-03
-7.5025971791129629e-03
-7.5033937254393437e-03
-7.5025971837992776e-03
-7.5018006427951681e-03
-7.5025971791130904e-03
-7.5033937160661887e-03
-7.5025971838005995e-03
-7.5018006521699633e-03
-7.5025971791152189e-03
-7.5033937066950433e-03
-7.5025971838023012e-03
-7.5018006615436526e-03
-7.5025971791145276e-03
-7.5033936973201692e-03
-7.5025971838021469e-03
-7.5018006709176039e-03
-7.5025971791149726e-03
-7.5033936879464695e-03
-7.5025971838021260e-03
-7.5018006802920461e-03
-7.5025971791148650e-03
-7.5033936785723109e-03
-7.5025971838018676e-03
-7.5018006896660728e-03
-7.5025971791146638e-03
-7.5033936691983371e-03
-7.5025971838024157e-03
-7.5018006990399365e-03
-7.5025971791148078e-03
-7.5033936598231385e-03
-7.5025971838010757e-03
-7.5018007084136969e-03
-7.5025971791135354e-03
-7.5033936504480345e-03
-7.5025971838007886e-03
-7.5018007177879639e-03
-7.5025971791137349e-03
-7.5033936410736825e-03
-7.5025971838006090e-03
-7.5018007271622682e-03
-7.5025971791125856e-03
-7.5033936316979653e-03
-7.5025971838007946e-03
-7.5018007365369966e-03
-7.5025971791120721e-03
-7.5033936223216037e-03
-7.5025971837992429e-03
-7.5018007459116600e-03
-7.5025971791122100e-03
-7.5033936129468267e-03
-7.5025971838003020e-03
-7.5018007552882775e-03
-7.5025971791129629e-03
-7.5033936035721407e-03
-7.5025971838012396e-03
-7.5018007646641838e-03
-7.5025971791132188e-03
-7.5033935941964877e-03
-7.5025971838003471e-03
-7.5018007740386278e-03
-7.5025971791127738e-03
-7.5033935848205459e-03
-7.5025971838004390e-03
-7.5018007834150007e-03
-7.5025971791127999e-03
-7.5033935754440879e-03
-7.5025971837996176e-03
-7.5018007927907032e-03
-7.5025971791125284e-03
-7.5033935660676915e-03
-7.5025971838002786e-03
-7.5018008021673372e-03
-7.5025971791122335e-03
-7.5033935566916924e-03
-7.5025971838000452e-03
-7.5018008115425435e-03
-7.5025971791113505e-03
-7.5033935473150046e-03
-7.5025971837997009e-03
-7.5018008209177950e-03
-7.5025971791118674e-03
-7.5033935379397228e-03
-7.5025971837996662e-03
-7.5018008302936666e-03
-7.5025971791107173e-03
-7.5033935285617782e-03
-7.5025971837978109e-03
-7.5018008396683178e-03
-7.5025971791092081e-03
-7.5033935191836307e-03
-7.5025971837968594e-03
-7.5018008490441903e-03
-7.5025971791093885e-03
-7.5033935098071936e-03
-7.5025971837975550e-03
-7.5018008584209050e-03
-7.5025971791084518e-03
-7.5033935004309577e-03
-7.5025971837978317e-03
-7.5018008677983196e-03
-7.5025971791089193e-03
-7.5033934910539377e-03
-7.5025971837978760e-03
