0.0000000000000000e+00
2.7073172382811803e-03
2.7489641729752986e-03
2.7499752493467750e-03
2.7509863246965678e-03
2.7507542735302529e-03
2.7505222223093706e-03
2.7507542736294995e-03
2.7509863248959031e-03
2.7512183761083603e-03
2.7514504272672688e-03
2.7516824783716336e-03
2.7512975459220686e-03
2.7509126133251089e-03
2.7512975462404506e-03
2.7516824790072771e-03
2.7512985837886573e-03
2.7509146884227040e-03
2.7512985841079696e-03
2.7516824796458669e-03
2.7512985875660107e-03
2.7509146953397226e-03
2.7512985878857059e-03
2.7516824802845717e-03
2.7512985875669431e-03
2.7509146947015777e-03
2.7512985878850368e-03
2.7516824809214850e-03
2.7512985875664110e-03
2.7509146940629219e-03
2.7512985878848069e-03
2.7516824815592752e-03
2.7512985875658993e-03
2.7509146934240943e-03
2.7512985878837166e-03
2.7516824821972284e-03
2.7512985875649291e-03
2.7509146927855964e-03
2.7512985878837340e-03
2.7516824828343108e-03
2.7512985875642383e-03
2.7509146921473543e-03
2.7512985878835232e-03
2.7516824834716014e-03
2.7512985875635708e-03
2.7509146915086474e-03
2.7512985878823475e-03
2.7516824841097415e-03
2.7512985875631619e-03
2.7509146908699703e-03
2.7512985878825648e-03
2.7516824847464536e-03
2.7512985875632057e-03
2.7509146902322361e-03
2.7512985878824828e-03
2.7516824853864486e-03
2.7512985875643311e-03
2.7509146895950956e-03
2.7512985878831841e-03
2.7516824860243892e-03
2.7512985875639065e-03
2.7509146889566492e-03
2.7512985878828137e-03
2.7516824866613736e-03
2.7512985875632126e-03
2.7509146883174470e-03
2.7512985878815439e-03
2.7516824872980171e-03
2.7512985875619025e-03
2.7509146876782756e-03
2.7512985878809675e-03
2.7516824879356447e-03
2.7512985875611513e-03
2.7509146870402881e-03
2.7512985878811414e-03
2.7516824885746938e-03
2.7512985875619454e-03
2.7509146864014662e-03
2.7512985878807759e-03
2.7516824892135647e-03
2.7512985875617220e-03
2.7509146857626027e-03
2.7512985878803062e-03
2.7516824898501562e-03
2.7512985875606999e-03
2.7509146851250111e-03
2.7512985878798656e-03
2.7516824904875521e-03
2.7512985875612580e-03
2.7509146844874595e-03
2.7512985878800590e-03
2.7516824911261806e-03
2.7512985875613352e-03
2.7509146838497951e-03
2.7512985878800334e-03
2.7516824917642865e-03
2.7512985875611058e-03
2.7509146832109719e-03
2.7512985878794952e-03
2.7516824924008259e-03
2.7512985875606582e-03
2.7509146825734545e-03
2.7512985878793148e-03
2.7516824930381677e-03
2.7512985875610607e-03
2.7509146819359974e-03
2.7512985878784119e-03
2.7516824936740067e-03
2.7512985875594535e-03
2.7509146812972644e-03
2.7512985878774101e-03
2.7516824943101268e-03
2.7512985875580288e-03
2.7509146806587062e-03
2.7512985878773207e-03
2.7516824949474663e-03
2.7512985875576038e-03
2.7509146800206051e-03
2.7512985878765032e-03
2.7516824955851980e-03
2.7512985875587682e-03
2.7509146793847179e-03
2.7512985878774838e-03
2.7516824962236191e-03
2.7512985875587552e-03
2.7509146787469138e-03
2.7512985878776703e-03
2.7516824968614388e-03
2.7512985875585037e-03
2.7509146781083656e-03
2.7512985878764937e-03
2.7516824974977848e-03
2.7512985875577101e-03
2.7509146774712875e-03
2.7512985878773849e-03
2.7516824981363790e-03
2.7512985875584920e-03
2.7509146768335963e-03
2.7512985878774825e-03
2.7516824987738222e-03
2.7512985875591854e-03
2.7509146761965086e-03
2.7512985878781282e-03
2.7516824994117638e-03
2.7512985875594227e-03
2.7509146755601414e-03
2.7512985878790316e-03
2.7516825000508914e-03
2.7512985875604006e-03
2.7509146749225342e-03
2.7512985878794197e-03
2.7516825006890350e-03
2.7512985875605255e-03
2.7509146742851413e-03
2.7512985878801041e-03
2.7516825013271973e-03
2.7512985875615252e-03
2.7509146736486184e-03
2.7512985878802914e-03
2.7516825019655248e-03
2.7512985875610151e-03
