0.0000000000000000e+00
2.7073172382804786e-03
2.7489641729742526e-03
2.7499752493454484e-03
2.7509863246944666e-03
2.7507542735282064e-03
2.7505222223078436e-03
2.7507542736286686e-03
2.7509863248948931e-03
2.7512183761079024e-03
2.7514504272670294e-03
2.7516824783718626e-03
2.7512975459221675e-03
2.7509126133250300e-03
2.7512975462402494e-03
2.7516824790058988e-03
2.7512985837880775e-03
2.7509146884220396e-03
2.7512985841065536e-03
2.7516824796437415e-03
2.7512985875653160e-03
2.7509146953396289e-03
2.7512985878845111e-03
2.7516824802824545e-03
2.7512985875656187e-03
2.7509146947017303e-03
2.7512985878844444e-03
2.7516824809200478e-03
2.7512985875652010e-03
2.7509146940628789e-03
2.7512985878839378e-03
2.7516824815578458e-03
2.7512985875649855e-03
2.7509146934246885e-03
2.7512985878839309e-03
2.7516824821962396e-03
2.7512985875654699e-03
2.7509146927868042e-03
2.7512985878841477e-03
2.7516824828332266e-03
2.7512985875641780e-03
2.7509146921480048e-03
2.7512985878835870e-03
2.7516824834703298e-03
2.7512985875644117e-03
2.7509146915110881e-03
2.7512985878830904e-03
2.7516824841089878e-03
2.7512985875645557e-03
2.7509146908732528e-03
2.7512985878836525e-03
2.7516824847470343e-03
2.7512985875652574e-03
2.7509146902357901e-03
2.7512985878835462e-03
2.7516824853850825e-03
2.7512985875647869e-03
2.7509146895978915e-03
2.7512985878839608e-03
2.7516824860229798e-03
2.7512985875649369e-03
2.7509146889597015e-03
2.7512985878842384e-03
2.7516824866608749e-03
2.7512985875648805e-03
2.7509146883214512e-03
2.7512985878838628e-03
2.7516824872989174e-03
2.7512985875649707e-03
2.7509146876839976e-03
2.7512985878838758e-03
2.7516824879355362e-03
2.7512985875634312e-03
2.7509146870450833e-03
2.7512985878829312e-03
2.7516824885735133e-03
2.7512985875642266e-03
2.7509146864072289e-03
2.7512985878829260e-03
2.7516824892112523e-03
2.7512985875647062e-03
2.7509146857708027e-03
2.7512985878838069e-03
2.7516824898496514e-03
2.7512985875644911e-03
2.7509146851323455e-03
2.7512985878836802e-03
2.7516824904879273e-03
2.7512985875640145e-03
2.7509146844940709e-03
2.7512985878831277e-03
2.7516824911258163e-03
2.7512985875652604e-03
2.7509146838564091e-03
2.7512985878839638e-03
2.7516824917646837e-03
2.7512985875651546e-03
2.7509146832180530e-03
2.7512985878832951e-03
2.7516824924020767e-03
2.7512985875649291e-03
2.7509146825801831e-03
2.7512985878839040e-03
2.7516824930400386e-03
2.7512985875649274e-03
2.7509146819426015e-03
2.7512985878837630e-03
2.7516824936779671e-03
2.7512985875646628e-03
2.7509146813047042e-03
2.7512985878837700e-03
2.7516824943153006e-03
2.7512985875645952e-03
2.7509146806656689e-03
2.7512985878819672e-03
2.7516824949506487e-03
2.7512985875630981e-03
2.7509146800276819e-03
2.7512985878809949e-03
2.7516824955879831e-03
2.7512985875625638e-03
2.7509146793893726e-03
2.7512985878809129e-03
2.7516824962250594e-03
2.7512985875624714e-03
2.7509146787525951e-03
2.7512985878816350e-03
2.7516824968637512e-03
2.7512985875635049e-03
2.7509146781160053e-03
2.7512985878825748e-03
2.7516824975020648e-03
2.7512985875638792e-03
2.7509146774787668e-03
2.7512985878826429e-03
2.7516824981392509e-03
2.7512985875643163e-03
2.7509146768413721e-03
2.7512985878825873e-03
2.7516824987769001e-03
2.7512985875638553e-03
2.7509146762035221e-03
2.7512985878824746e-03
2.7516824994143468e-03
2.7512985875638202e-03
2.7509146755665586e-03
2.7512985878829516e-03
2.7516825000514036e-03
2.7512985875637348e-03
2.7509146749283460e-03
2.7512985878822239e-03
2.7516825006885714e-03
2.7512985875638306e-03
2.7509146742915598e-03
2.7512985878822673e-03
2.7516825013248060e-03
2.7512985875633345e-03
2.7509146736547385e-03
2.7512985878823679e-03
2.7516825019625445e-03
2.7512985875640392e-03
