0.0000000000000000e+00
3.4146344042682696e-03
3.4979281978538704e-03
3.4999532525858490e-03
3.5015085473839333e-03
3.5015085473839333e-03
3.5015085473839333e-03
3.5015085473839333e-03
3.5015175360654368e-03
3.5018753733645405e-03
3.5022352272148392e-03
3.5025950928072960e-03
3.5025950928072960e-03
3.5025950928072960e-03
3.5025950928072960e-03
3.5025971685392200e-03
3.5025971685392200e-03
3.5025971685392200e-03
3.5025971685392200e-03
3.5025971760950137e-03
3.5025971760950137e-03
3.5025971760950137e-03
3.5025971760950137e-03
3.5025971760950137e-03
3.5025971760950137e-03
3.5025971760950137e-03
3.5025971760950137e-03
3.5025971760950137e-03
3.5025971760950137e-03
3.5025971760950137e-03
3.5025971760950137e-03
3.5025971760950137e-03
3.5025971760950137e-03
3.5025971760950137e-03
3.5025971760950137e-03
3.5025971760950137e-03
3.5025971760950137e-03
3.5025971760950137e-03
3.5025971760950137e-03
3.5025971760950137e-03
3.5025971760950137e-03
3.5025971760950137e-03
3.5025971760950137e-03
3.5025971760950137e-03
3.5025971760950137e-03
3.5025971760950137e-03
3.5025971760950137e-03
3.5025971760950137e-03
3.5025971760950137e-03
3.5025971760950137e-03
3.5025971760950137e-03
3.5025971760950137e-03
3.5025971760950137e-03
3.5025971760950137e-03
3.5025971760950137e-03
3.5025971760950137e-03
3.5025971760950137e-03
3.5025971760950137e-03
3.5025971760950137e-03
3.5025971760950137e-03
3.5025971760950137e-03
3.5025971760950137e-03
3.5025971760950137e-03
3.5025971760950137e-03
3.5025971760950137e-03
3.5025971760950137e-03
3.5025971760950137e-03
3.5025971760950137e-03
3.5025971760950137e-03
3.5025971760950137e-03
3.5025971760950137e-03
3.5025971760950137e-03
3.5025971760950137e-03
3.5025971760950137e-03
3.5025971760950137e-03
3.5025971760950137e-03
3.5025971760950137e-03
3.5025971760950137e-03
3.5025971760950137e-03
3.5025971760950137e-03
3.5025971760950137e-03
3.5025971760950137e-03
3.5025971760950137e-03
3.5025971760950137e-03
3.5025971760950137e-03
3.5025971760950137e-03
3.5025971760950137e-03
3.5025971760950137e-03
3.5025971760950137e-03
3.5025971760950137e-03
3.5025971760950137e-03
3.5025971760950137e-03
3.5025971760950137e-03
3.5025971760950137e-03
3.5025971760950137e-03
3.5025971760950137e-03
3.5025971760950137e-03
3.5025971760950137e-03
3.5025971760950137e-03
3.5025971760950137e-03
3.5025971760950137e-03
3.5025971760950137e-03
3.5025971760950137e-03
3.5025971760950137e-03
3.5025971760950137e-03
3.5025971760950137e-03
3.5025971760950137e-03
3.5025971760950137e-03
3.5025971760950137e-03
3.5025971760950137e-03
3.5025971760950137e-03
3.5025971760950137e-03
3.5025971760950137e-03
3.5025971760950137e-03
3.5025971760950137e-03
3.5025971760950137e-03
3.5025971760950137e-03
3.5025971760950137e-03
3.5025971760950137e-03
3.5025971760950137e-03
3.5025971760950137e-03
3.5025971760950137e-03
3.5025971760950137e-03
3.5025971760950137e-03
3.5025971760950137e-03
3.5025971760950137e-03
3.5025971760950137e-03
3.5025971760950137e-03
3.5025971760950137e-03
3.5025971760950137e-03
3.5025971760950137e-03
3.5025971760950137e-03
3.5025971760950137e-03
3.5025971760950137e-03
3.5025971760950137e-03
3.5025971760950137e-03
3.5025971760950137e-03
3.5025971760950137e-03
3.5025971760950137e-03
3.5025971760950137e-03
3.5025971760950137e-03
3.5025971760950137e-03
3.5025971760950137e-03
3.5025971760950137e-03
3.5025971760950137e-03
3.5025971760950137e-03
3.5025971760950137e-03
3.5025971760950137e-03
3.5025971760950137e-03
3.5025971760950137e-03
3.5025971760950137e-03
3.5025971760950137e-03
3.5025971760950137e-03
3.5025971760950137e-03
3.5025971760950137e-03
3.5025971760950137e-03
3.5025971760950137e-03
3.5025971760950137e-03
3.5025971760950137e-03
3.5025971760950137e-03
3.5025971760950137e-03
