0.0000000000000000e+00
4.4000001057499873e+02
4.4000042170774026e+02
4.4000015515816574e+02
4.4006189719015538e+02
4.4000000021445373e+02
4.3993810325359306e+02
4.4000000008803613e+02
4.4006071043129867e+02
4.4007537277188095e+02
4.4008976894244347e+02
4.4010416357788432e+02
4.4000000063468514e+02
4.3989583773459310e+02
4.4000000025270890e+02
4.4010388881730017e+02
4.4000000063565028e+02
4.3989611249689597e+02
4.4000000025136433e+02
4.4010388705135631e+02
4.4000000063566165e+02
4.3989611426294579e+02
4.4000000025136325e+02
4.4010388628271033e+02
4.4000000063567200e+02
4.3989611503147262e+02
4.4000000025126985e+02
4.4010388551399109e+02
4.4000000063564232e+02
4.3989611580004504e+02
4.4000000025122245e+02
4.4010388474527628e+02
4.4000000063551749e+02
4.3989611656864662e+02
4.4000000025118720e+02
4.4010388397658835e+02
4.4000000063560657e+02
4.3989611733746449e+02
4.4000000025126872e+02
4.4010388320792686e+02
4.4000000063559116e+02
4.3989611810615020e+02
4.4000000025123347e+02
4.4010388243917214e+02
4.4000000063554967e+02
4.3989611887481499e+02
4.4000000025118993e+02
4.4010388167049484e+02
4.4000000063551710e+02
4.3989611964348853e+02
4.4000000025111410e+02
4.4010388090165816e+02
4.4000000063547157e+02
4.3989612041222597e+02
4.4000000025112257e+02
4.4010388013291981e+02
4.4000000063550851e+02
4.3989612118096005e+02
4.4000000025110938e+02
4.4010387936417669e+02
4.4000000063544633e+02
4.3989612194972335e+02
4.4000000025112348e+02
4.4010387859543596e+02
4.4000000063551784e+02
4.3989612271849194e+02
4.4000000025123256e+02
4.4010387782685098e+02
4.4000000063561663e+02
4.3989612348723114e+02
4.4000000025118692e+02
4.4010387705797962e+02
4.4000000063553949e+02
4.3989612425598455e+02
4.4000000025121494e+02
4.4010387628929703e+02
4.4000000063562516e+02
4.3989612502475927e+02
4.4000000025118914e+02
4.4010387552053476e+02
4.4000000063560572e+02
4.3989612579355833e+02
4.4000000025119414e+02
4.4010387475174321e+02
4.4000000063561583e+02
4.3989612656232805e+02
4.4000000025118555e+02
4.4010387398284712e+02
4.4000000063550647e+02
4.3989612733105815e+02
4.4000000025103992e+02
4.4010387321398383e+02
4.4000000063550482e+02
4.3989612809987801e+02
4.4000000025108648e+02
4.4010387244522201e+02
4.4000000063547839e+02
4.3989612886862835e+02
4.4000000025093618e+02
4.4010387167620951e+02
4.4000000063545048e+02
4.3989612963746538e+02
4.4000000025089372e+02
4.4010387090720627e+02
4.4000000063533378e+02
4.3989613040633816e+02
4.4000000025085501e+02
4.4010387013826301e+02
4.4000000063534253e+02
4.3989613117530342e+02
4.4000000025088104e+02
4.4010386936932684e+02
4.4000000063537186e+02
4.3989613194417484e+02
4.4000000025084228e+02
4.4010386860028882e+02
4.4000000063522594e+02
4.3989613271303000e+02
4.4000000025077065e+02
4.4010386783135431e+02
4.4000000063529637e+02
4.3989613348210929e+02
4.4000000025083352e+02
4.4010386706235920e+02
4.4000000063523794e+02
4.3989613425107711e+02
4.4000000025083847e+02
4.4010386629339018e+02
4.4000000063532980e+02
4.3989613502013481e+02
4.4000000025081312e+02
4.4010386552439803e+02
4.4000000063530501e+02
4.3989613578910826e+02
4.4000000025080203e+02
4.4010386475541407e+02
4.4000000063534281e+02
4.3989613655804845e+02
4.4000000025086308e+02
4.4010386398650280e+02
4.4000000063537522e+02
4.3989613732703265e+02
4.4000000025080067e+02
4.4010386321738201e+02
4.4000000063521077e+02
4.3989613809596119e+02
4.4000000025071114e+02
4.4010386244824031e+02
4.4000000063515523e+02
4.3989613886491054e+02
4.4000000025071768e+02
4.4010386167924275e+02
4.4000000063525556e+02
4.3989613963402883e+02
4.4000000025069704e+02
4.4010386091022053e+02
4.4000000063532161e+02
4.3989614040319651e+02
4.4000000025075030e+02
4.4010386014119001e+02
4.4000000063532406e+02
