0.0000000000000000e+00
-4.4000000791022467e+02
-4.4000061627105504e+02
-4.4000053566552060e+02
-4.4004179456441716e+02
-4.4000000035747831e+02
-4.3995820618472436e+02
-4.4000000014586789e+02
-4.4004100313715315e+02
-4.4005130748412427e+02
-4.4006143440852134e+02
-4.4007156033382921e+02
-4.4000000105791270e+02
-4.3992844187913977e+02
-4.4000000041497879e+02
-4.4007137638381886e+02
-4.4000000105937795e+02
-4.3992862583176640e+02
-4.4000000041275445e+02
-4.4007137442559997e+02
-4.4000000105949431e+02
-4.3992862779016252e+02
-4.4000000041275422e+02
-4.4007137313210637e+02
-4.4000000105936476e+02
-4.3992862908326970e+02
-4.4000000041265423e+02
-4.4007137183879848e+02
-4.4000000105938773e+02
-4.3992863037665609e+02
-4.4000000041267322e+02
-4.4007137054542773e+02
-4.4000000105924335e+02
-4.3992863166994573e+02
-4.4000000041266350e+02
-4.4007136925192526e+02
-4.4000000105935965e+02
-4.3992863296353846e+02
-4.4000000041272961e+02
-4.4007136795876505e+02
-4.4000000105958145e+02
-4.3992863425709004e+02
-4.4000000041281834e+02
-4.4007136666551366e+02
-4.4000000105960572e+02
-4.3992863555039833e+02
-4.4000000041291941e+02
-4.4007136537203701e+02
-4.4000000105955394e+02
-4.3992863684382968e+02
-4.4000000041272506e+02
-4.4007136407853545e+02
-4.4000000105944605e+02
-4.3992863813721476e+02
-4.4000000041277553e+02
-4.4007136278487792e+02
-4.4000000105944258e+02
-4.3992863943060149e+02
-4.4000000041267066e+02
-4.4007136149141803e+02
-4.4000000105935084e+02
-4.3992864072418672e+02
-4.4000000041271960e+02
-4.4007136019809610e+02
-4.4000000105959469e+02
-4.3992864201788319e+02
-4.4000000041309431e+02
-4.4007135890504094e+02
-4.4000000105988119e+02
-4.3992864331137309e+02
-4.4000000041299921e+02
-4.4007135761148504e+02
-4.4000000105997725e+02
-4.3992864460495542e+02
-4.4000000041312688e+02
-4.4007135631799417e+02
-4.4000000105990563e+02
-4.3992864589854980e+02
-4.4000000041314024e+02
-4.4007135502444225e+02
-4.4000000105987061e+02
-4.3992864719203914e+02
-4.4000000041308704e+02
-4.4007135373094741e+02
-4.4000000105996753e+02
-4.3992864848552301e+02
-4.4000000041310858e+02
-4.4007135243728476e+02
-4.4000000105978347e+02
-4.3992864977897727e+02
-4.4000000041295590e+02
-4.4007135114360597e+02
-4.4000000105969593e+02
-4.3992865107250742e+02
-4.4000000041295783e+02
-4.4007134985002449e+02
-4.4000000105968161e+02
-4.3992865236610078e+02
-4.4000000041284977e+02
-4.4007134855636650e+02
-4.4000000105973493e+02
-4.3992865365967077e+02
-4.4000000041277059e+02
-4.4007134726256658e+02
-4.4000000105951347e+02
-4.3992865495322508e+02
-4.4000000041283130e+02
-4.4007134596905018e+02
-4.4000000105971719e+02
-4.3992865624709037e+02
-4.4000000041294470e+02
-4.4007134467553965e+02
-4.4000000105986044e+02
-4.3992865754088075e+02
-4.4000000041300217e+02
-4.4007134338187780e+02
-4.4000000105981769e+02
-4.3992865883445688e+02
-4.4000000041302411e+02
-4.4007134208815688e+02
-4.4000000105980780e+02
-4.3992866012821162e+02
-4.4000000041300149e+02
-4.4007134079435036e+02
-4.4000000105969514e+02
-4.3992866142188859e+02
-4.4000000041293782e+02
-4.4007133950051644e+02
-4.4000000105976045e+02
-4.3992866271569648e+02
-4.4000000041288968e+02
-4.4007133820678666e+02
-4.4000000105971918e+02
-4.3992866400927028e+02
-4.4000000041271346e+02
-4.4007133691293063e+02
-4.4000000105965029e+02
-4.3992866530292804e+02
-4.4000000041280316e+02
-4.4007133561931266e+02
-4.4000000105965125e+02
-4.3992866659666970e+02
-4.4000000041265025e+02
-4.4007133432529758e+02
-4.4000000105939972e+02
-4.3992866789014948e+02
-4.4000000041239275e+02
-4.4007133303123982e+02
-4.4000000105921549e+02
-4.3992866918390746e+02
-4.4000000041244078e+02
-4.4007133173744410e+02
-4.4000000105930621e+02
-4.3992867047766714e+02
-4.4000000041226025e+02
-4.4007133044366623e+02
-4.4000000105930724e+02
-4.3992867177152885e+02
-4.4000000041231067e+02
-4.4007132914976296e+02
-4.4000000105929684e+02
