2.9999999999999983e+02
4.4000001057499895e+02
4.4000042170774003e+02
4.4000015515816574e+02
4.4006189719015538e+02
4.4006034189535706e+02
4.4006034189535706e+02
4.4006034189535706e+02
4.4006071043129884e+02
4.4007537277188044e+02
4.4008976894244375e+02
4.4010416357788409e+02
4.4010380371229166e+02
4.4010380371229166e+02
4.4010380371229166e+02
4.4010388881730063e+02
4.4010388674156843e+02
4.4010388674156843e+02
4.4010388674156843e+02
4.4010388705135614e+02
4.4010388704380040e+02
4.4010388704380040e+02
4.4010388704380040e+02
4.4010388704380040e+02
4.4010388704380040e+02
4.4010388704380040e+02
4.4010388704380040e+02
4.4010388704380040e+02
4.4010388704380040e+02
4.4010388704380040e+02
4.4010388704380040e+02
4.4010388704380040e+02
4.4010388704380040e+02
4.4010388704380040e+02
4.4010388704380040e+02
4.4010388704380040e+02
4.4010388704380040e+02
4.4010388704380040e+02
4.4010388704380040e+02
4.4010388704380040e+02
4.4010388704380040e+02
4.4010388704380040e+02
4.4010388704380040e+02
4.4010388704380040e+02
4.4010388704380040e+02
4.4010388704380040e+02
4.4010388704380040e+02
4.4010388704380040e+02
4.4010388704380040e+02
4.4010388704380040e+02
4.4010388704380040e+02
4.4010388704380040e+02
4.4010388704380040e+02
4.4010388704380040e+02
4.4010388704380040e+02
4.4010388704380040e+02
4.4010388704380040e+02
4.4010388704380040e+02
4.4010388704380040e+02
4.4010388704380040e+02
4.4010388704380040e+02
4.4010388704380040e+02
4.4010388704380040e+02
4.4010388704380040e+02
4.4010388704380040e+02
4.4010388704380040e+02
4.4010388704380040e+02
4.4010388704380040e+02
4.4010388704380040e+02
4.4010388704380040e+02
4.4010388704380040e+02
4.4010388704380040e+02
4.4010388704380040e+02
4.4010388704380040e+02
4.4010388704380040e+02
4.4010388704380040e+02
4.4010388704380040e+02
4.4010388704380040e+02
4.4010388704380040e+02
4.4010388704380040e+02
4.4010388704380040e+02
4.4010388704380040e+02
4.4010388704380040e+02
4.4010388704380040e+02
4.4010388704380040e+02
4.4010388704380040e+02
4.4010388704380040e+02
4.4010388704380040e+02
4.4010388704380040e+02
4.4010388704380040e+02
4.4010388704380040e+02
4.4010388704380040e+02
4.4010388704380040e+02
4.4010388704380040e+02
4.4010388704380040e+02
4.4010388704380040e+02
4.4010388704380040e+02
4.4010388704380040e+02
4.4010388704380040e+02
4.4010388704380040e+02
4.4010388704380040e+02
4.4010388704380040e+02
4.4010388704380040e+02
4.4010388704380040e+02
4.4010388704380040e+02
4.4010388704380040e+02
4.4010388704380040e+02
4.4010388704380040e+02
4.4010388704380040e+02
4.4010388704380040e+02
4.4010388704380040e+02
4.4010388704380040e+02
4.4010388704380040e+02
4.4010388704380040e+02
4.4010388704380040e+02
4.4010388704380040e+02
4.4010388704380040e+02
4.4010388704380040e+02
4.4010388704380040e+02
4.4010388704380040e+02
4.4010388704380040e+02
4.4010388704380040e+02
4.4010388704380040e+02
4.4010388704380040e+02
4.4010388704380040e+02
4.4010388704380040e+02
4.4010388704380040e+02
4.4010388704380040e+02
4.4010388704380040e+02
4.4010388704380040e+02
4.4010388704380040e+02
4.4010388704380040e+02
4.4010388704380040e+02
4.4010388704380040e+02
4.4010388704380040e+02
4.4010388704380040e+02
4.4010388704380040e+02
4.4010388704380040e+02
4.4010388704380040e+02
4.4010388704380040e+02
4.4010388704380040e+02
4.4010388704380040e+02
4.4010388704380040e+02
4.4010388704380040e+02
4.4010388704380040e+02
4.4010388704380040e+02
4.4010388704380040e+02
4.4010388704380040e+02
4.4010388704380040e+02
4.4010388704380040e+02
4.4010388704380040e+02
4.4010388704380040e+02
4.4010388704380040e+02
4.4010388704380040e+02
4.4010388704380040e+02
4.4010388704380040e+02
4.4010388704380040e+02
4.4010388704380040e+02
4.4010388704380040e+02
4.4010388704380040e+02
4.4010388704380040e+02
