0.0000000000000000e+00
2.6647892635742468e-06
-1.9456328693660666e-04
-3.8050732089664333e-04
2.0102625806244993e-02
-1.4296563701042715e-07
-2.0102931073845857e-02
-5.7804566733569550e-08
1.9707294178229459e-02
2.4065287759749018e-02
2.8334533921262749e-02
3.2603244047197291e-02
-4.2324207503016685e-07
-3.2604144553178317e-02
-1.6226169274406357e-07
3.2512433543648828e-02
-4.2369958862127628e-07
-3.2513334833352295e-02
-1.6132421738405786e-07
3.2512625851183106e-02
-4.2378765935274734e-07
-3.2513527204957926e-02
-1.6132719005493861e-07
3.2513150699721487e-02
-4.2364645295670027e-07
-3.2514051811636385e-02
-1.6136775494286866e-07
3.2513675244358879e-02
-4.2370321430204271e-07
-3.2514576622657082e-02
-1.6141632565065517e-07
3.2514199902180865e-02
-4.2369126315232271e-07
-3.2515101335118951e-02
-1.6149015822080221e-07
3.2514724701803679e-02
-4.2377655946300426e-07
-3.2515626135848498e-02
-1.6148871846266438e-07
3.2515249203761483e-02
-4.2399314886935958e-07
-3.2516150974302535e-02
-1.6159712113714906e-07
3.2515773712534314e-02
-4.2409712618046391e-07
-3.2516675684551653e-02
-1.6176854107629443e-07
3.2516298488344926e-02
-4.2409024731573071e-07
-3.2517200478628785e-02
-1.6165168502643203e-07
3.2516823106548763e-02
-4.2407291599986538e-07
-3.2517725145844570e-02
-1.6170280484103207e-07
3.2517348102695381e-02
-4.2396916159818417e-07
-3.2518249772953263e-02
-1.6160668068062729e-07
3.2517872800788786e-02
-4.2395098509150874e-07
-3.2518774600043092e-02
-1.6165783735600561e-07
3.2518397360332615e-02
-4.2415432575640658e-07
-3.2519299572821486e-02
-1.6196600172798203e-07
3.2518921774930903e-02
-4.2438708206373569e-07
-3.2519824382033879e-02
-1.6193093412685300e-07
3.2519446512133482e-02
-4.2453033714261066e-07
-3.2520349181228751e-02
-1.6197816089261435e-07
3.2519971361276455e-02
-4.2437424815708007e-07
-3.2520874022989976e-02
-1.6203066905567240e-07
3.2520496209938313e-02
-4.2437878169645534e-07
-3.2521398811859753e-02
-1.6201953882563055e-07
3.2521020851741106e-02
-4.2449109654633680e-07
-3.2521923510462784e-02
-1.6208498489869246e-07
3.2521545555546719e-02
-4.2439892486029058e-07
-3.2522448214735038e-02
-1.6205903606759678e-07
3.2522070387651092e-02
-4.2437595575591648e-07
-3.2522972943498818e-02
-1.6207206485222919e-07
3.2522595144643056e-02
-4.2441516615802149e-07
-3.2523497814450845e-02
-1.6212430849166851e-07
3.2523119756414101e-02
-4.2452191477155919e-07
-3.2524022558204899e-02
-1.6213111409873951e-07
3.2523644501460981e-02
-4.2441143601860581e-07
-3.2524547221387222e-02
-1.6225275414687120e-07
3.2524168997847575e-02
-4.2465191103305936e-07
-3.2525072168788000e-02
-1.6239804351336422e-07
3.2524693512145327e-02
-4.2481971254985279e-07
-3.2525597063138872e-02
-1.6242348574457220e-07
3.2525218212764932e-02
-4.2489332440767434e-07
-3.2526121805606184e-02
-1.6252600351169670e-07
3.2525743008359177e-02
-4.2474437533883061e-07
-3.2526646380329663e-02
-1.6239145530628240e-07
3.2526267873580525e-02
-4.2469141925257298e-07
-3.2527171126764148e-02
-1.6233980446081791e-07
3.2526792713912622e-02
-4.2470152078163861e-07
-3.2527695939899896e-02
-1.6238198663268912e-07
3.2527317386512253e-02
-4.2472197111320708e-07
-3.2528220529300024e-02
-1.6218112617483768e-07
3.2527842324020548e-02
-4.2459573066370166e-07
-3.2528745255833075e-02
-1.6221452302738983e-07
3.2528367006602325e-02
-4.2455114831245601e-07
-3.2529269982820526e-02
-1.6209525452537795e-07
3.2528891929897011e-02
-4.2442648491258975e-07
-3.2529794493636806e-02
-1.6187234188381395e-07
3.2529416938572940e-02
-4.2425899975424847e-07
-3.2530319318339052e-02
-1.6189861356101405e-07
3.2529941775675281e-02
-4.2424126661607865e-07
-3.2530843962359952e-02
-1.6169450805369949e-07
3.2530466623955381e-02
-4.2410521236796445e-07
-3.2531368637553806e-02
-1.6168275160093555e-07
3.2530991529118487e-02
-4.2412072018091425e-07
