0.0000000000000000e+00
2.6647587137350873e-06
-1.9456334230705355e-04
-3.8050738987175248e-04
2.0102625669990094e-02
-1.4308356297327028e-07
-2.0102931188738446e-02
-5.7858842208223871e-08
1.9707294112389629e-02
2.4065287753313652e-02
2.8334533923092403e-02
3.2603244063440409e-02
-4.2321287327065014e-07
-3.2604144540042748e-02
-1.6227838891306782e-07
3.2512433419844132e-02
-4.2375611299322587e-07
-3.2513334907424092e-02
-1.6145585679822283e-07
3.2512625660957056e-02
-4.2387791194234485e-07
-3.2513527229102786e-02
-1.6145465222279888e-07
3.2513150508419658e-02
-4.2373912517064888e-07
-3.2514051782884114e-02
-1.6140061838630020e-07
3.2513675140852558e-02
-4.2378738102187424e-07
-3.2514576599153577e-02
-1.6148465530820708e-07
3.2514199795105309e-02
-4.2376039586704392e-07
-3.2515101263351213e-02
-1.6146232440194911e-07
3.2514724623984505e-02
-4.2372996549510137e-07
-3.2515626011774754e-02
-1.6143376053560542e-07
3.2515249120672406e-02
-4.2398806697028672e-07
-3.2516150905714886e-02
-1.6157286299313241e-07
3.2515773604984796e-02
-4.2401511403459692e-07
-3.2516675482241256e-02
-1.6169021644253816e-07
3.2516298427835745e-02
-4.2398312064914048e-07
-3.2517200203870639e-02
-1.6157120178102187e-07
3.2516823138722228e-02
-4.2387591207234890e-07
-3.2517724831972517e-02
-1.6160276285839900e-07
3.2517347981078346e-02
-4.2389895059978517e-07
-3.2518249509371919e-02
-1.6151585771913927e-07
3.2517872716942370e-02
-4.2385814895399626e-07
-3.2518774327266069e-02
-1.6153481456121582e-07
3.2518397319635226e-02
-4.2399935881503986e-07
-3.2519299210159142e-02
-1.6175825372783252e-07
3.2518921844893231e-02
-4.2414155396744144e-07
-3.2519823902059465e-02
-1.6169425964680471e-07
3.2519446477167056e-02
-4.2434515273451373e-07
-3.2520348760456702e-02
-1.6184582910842513e-07
3.2519971244388268e-02
-4.2418656430042736e-07
-3.2520873557676681e-02
-1.6187195082159844e-07
3.2520495975349784e-02
-4.2415062659577560e-07
-3.2521398150084826e-02
-1.6176643358450134e-07
3.2521020739660983e-02
-4.2421212353452124e-07
-3.2521922879614147e-02
-1.6176119477666217e-07
3.2521545569293334e-02
-4.2415491925301149e-07
-3.2522447623883420e-02
-1.6177245577232820e-07
3.2522070368162397e-02
-4.2400629323040508e-07
-3.2522972315316104e-02
-1.6167054464221692e-07
3.2522595249954295e-02
-4.2399140152730604e-07
-3.2523497130656477e-02
-1.6170349448127789e-07
3.2523119929648688e-02
-4.2404655241952735e-07
-3.2524021852675861e-02
-1.6162266820135273e-07
3.2523644777972836e-02
-4.2394821584389254e-07
-3.2524546551739385e-02
-1.6169969997049207e-07
3.2524169427608982e-02
-4.2409685101424964e-07
-3.2525071405059433e-02
-1.6172943176598334e-07
3.2524694062144456e-02
-4.2415727957975322e-07
-3.2525596348643195e-02
-1.6189663388840013e-07
3.2525218609195328e-02
-4.2429032182713360e-07
-3.2526121047958628e-02
-1.6198049417021769e-07
3.2525743386588202e-02
-4.2427833783981748e-07
-3.2526645824352426e-02
-1.6194426614492987e-07
3.2526268144603125e-02
-4.2422297943109152e-07
-3.2527170496498503e-02
-1.6185843745171223e-07
3.2526793034132889e-02
-4.2415975646408292e-07
-3.2527695183035832e-02
-1.6177110402666217e-07
3.2527317836078234e-02
-4.2410636477858591e-07
-3.2528219794683122e-02
-1.6164177227025376e-07
3.2527842642706514e-02
-4.2401907817208401e-07
-3.2528744503936745e-02
-1.6166619952871092e-07
3.2528367373254562e-02
-4.2400094435826674e-07
-3.2529269291501073e-02
-1.6160342428476872e-07
3.2528892238930088e-02
-4.2395167184611943e-07
-3.2529793882643557e-02
-1.6149056854862228e-07
3.2529417062203032e-02
-4.2386108762137380e-07
-3.2530318675014450e-02
-1.6154752686089428e-07
3.2529941821391156e-02
-4.2386012397068023e-07
-3.2530843314071210e-02
-1.6143156288030656e-07
3.2530466485107989e-02
-4.2386625200808409e-07
-3.2531368027250762e-02
-1.6143787715789464e-07
3.2530991324624045e-02
-4.2382467355410979e-07
