0.0000000000000000e+00
-8.0000000033825149e-04
-1.6000000002501838e-03
-2.4000000002503785e-03
-4.2400000026913140e-03
-7.0080000020461292e-03
-7.4016001141731340e-03
-7.4804248287338674e-03
-7.4960790554092225e-03
-7.4992155654189617e-03
-7.5023520852663117e-03
-6.7016636189455928e-03
-5.9016636105572928e-03
-5.1016636108990199e-03
-4.3016636108986223e-03
-3.5016636106495950e-03
-3.5016636106500439e-03
-3.5016636106502434e-03
-3.5016636106506112e-03
-3.5016636106507178e-03
-3.5016636106509885e-03
-2.7016636109855794e-03
-1.9016636108977185e-03
-1.1016636108981384e-03
-3.0166361089747310e-04
4.9833638910262387e-04
4.9833638214140223e-04
4.9833637517945277e-04
4.9833636821816087e-04
4.9833636125686887e-04
4.9833635429512248e-04
-3.0166361098746638e-04
-1.1016636108994227e-03
-1.9016636108992692e-03
-2.7016636108991732e-03
-3.5016636106494298e-03
-3.5016636106498071e-03
-3.5016636106500786e-03
-3.5016636106502664e-03
-3.5016636106504047e-03
-3.5016636106506484e-03
-4.3016636109897482e-03
-5.1016636109019594e-03
-5.9016636109019008e-03
-6.7016636109020564e-03
-7.5016636109022528e-03
-7.5014982078903296e-03
-7.5016636107625720e-03
-7.5018290136629525e-03
-7.5016636127777760e-03
-7.5014982119197618e-03
-6.7016636109892176e-03
-5.9016636113043792e-03
-5.1016636109022864e-03
-4.3016636109024812e-03
-3.5016636106529231e-03
-3.5016636106529335e-03
-3.5016636106535437e-03
-3.5016636106547042e-03
-3.5016636106552286e-03
-3.5016636106559519e-03
-2.7016636109902280e-03
-1.9016636109026098e-03
-1.1016636109018863e-03
-3.0166361090179299e-04
4.9833638909733719e-04
4.9833638213669191e-04
4.9833637517548892e-04
4.9833636821408633e-04
4.9833636125369216e-04
4.9833635429284403e-04
-3.0166361099038917e-04
-1.1016636109026027e-03
-1.9016636109024578e-03
-2.7016636109021726e-03
-3.5016636106522908e-03
-3.5016636106522951e-03
-3.5016636106526763e-03
-3.5016636106525124e-03
-3.5016636106531933e-03
-3.5016636106534379e-03
-4.3016636109901125e-03
-5.1016636109016003e-03
-5.9016636109016883e-03
-6.7016636109023245e-03
-7.5016636109024575e-03
-7.5014982078903383e-03
-7.5016636107626327e-03
-7.5018290136622621e-03
-7.5016636127771723e-03
-7.5014982119196699e-03
-6.7016636109880736e-03
-5.9016636113035318e-03
-5.1016636109009385e-03
-4.3016636109007933e-03
-3.5016636106519569e-03
-3.5016636106511650e-03
-3.5016636106504004e-03
-3.5016636106510765e-03
-3.5016636106504602e-03
-3.5016636106504203e-03
-2.7016636109873753e-03
-1.9016636108997794e-03
-1.1016636108997203e-03
-3.0166361089937544e-04
4.9833638910123088e-04
4.9833638213977603e-04
4.9833637517922020e-04
4.9833636821807977e-04
4.9833636125644397e-04
4.9833635429586917e-04
-3.0166361098795140e-04
-1.1016636108994681e-03
-1.9016636108993938e-03
-2.7016636108996728e-03
-3.5016636106495664e-03
-3.5016636106491488e-03
-3.5016636106489940e-03
-3.5016636106496198e-03
-3.5016636106500738e-03
-3.5016636106504646e-03
-4.3016636109861044e-03
-5.1016636108977727e-03
-5.9016636108977730e-03
-6.7016636108968930e-03
-7.5016636108972403e-03
-7.5014982078855548e-03
-7.5016636107579039e-03
-7.5018290136572513e-03
-7.5016636127728069e-03
-7.5014982119153382e-03
-6.7016636109836969e-03
-5.9016636112989504e-03
-5.1016636108964352e-03
-4.3016636108959101e-03
-3.5016636106469570e-03
-3.5016636106470086e-03
-3.5016636106470897e-03
-3.5016636106473143e-03
-3.5016636106472436e-03
-3.5016636106470398e-03
-2.7016636109850893e-03
-1.9016636108973523e-03
-1.1016636108974090e-03
-3.0166361089789670e-04
4.9833638910188325e-04
4.9833638214016635e-04
4.9833637517936668e-04
4.9833636821821541e-04
4.9833636125767801e-04
4.9833635429690003e-04
-3.0166361098640912e-04
-1.1016636108988366e-03
-1.9016636108990575e-03
-2.7016636108992444e-03
-3.5016636106495816e-03
-3.5016636106498479e-03
-3.5016636106505049e-03
-3.5016636106517214e-03
-3.5016636106517929e-03
-3.5016636106522904e-03
