0.0000000000000000e+00
2.0000000008920152e-04
4.0000000014636428e-04
6.0000000014644780e-04
1.3200000012898964e-03
2.5040000009927061e-03
2.7008000442956754e-03
2.7401670562615344e-03
2.7480377055887281e-03
2.7496077107148349e-03
2.7511777133756464e-03
2.5508318102116199e-03
2.3508318053535719e-03
2.1508318054708295e-03
1.9508318054708852e-03
1.7508318053243578e-03
1.7508318053248567e-03
1.7508318053254138e-03
1.7508318053250480e-03
1.7508318053256358e-03
1.7508318053250959e-03
1.5508318054147331e-03
1.3508318054723154e-03
1.1508318054717565e-03
9.5083180547278956e-04
7.5083180547307190e-04
7.5083180511375256e-04
7.5083180475498702e-04
7.5083180439577762e-04
7.5083180403721710e-04
7.5083180367846068e-04
9.5083180541612449e-04
1.1508318054731189e-03
1.3508318054732589e-03
1.5508318054731382e-03
1.7508318053266283e-03
1.7508318053258668e-03
1.7508318053252618e-03
1.7508318053241147e-03
1.7508318053230509e-03
1.7508318053224272e-03
1.9508318054136872e-03
2.1508318054701786e-03
2.3508318054703443e-03
2.5508318054709490e-03
2.7508318054702630e-03
2.7505854553919133e-03
2.7508318052829471e-03
2.7510781551136933e-03
2.7508318051909075e-03
2.7505854552086731e-03
2.5508318054127447e-03
2.3508318053810239e-03
2.1508318054704019e-03
1.9508318054698025e-03
1.7508318053242203e-03
1.7508318053240887e-03
1.7508318053246347e-03
1.7508318053243372e-03
1.7508318053244389e-03
1.7508318053240596e-03
1.5508318054133188e-03
1.3508318054704510e-03
1.1508318054708560e-03
9.5083180547113669e-04
7.5083180547036747e-04
7.5083180511171252e-04
7.5083180475293951e-04
7.5083180439357387e-04
7.5083180403478914e-04
7.5083180367624598e-04
9.5083180541445428e-04
1.1508318054715746e-03
1.3508318054719778e-03
1.5508318054722643e-03
1.7508318053252410e-03
1.7508318053251080e-03
1.7508318053250241e-03
1.7508318053247028e-03
1.7508318053235568e-03
1.7508318053232222e-03
1.9508318054131000e-03
2.1508318054708534e-03
2.3508318054698118e-03
2.5508318054692594e-03
2.7508318054695778e-03
2.7505854553904027e-03
2.7508318052820667e-03
2.7510781551130349e-03
2.7508318051905696e-03
2.7505854552072836e-03
2.5508318054119944e-03
2.3508318053811002e-03
2.1508318054698941e-03
1.9508318054700042e-03
1.7508318053243495e-03
1.7508318053240761e-03
1.7508318053243951e-03
1.7508318053244488e-03
1.7508318053245202e-03
1.7508318053246013e-03
1.5508318054145908e-03
1.3508318054714188e-03
1.1508318054712656e-03
9.5083180547146607e-04
7.5083180547099088e-04
7.5083180511231751e-04
7.5083180475308479e-04
7.5083180439351619e-04
7.5083180403443417e-04
7.5083180367559448e-04
9.5083180541363180e-04
1.1508318054707686e-03
1.3508318054708621e-03
1.5508318054708425e-03
1.7508318053246691e-03
1.7508318053252548e-03
1.7508318053260728e-03
1.7508318053260251e-03
1.7508318053261428e-03
1.7508318053259093e-03
1.9508318054153549e-03
2.1508318054719554e-03
2.3508318054722270e-03
2.5508318054722483e-03
2.7508318054723238e-03
2.7505854553935838e-03
2.7508318052844984e-03
2.7510781551153499e-03
2.7508318051931422e-03
2.7505854552095418e-03
2.5508318054142851e-03
2.3508318053827057e-03
2.1508318054715586e-03
1.9508318054710459e-03
1.7508318053256920e-03
1.7508318053246264e-03
1.7508318053243352e-03
1.7508318053228969e-03
1.7508318053223800e-03
1.7508318053215790e-03
1.5508318054119974e-03
1.3508318054691517e-03
1.1508318054689716e-03
9.5083180546913916e-04
7.5083180546931590e-04
7.5083180510973125e-04
7.5083180475073153e-04
7.5083180439211952e-04
7.5083180403275550e-04
7.5083180367368542e-04
9.5083180541220445e-04
1.1508318054683404e-03
1.3508318054680090e-03
1.5508318054680472e-03
1.7508318053215477e-03
1.7508318053214350e-03
1.7508318053209592e-03
1.7508318053205646e-03
1.7508318053207088e-03
1.7508318053198993e-03
