0.0000000000000000e+00
2.0000000008936049e-04
4.0000000014677720e-04
6.0000000014697841e-04
1.3200000012905172e-03
2.5040000009938371e-03
2.7008000442968467e-03
2.7401670562629439e-03
2.7480377055900951e-03
2.7496077107156025e-03
2.7511777133765953e-03
2.5508318102123611e-03
2.3508318053540489e-03
2.1508318054710290e-03
1.9508318054712898e-03
1.7508318053250072e-03
1.7508318053254175e-03
1.7508318053253724e-03
1.7508318053259123e-03
1.7508318053268050e-03
1.7508318053266723e-03
1.5508318054144868e-03
1.3508318054713396e-03
1.1508318054710503e-03
9.5083180547125867e-04
7.5083180547132677e-04
7.5083180511213059e-04
7.5083180475375201e-04
7.5083180439436447e-04
7.5083180403566973e-04
7.5083180367657622e-04
9.5083180541390329e-04
1.1508318054709212e-03
1.3508318054711839e-03
1.5508318054711433e-03
1.7508318053248962e-03
1.7508318053244677e-03
1.7508318053241223e-03
1.7508318053237487e-03
1.7508318053235045e-03
1.7508318053233148e-03
1.9508318054120241e-03
2.1508318054691312e-03
2.3508318054694479e-03
2.5508318054694007e-03
2.7508318054687937e-03
2.7505854553905584e-03
2.7508318052814696e-03
2.7510781551123393e-03
2.7508318051902752e-03
2.7505854552072459e-03
2.5508318054120430e-03
2.3508318053802363e-03
2.1508318054689773e-03
1.9508318054688473e-03
1.7508318053227842e-03
1.7508318053227590e-03
1.7508318053232482e-03
1.7508318053234039e-03
1.7508318053238835e-03
1.7508318053236314e-03
1.5508318054118912e-03
1.3508318054688772e-03
1.1508318054696675e-03
9.5083180546953793e-04
7.5083180546963704e-04
7.5083180511071462e-04
7.5083180475222209e-04
7.5083180439330086e-04
7.5083180403479966e-04
7.5083180367575538e-04
9.5083180541240980e-04
1.1508318054691338e-03
1.3508318054690264e-03
1.5508318054697529e-03
1.7508318053233293e-03
1.7508318053230359e-03
1.7508318053231625e-03
1.7508318053232794e-03
1.7508318053225821e-03
1.7508318053226040e-03
1.9508318054127685e-03
2.1508318054699613e-03
2.3508318054696379e-03
2.5508318054694710e-03
2.7508318054688084e-03
2.7505854553901143e-03
2.7508318052812900e-03
2.7510781551126403e-03
2.7508318051901277e-03
2.7505854552066530e-03
2.5508318054111852e-03
2.3508318053800507e-03
2.1508318054690384e-03
1.9508318054689210e-03
1.7508318053227414e-03
1.7508318053225307e-03
1.7508318053221007e-03
1.7508318053224370e-03
1.7508318053227729e-03
1.7508318053228024e-03
1.5508318054120551e-03
1.3508318054697782e-03
1.1508318054693546e-03
9.5083180547003981e-04
7.5083180547014803e-04
7.5083180511078011e-04
7.5083180475235198e-04
7.5083180439337416e-04
7.5083180403390769e-04
7.5083180367528093e-04
9.5083180541341756e-04
1.1508318054707909e-03
1.3508318054710523e-03
1.5508318054711749e-03
1.7508318053243003e-03
1.7508318053249296e-03
1.7508318053249573e-03
1.7508318053256833e-03
1.7508318053258264e-03
1.7508318053254405e-03
1.9508318054144947e-03
2.1508318054708768e-03
2.3508318054709866e-03
2.5508318054712582e-03
2.7508318054712184e-03
2.7505854553921808e-03
2.7508318052828552e-03
2.7510781551136551e-03
2.7508318051912652e-03
2.7505854552082798e-03
2.5508318054130127e-03
2.3508318053819619e-03
2.1508318054714805e-03
1.9508318054708939e-03
1.7508318053246045e-03
1.7508318053241273e-03
1.7508318053238400e-03
1.7508318053241724e-03
1.7508318053236771e-03
1.7508318053235765e-03
1.5508318054117468e-03
1.3508318054687505e-03
1.1508318054693888e-03
9.5083180546918123e-04
7.5083180546956364e-04
7.5083180511070259e-04
7.5083180475213514e-04
7.5083180439365356e-04
7.5083180403524494e-04
7.5083180367592820e-04
9.5083180541283480e-04
1.1508318054690610e-03
1.3508318054688334e-03
1.5508318054690069e-03
1.7508318053223101e-03
1.7508318053227228e-03
1.7508318053224043e-03
1.7508318053226749e-03
1.7508318053228126e-03
1.7508318053230715e-03
