0.0000000000000000e+00
0.0000000000000000e+00
0.0000000000000000e+00
0.0000000000000000e+00
1.0400000019251665e-03
3.0080000015754288e-03
3.4016000767091155e-03
3.4803741024546338e-03
3.4960770109472811e-03
3.4992154857651850e-03
3.5016636106493019e-03
3.5016636106493019e-03
3.5016636106493019e-03
3.5016636106493019e-03
3.5016636106493019e-03
3.5016636106493019e-03
3.5016636106493019e-03
3.5016636106493019e-03
3.5016636106493019e-03
3.5016636106493019e-03
3.5016636106493019e-03
3.5016636106493019e-03
3.5016636106493019e-03
3.5016636106493019e-03
3.5016636106493019e-03
3.5016636106493019e-03
3.5016636106493019e-03
3.5016636106493019e-03
3.5016636106493019e-03
3.5016636106493019e-03
3.5016636106493019e-03
3.5016636106493019e-03
3.5016636106493019e-03
3.5016636106493019e-03
3.5016636106493019e-03
3.5016636106493019e-03
3.5016636106493019e-03
3.5016636106493019e-03
3.5016636106493019e-03
3.5016636106493019e-03
3.5016636106493019e-03
3.5016636106493019e-03
3.5016636106493019e-03
3.5016636106493019e-03
3.5016636106493019e-03
3.5016636106493019e-03
3.5016636106493019e-03
3.5016636106493019e-03
3.5016636106493019e-03
3.5016636106493019e-03
3.5016636106493019e-03
3.5016636106493019e-03
3.5016636106493019e-03
3.5016636106493019e-03
3.5016636106493019e-03
3.5016636106493019e-03
3.5016636106493019e-03
3.5016636106493019e-03
3.5016636106493019e-03
3.5016636106493019e-03
3.5016636106493019e-03
3.5016636106493019e-03
3.5016636106493019e-03
3.5016636106493019e-03
3.5016636106493019e-03
3.5016636106493019e-03
3.5016636106493019e-03
3.5016636106493019e-03
3.5016636106493019e-03
3.5016636106493019e-03
3.5016636106493019e-03
3.5016636106493019e-03
3.5016636106493019e-03
3.5016636106493019e-03
3.5016636106493019e-03
3.5016636106493019e-03
3.5016636106493019e-03
3.5016636106493019e-03
3.5016636106493019e-03
3.5016636106493019e-03
3.5016636106493019e-03
3.5016636106493019e-03
3.5016636106493019e-03
3.5016636106493019e-03
3.5016636106493019e-03
3.5016636106493019e-03
3.5016636106493019e-03
3.5016636106493019e-03
3.5016636106493019e-03
3.5016636106493019e-03
3.5016636106493019e-03
3.5016636106493019e-03
3.5016636106493019e-03
3.5016636106493019e-03
3.5016636106493019e-03
3.5016636106493019e-03
3.5016636106493019e-03
3.5016636106493019e-03
3.5016636106493019e-03
3.5016636106493019e-03
3.5016636106493019e-03
3.5016636106493019e-03
3.5016636106493019e-03
3.5016636106493019e-03
3.5016636106493019e-03
3.5016636106493019e-03
3.5016636106493019e-03
3.5016636106493019e-03
3.5016636106493019e-03
3.5016636106493019e-03
3.5016636106493019e-03
3.5016636106493019e-03
3.5016636106493019e-03
3.5016636106493019e-03
3.5016636106493019e-03
3.5016636106493019e-03
3.5016636106493019e-03
3.5016636106493019e-03
3.5016636106493019e-03
3.5016636106493019e-03
3.5016636106493019e-03
3.5016636106493019e-03
3.5016636106493019e-03
3.5016636106493019e-03
3.5016636106493019e-03
3.5016636106493019e-03
3.5016636106493019e-03
3.5016636106493019e-03
3.5016636106493019e-03
3.5016636106493019e-03
3.5016636106493019e-03
3.5016636106493019e-03
3.5016636106493019e-03
3.5016636106493019e-03
3.5016636106493019e-03
3.5016636106493019e-03
3.5016636106493019e-03
3.5016636106493019e-03
3.5016636106493019e-03
3.5016636106493019e-03
3.5016636106493019e-03
3.5016636106493019e-03
3.5016636106493019e-03
3.5016636106493019e-03
3.5016636106493019e-03
3.5016636106493019e-03
3.5016636106493019e-03
3.5016636106493019e-03
3.5016636106493019e-03
3.5016636106493019e-03
3.5016636106493019e-03
3.5016636106493019e-03
3.5016636106493019e-03
3.5016636106493019e-03
3.5016636106493019e-03
3.5016636106493019e-03
3.5016636106493019e-03
3.5016636106493019e-03
3.5016636106493019e-03
3.5016636106493019e-03
3.5016636106493019e-03
