0.0000000000000000e+00
-8.8000000036792486e+01
-1.7600000002013431e+02
-2.6400000002014724e+02
-3.5200000007230642e+02
-4.4000000004404859e+02
-4.4000000442238672e+02
-4.4000845542579441e+02
-4.4000034025880291e+02
-4.4000001334506055e+02
-4.4006043874095820e+02
-3.5200000066507516e+02
-2.6399999998535515e+02
-1.7600000002014704e+02
-8.8000000020075404e+01
-9.5346111360937517e-11
-1.2328231998674963e-10
-1.2398095164403045e-10
-1.5015123140378836e-10
-1.1218237017017205e-10
-1.5764287949163397e-10
8.7999999963482011e+01
1.7599999998012913e+02
2.6399999998003767e+02
3.5199999998015784e+02
4.3999999998019382e+02
4.3999999902971354e+02
4.3999999807921245e+02
4.3999999712870624e+02
4.3999999617826802e+02
4.3999999522775386e+02
3.5199999996335748e+02
2.6399999997998248e+02
1.7599999998001576e+02
8.7999999980015872e+01
1.1298718074736933e-10
1.0367449196441944e-11
-6.8214212172987536e-11
-1.6313753707696883e-10
-2.4336816728601041e-10
-3.1523004004068346e-10
-8.8000000037158529e+01
-1.7600000002058636e+02
-2.6400000002055367e+02
-3.5200000002055515e+02
-4.4000000002064814e+02
-4.3999984563000646e+02
-4.4000000001874315e+02
-4.4000015441647929e+02
-4.4000000029281404e+02
-4.3999984617802261e+02
-3.5200000003720351e+02
-2.6400000008159390e+02
-1.7600000002068012e+02
-8.8000000020762187e+01
-6.3674558872737363e-10
-6.0603964191291819e-10
-6.3830314199979628e-10
-7.9212086988621200e-10
-8.3337671221735761e-10
-9.5966527696720238e-10
8.7999999962739096e+01
1.7599999997932670e+02
2.6399999997946708e+02
3.5199999997949772e+02
4.3999999997932099e+02
4.3999999902893069e+02
4.3999999807852447e+02
4.3999999712802514e+02
4.3999999617765241e+02
4.3999999522724823e+02
3.5199999996276131e+02
2.6399999997934560e+02
1.7599999997937323e+02
8.7999999979450791e+01
-4.6357736112088354e-10
-4.6617955851347056e-10
-4.8760375914524703e-10
-4.7832585573962332e-10
-6.2667831992253600e-10
-6.7486607112212720e-10
-8.8000000037196685e+01
-1.7600000002047031e+02
-2.6400000002053861e+02
-3.5200000002065804e+02
-4.4000000002070198e+02
-4.3999984563008252e+02
-4.4000000001878504e+02
-4.4000015441639334e+02
-4.4000000029274514e+02
-4.3999984617808434e+02
-3.5200000003711750e+02
-2.6400000008148032e+02
-1.7600000002051303e+02
-8.8000000020507471e+01
-4.6328137456597704e-10
-3.8963750960000305e-10
-3.1181081559685568e-10
-4.1224426009995864e-10
-3.0695121215834503e-10
-3.1217095171036535e-10
8.7999999963106816e+01
1.7599999997972421e+02
2.6399999997970804e+02
3.5199999997979171e+02
4.3999999997985475e+02
4.3999999902937401e+02
4.3999999807901463e+02
4.3999999712851320e+02
4.3999999617798983e+02
4.3999999522763238e+02
3.5199999996312522e+02
2.6399999997983019e+02
1.7599999997985066e+02
8.7999999979812955e+01
-5.4640339813157226e-11
6.0101471890212441e-11
1.2270184948593888e-10
6.3355316379298460e-11
1.3538640859836192e-11
-7.3413228235594103e-11
-8.8000000036528036e+01
-1.7600000001991339e+02
-2.6400000001989366e+02
-3.5200000001977111e+02
-4.4000000001982727e+02
-4.3999984562922236e+02
-4.4000000001799219e+02
-4.4000015441561345e+02
-4.4000000029204170e+02
-4.3999984617737726e+02
-3.5200000003638058e+02
-2.6400000008075472e+02
-1.7600000001976395e+02
-8.8000000019732838e+01
3.0948218632441544e-10
2.3451345755000715e-10
1.8784727205268469e-10
1.2856944630265717e-10
1.1347154698656857e-10
9.6900522769489935e-11
8.7999999963348159e+01
1.7599999997997051e+02
2.6399999997996730e+02
3.5199999997989772e+02
4.3999999997986106e+02
4.3999999902931381e+02
4.3999999807889543e+02
4.3999999712851070e+02
4.3999999617812227e+02
4.3999999522773106e+02
3.5199999996325806e+02
2.6399999997974794e+02
1.7599999997968914e+02
8.7999999979668274e+01
-2.6487135485293931e-10
-2.7174344222043732e-10
-3.9150300731864758e-10
-5.5925369393575162e-10
-5.7737636282284663e-10
-6.4828223447942328e-10
