2.9999999999999983e+02
2.9999999999999983e+02
2.9999999999999983e+02
2.9999999999999983e+02
3.5200000009625819e+02
4.4000000005951961e+02
4.4000000381970148e+02
4.4000270435564050e+02
4.4000010952281735e+02
4.4000000417878607e+02
4.4009102567481295e+02
4.4006654442597159e+02
4.4006654442597159e+02
4.4006654442597159e+02
4.4006654442597159e+02
4.4006654442597159e+02
4.4006654442597159e+02
4.4006654442597159e+02
4.4006654442597159e+02
4.4006654442597159e+02
4.4006654442597159e+02
4.4006654442597159e+02
4.4006654442597159e+02
4.4006654442597159e+02
4.4006654442597159e+02
4.4006654442597159e+02
4.4006654442597159e+02
4.4006654442597159e+02
4.4006654442597159e+02
4.4006654442597159e+02
4.4006654442597159e+02
4.4006654442597159e+02
4.4006654442597159e+02
4.4006654442597159e+02
4.4006654442597159e+02
4.4006654442597159e+02
4.4006654442597159e+02
4.4006654442597159e+02
4.4006654442597159e+02
4.4006654442597159e+02
4.4006654442597159e+02
4.4006654442597159e+02
4.4006654442597159e+02
4.4006654442597159e+02
4.4006654442597159e+02
4.4006654442597159e+02
4.4006654442597159e+02
4.4006654442597159e+02
4.4006654442597159e+02
4.4006654442597159e+02
4.4006654442597159e+02
4.4006654442597159e+02
4.4006654442597159e+02
4.4006654442597159e+02
4.4006654442597159e+02
4.4006654442597159e+02
4.4006654442597159e+02
4.4006654442597159e+02
4.4006654442597159e+02
4.4006654442597159e+02
4.4006654442597159e+02
4.4006654442597159e+02
4.4006654442597159e+02
4.4006654442597159e+02
4.4006654442597159e+02
4.4006654442597159e+02
4.4006654442597159e+02
4.4006654442597159e+02
4.4006654442597159e+02
4.4006654442597159e+02
4.4006654442597159e+02
4.4006654442597159e+02
4.4006654442597159e+02
4.4006654442597159e+02
4.4006654442597159e+02
4.4006654442597159e+02
4.4006654442597159e+02
4.4006654442597159e+02
4.4006654442597159e+02
4.4006654442597159e+02
4.4006654442597159e+02
4.4006654442597159e+02
4.4006654442597159e+02
4.4006654442597159e+02
4.4006654442597159e+02
4.4006654442597159e+02
4.4006654442597159e+02
4.4006654442597159e+02
4.4006654442597159e+02
4.4006654442597159e+02
4.4006654442597159e+02
4.4006654442597159e+02
4.4006654442597159e+02
4.4006654442597159e+02
4.4006654442597159e+02
4.4006654442597159e+02
4.4006654442597159e+02
4.4006654442597159e+02
4.4006654442597159e+02
4.4006654442597159e+02
4.4006654442597159e+02
4.4006654442597159e+02
4.4006654442597159e+02
4.4006654442597159e+02
4.4006654442597159e+02
4.4006654442597159e+02
4.4006654442597159e+02
4.4006654442597159e+02
4.4006654442597159e+02
4.4006654442597159e+02
4.4006654442597159e+02
4.4006654442597159e+02
4.4006654442597159e+02
4.4006654442597159e+02
4.4006654442597159e+02
4.4006654442597159e+02
4.4006654442597159e+02
4.4006654442597159e+02
4.4006654442597159e+02
4.4006654442597159e+02
4.4006654442597159e+02
4.4006654442597159e+02
4.4006654442597159e+02
4.4006654442597159e+02
4.4006654442597159e+02
4.4006654442597159e+02
4.4006654442597159e+02
4.4006654442597159e+02
4.4006654442597159e+02
4.4006654442597159e+02
4.4006654442597159e+02
4.4006654442597159e+02
4.4006654442597159e+02
4.4006654442597159e+02
4.4006654442597159e+02
4.4006654442597159e+02
4.4006654442597159e+02
4.4006654442597159e+02
4.4006654442597159e+02
4.4006654442597159e+02
4.4006654442597159e+02
4.4006654442597159e+02
4.4006654442597159e+02
4.4006654442597159e+02
4.4006654442597159e+02
4.4006654442597159e+02
4.4006654442597159e+02
4.4006654442597159e+02
4.4006654442597159e+02
4.4006654442597159e+02
4.4006654442597159e+02
4.4006654442597159e+02
4.4006654442597159e+02
4.4006654442597159e+02
4.4006654442597159e+02
4.4006654442597159e+02
4.4006654442597159e+02
4.4006654442597159e+02
4.4006654442597159e+02
4.4006654442597159e+02
4.4006654442597159e+02
