0.0000000000000000e+00
8.8000000037622826e+01
1.7600000003491249e+02
2.6400000003494097e+02
3.5200000009625808e+02
4.4000000005951938e+02
4.4000000381970102e+02
4.4000270435564045e+02
4.4000010952281752e+02
4.4000000417878618e+02
4.4009102567481273e+02
3.5200000116013638e+02
2.6399999999443833e+02
1.7600000003484149e+02
8.8000000034815400e+01
1.8067550540858296e-11
5.7474601481484958e-11
1.0548821400411621e-10
1.2523625263399667e-10
1.8745200497709552e-10
1.9196237259244539e-10
8.7999999962502926e+01
1.7599999996521848e+02
2.6399999996520404e+02
3.5199999996523883e+02
4.3999999996525480e+02
4.3999999938425782e+02
4.3999999880316301e+02
4.3999999822218479e+02
4.3999999764117069e+02
4.3999999706010829e+02
3.5199999996234078e+02
2.6399999996506750e+02
1.7599999996506756e+02
8.7999999965088364e+01
1.5385989661544002e-10
1.8342257760867380e-10
1.8347959754864289e-10
2.1043468450128361e-10
2.1314398224156467e-10
2.4965802041012805e-10
8.8000000037704851e+01
1.7600000003497630e+02
2.6400000003499446e+02
3.5200000003503425e+02
4.4000000003498741e+02
4.3996376576305147e+02
4.4000000000622413e+02
4.4003623424654518e+02
4.4000000017547660e+02
4.3996376610151827e+02
3.5200000003761807e+02
2.6400000006255664e+02
1.7600000003500969e+02
8.8000000034996361e+01
2.6626020025232238e-10
2.5398624704303782e-10
3.2425606911416793e-10
4.0076850380348103e-10
4.1187250272759634e-10
4.4107124710559298e-10
8.7999999962291952e+01
1.7599999996501822e+02
2.6399999996502015e+02
3.5199999996501822e+02
4.3999999996494944e+02
4.3999999938396741e+02
4.3999999880294536e+02
4.3999999822193598e+02
4.3999999764096219e+02
4.3999999705999312e+02
3.5199999996217491e+02
2.6399999996488697e+02
1.7599999996489146e+02
8.7999999964877347e+01
2.8714768465612707e-10
3.1146390722139778e-10
3.6052238341175102e-10
3.5648165081192322e-10
3.8954736733867985e-10
4.2472058813484741e-10
8.8000000037756138e+01
1.7600000003502345e+02
2.6400000003497343e+02
3.5200000003499974e+02
4.4000000003498837e+02
4.3996376576298843e+02
4.4000000000620577e+02
4.4003623424649254e+02
4.4000000017542675e+02
4.3996376610144824e+02
3.5200000003746732e+02
2.6400000006249729e+02
1.7600000003489492e+02
8.8000000034893560e+01
3.0220232666146450e-10
2.5144635402186584e-10
2.6204499063437169e-10
2.5107069835272017e-10
2.2612200818489228e-10
2.3995693167732602e-10
8.7999999962444903e+01
1.7599999996513736e+02
2.6399999996515135e+02
3.5199999996515248e+02
4.3999999996520086e+02
4.3999999938418409e+02
4.3999999880321360e+02
4.3999999822224561e+02
4.3999999764126733e+02
4.3999999706031866e+02
3.5199999996239046e+02
2.6399999996513401e+02
1.7599999996512921e+02
8.7999999965105431e+01
1.3804252806502263e-10
1.8495797581166366e-10
2.7202309050852073e-10
2.7411874825735321e-10
3.3550039440383199e-10
3.7136390312322503e-10
8.8000000037582296e+01
1.7600000003477950e+02
2.6400000003479960e+02
3.5200000003473946e+02
4.4000000003476447e+02
4.3996376576280124e+02
4.4000000000597049e+02
4.4003623424621736e+02
4.4000000017521302e+02
4.3996376610124759e+02
3.5200000003728496e+02
2.6400000006225764e+02
1.7600000003469432e+02
8.8000000034600859e+01
2.1856184207063893e-10
2.2406655082067522e-10
2.2438798513162274e-10
1.8815218128157461e-10
2.4444606392054172e-10
2.9822942331253013e-10
8.7999999962698467e+01
1.7599999996541214e+02
2.6399999996538889e+02
3.5199999996536110e+02
4.3999999996532534e+02
4.3999999938429943e+02
4.3999999880330040e+02
4.3999999822228125e+02
4.3999999764133116e+02
4.3999999706039159e+02
3.5199999996254144e+02
2.6399999996529965e+02
1.7599999996530931e+02
8.7999999965288666e+01
1.8453677184628489e-10
1.0163778616544726e-10
6.1585891135041892e-11
2.9912041311842566e-11
4.6040025012853926e-12
-1.9965114073244905e-11
