0.0000000000000000e+00
8.2336907499522110e-10
1.4766633031084886e-08
1.4772588064697049e-08
2.3934288552196978e-08
1.5449707430793700e-08
-6.0271054874783428e-07
-5.7510701793922481e-03
-2.3073601978648359e-04
-9.1662859462204389e-06
3.0586933843386472e-02
4.9505698819835105e-07
9.0881214933823408e-09
1.4716114101409604e-08
1.4764620931532347e-08
-7.2645172016049004e-11
-1.7808941604081740e-11
4.3788435967438746e-11
2.2868199552421843e-11
1.4074651952972638e-10
8.6656709207498911e-11
1.0397399526390543e-09
1.5012367711754480e-08
1.4922804128849280e-08
1.5039755393720755e-08
1.5076446478806942e-08
-3.5441257971885139e-07
-7.2384087705194028e-07
-1.0933537197683149e-06
-1.4627853384387471e-06
-1.8322125574853403e-06
1.1667697701735287e-09
1.5058114278532191e-08
1.5091137524452235e-08
1.5062178792012579e-08
2.8405486755355885e-10
1.5904125109173067e-10
5.6691928692173565e-11
-1.0557571144550351e-10
-2.6565827817797788e-10
-3.4722495486187331e-10
6.8408530982251202e-10
1.4502562856599010e-08
1.4554285513960584e-08
1.4618962361376530e-08
1.4479018950981720e-08
-3.6079866826476972e-02
-1.2383111449661641e-08
3.6079830197770398e-02
-1.1722585670182170e-07
-3.6080076355478524e-02
5.3985549509423668e-10
-1.8912886452977284e-08
1.4477944566598585e-08
1.4357431833237771e-08
-3.1736280813132231e-10
-2.7861997656788477e-10
-2.0738251486472228e-10
-2.6880482480965171e-10
-2.6807468398423086e-10
-3.8044210278454681e-10
5.8393935483923328e-10
1.4445048557772147e-08
1.4571655113346772e-08
1.4623454698114618e-08
1.4501732028281630e-08
-3.5490378131255710e-07
-7.2429757686697315e-07
-1.0937935328248590e-06
-1.4632018422788519e-06
-1.8326101442532597e-06
7.9009750442399882e-10
1.4682923322897094e-08
1.4733391158200151e-08
1.4798698940251630e-08
-4.1640078985498191e-11
-4.8348608918185871e-11
-6.0489701941835023e-11
-7.9078558855378639e-11
-2.5961681374090549e-10
-2.9421420274604065e-10
7.1206719877716291e-10
1.4725869461593621e-08
1.4585928098712288e-08
1.4475183240188399e-08
1.4468368416925703e-08
-3.6079866923601295e-02
-1.2383620826008350e-08
3.6079830289623589e-02
-1.1711970506810437e-07
-3.6080076433899239e-02
5.4802471784892527e-10
-1.8793221748799614e-08
1.4582075554778528e-08
1.4594717745654921e-08
-7.0176841431218238e-11
-6.5899230861780422e-11
-2.8861912464779606e-11
-7.3928257830210826e-11
-2.4035641604851262e-11
-1.9309091276589459e-11
9.3989210727258476e-10
1.4835432880426558e-08
1.4814519110123696e-08
1.4884297960803868e-08
1.4881454599392578e-08
-3.5456863151748439e-07
-7.2397941542072957e-07
-1.0935296632622530e-06
-1.4630714549035737e-06
-1.8324898154862116e-06
9.2203005226023161e-10
1.4884919428063703e-08
1.4907195282543826e-08
1.4874303583375234e-08
1.2846342003067405e-10
2.6333354148852269e-10
3.8267021307823694e-10
3.7022492330567722e-10
3.8045062074741009e-10
3.2136495360400002e-10
1.2790221434087019e-09
1.5096693706809479e-08
1.5143571996487674e-08
1.5201543375691788e-08
1.5175788270587314e-08
-3.6079866159296994e-02
-1.1751291579219103e-08
3.6079830877353877e-02
-1.1656762003311772e-07
-3.6080075887349676e-02
1.1649061132053103e-09
-1.8254931679246866e-08
1.5153474137304682e-08
1.5097669627085531e-08
4.6135977963920139e-10
3.1283992657524906e-10
2.4125480334367238e-10
1.0070705142942469e-10
3.5167565386542382e-11
-4.1479621680176629e-11
9.2465690355143351e-10
1.4823455769770897e-08
1.4807422625124220e-08
1.4794028893145906e-08
1.4799402132632460e-08
-3.5475970670080576e-07
-7.2419864064010844e-07
-1.0935581150340918e-06
-1.4630493840887540e-06
-1.8324951440429225e-06
9.5652083875875897e-10
1.4681577016745295e-08
1.4608494610698699e-08
1.4602208216287819e-08
-1.9584256493224948e-10
-1.8868491454001925e-10
-2.8838486425434290e-10
-3.8113067525672818e-10
-3.8555950536132544e-10
-4.5742505308602120e-10
