0.0000000000000000e+00
8.3736809491947507e-10
1.4789851229885055e-08
1.4815037882839785e-08
2.3969027595799001e-08
1.5491667530073990e-08
-6.0266079937941079e-07
-5.7510701289429454e-03
-2.3073595096562824e-04
-9.1662624653069447e-06
3.0586933866230931e-02
4.9506547117897990e-07
9.0783170514396793e-09
1.4672726368522815e-08
1.4715331414363498e-08
-9.5113185325902820e-11
-3.7723785364058254e-11
-1.5648331573189569e-11
4.2178947603132329e-11
1.5461032833555311e-10
1.2648576687741885e-10
9.1840874489156161e-10
1.4808832545985354e-08
1.4744218897045708e-08
1.4798574766861523e-08
1.4801025153708253e-08
-3.5467564918984469e-07
-7.2406075257377166e-07
-1.0936033685605106e-06
-1.4630199505422548e-06
-1.8324959448465499e-06
8.6632873146335878e-10
1.4771767729381964e-08
1.4805230006245655e-08
1.4792857023547522e-08
3.8327600734984518e-11
-6.8170884142534078e-11
-1.4091050674973935e-10
-2.4838250777554723e-10
-3.4826437302805994e-10
-3.9590289521132714e-10
4.0859366031109870e-10
1.4277148683971647e-08
1.4327125876017422e-08
1.4339488414466225e-08
1.4199535297877151e-08
-3.6079867083717167e-02
-1.2654574278707377e-08
3.6079829934116875e-02
-1.1744908463420991e-07
-3.6080076652775718e-02
2.8948497933714282e-10
-1.9161245878071114e-08
1.4181347235667324e-08
1.4110948260530145e-08
-5.8267256553943288e-10
-5.4200579892131231e-10
-4.8120556852718564e-10
-5.2929261982019661e-10
-4.9982461776889706e-10
-5.7350600465303703e-10
3.1034423509225238e-10
1.4171750138576396e-08
1.4322196121585882e-08
1.4335306783900538e-08
1.4241681213596936e-08
-3.5516979815248693e-07
-7.2454364170613984e-07
-1.0940277529585062e-06
-1.4634169966810025e-06
-1.8328796788487637e-06
3.8233360046508232e-10
1.4234096348893790e-08
1.4230197495973752e-08
1.4348200856937169e-08
-4.5377221462183300e-10
-4.7946268861342155e-10
-4.6421607486431127e-10
-4.7442155241084383e-10
-6.1635215717691172e-10
-6.4767122542855553e-10
4.0679862849341478e-10
1.4380535354301981e-08
1.4283814288094852e-08
1.4208412022751015e-08
1.4104581977658496e-08
-3.6079867264609135e-02
-1.2775156753080397e-08
3.6079829908855270e-02
-1.1751735609436862e-07
-3.6080076838603259e-02
1.5190996129953845e-10
-1.9172852792924663e-08
1.4181503161540859e-08
1.4177464678516096e-08
-5.3569612945885673e-10
-5.4465248528224135e-10
-5.6492872028047132e-10
-5.8226548105706033e-10
-5.1235457707638981e-10
-5.1856649006213933e-10
3.8394517022492488e-10
1.4338330555315579e-08
1.4299372785629147e-08
1.4393589156843957e-08
1.4426870082096350e-08
-3.5505140769747765e-07
-7.2441817392565429e-07
-1.0939351466441159e-06
-1.4634829109772919e-06
-1.8328826632220297e-06
5.4722357342479169e-10
1.4507317066611575e-08
1.4535917058823962e-08
1.4540740824913551e-08
-2.6538723033299905e-10
-1.4235887050604099e-10
-9.1061556396688370e-11
-2.6573711301064877e-11
-1.8551149322226851e-11
-9.1621425490346442e-11
8.2954764471831217e-10
1.4635609601266441e-08
1.4668450558409489e-08
1.4735275858614001e-08
1.4698187261010240e-08
-3.6079866682989660e-02
-1.2292170968145296e-08
3.6079830330500010e-02
-1.1708939416530441e-07
-3.6080076372243614e-02
6.4376196341955649e-10
-1.8739316025904568e-08
1.4707427031554116e-08
1.4638261111412782e-08
-9.7945875430413233e-11
-2.1437441666488886e-10
-2.6889408045046981e-10
-3.0050623935878415e-10
-3.3261484308160844e-10
-3.5900819131555036e-10
3.7473879446225112e-10
1.4293168587869559e-08
1.4349150752485601e-08
1.4279417385560703e-08
1.4271626754743025e-08
-3.5521111793967203e-07
-7.2461134740362019e-07
-1.0939830604312060e-06
-1.4633691356052124e-06
-1.8328253527883013e-06
4.7652308458780609e-10
1.4215176072019691e-08
1.4151254292762597e-08
1.4156987462579687e-08
-6.6276788738846206e-10
-6.1567932759901687e-10
-6.8892328127157954e-10
-7.3154607868585737e-10
-7.4148280782000160e-10
-7.4705745441145566e-10
