0.0000000000000000e+00
0.0000000000000000e+00
0.0000000000000000e+00
0.0000000000000000e+00
0.0000000000000000e+00
0.0000000000000000e+00
0.0000000000000000e+00
-1.3334845968535796e+00
-8.6666666753513617e+00
-1.6000000066093364e+01
-2.3333333401933654e+01
-2.3333333401933654e+01
-2.3333333401933654e+01
-2.3333333401933654e+01
-2.3333333401933654e+01
-2.3333333401933654e+01
-2.3333333401933654e+01
-2.3333333401933654e+01
-2.3333333401933654e+01
-2.3333333401933654e+01
-2.3333333401933654e+01
-2.3333333401933654e+01
-2.3333333401933654e+01
-2.3333333401933654e+01
-2.3333333401933654e+01
-2.3333333401933654e+01
-2.3333333401933654e+01
-2.3333333401933654e+01
-2.3333333401933654e+01
-1.9001622773874072e+01
-1.1667464382794103e+01
-1.1667464382794103e+01
-1.1667464382794103e+01
-1.1667464382794099e+01
-1.1667464382794092e+01
-1.1667464382794092e+01
-1.1667464382794089e+01
-1.1667464382794089e+01
-1.1667464382794092e+01
-1.1667464382794094e+01
-1.1667464382794094e+01
-1.1667464382794094e+01
-1.1667464382794096e+01
-1.1667464382794092e+01
-1.1667464382794092e+01
-1.1667464382794087e+01
-1.1667464382794087e+01
-1.1667464382794087e+01
-1.1667464382794087e+01
-1.1667464382794087e+01
-1.1667464382794087e+01
-1.1667464382794087e+01
-1.1667464382794087e+01
-1.1667464382794087e+01
-1.1667464382794087e+01
-1.1667464382794087e+01
-1.1667464382794087e+01
-1.1667464382794087e+01
-1.1667464382794087e+01
-1.1667464382794087e+01
-1.1667464382794087e+01
-1.1667464382794087e+01
-1.1667464382794087e+01
-1.1667464382794087e+01
-1.1667464382794087e+01
-1.1667464382794087e+01
-1.1667464382794087e+01
-1.1667464382794087e+01
-1.1667464382794087e+01
-1.1667464382794087e+01
-1.1667464382794087e+01
-1.1667464382794087e+01
-1.1667464382794087e+01
-1.1667464382794087e+01
-1.1667464382794087e+01
-1.1667464382794087e+01
-1.1667464382794087e+01
-1.1667464382794087e+01
-1.1667464382794087e+01
-1.1667464382794083e+01
-1.1667464382794080e+01
-1.1667464382794082e+01
-1.1667464382794082e+01
-1.1667464382794080e+01
-1.1667464382794076e+01
-1.1667464382794073e+01
-1.1667464382794073e+01
-1.1667464382794073e+01
-1.1667464382794073e+01
-1.1667464382794073e+01
-1.1667464382794080e+01
-1.1667464382794080e+01
-1.1667464382794080e+01
-1.1667464382794080e+01
-1.1667464382794080e+01
-1.1667464382794080e+01
-1.1667464382794080e+01
-1.1667464382794080e+01
-1.1667464382794080e+01
-1.1667464382794080e+01
-1.1667464382794080e+01
-1.1667464382794080e+01
-1.1667464382794080e+01
-1.1667464382794080e+01
-1.1667464382794080e+01
-1.1667464382794080e+01
-1.1667464382794080e+01
-1.1667464382794080e+01
-1.1667464382794080e+01
-1.1667464382794080e+01
-1.1667464382794080e+01
-1.1667464382794080e+01
-1.1667464382794080e+01
-1.1667464382794080e+01
-1.1667464382794076e+01
-1.1667464382794071e+01
-1.1667464382794071e+01
-1.1667464382794073e+01
-1.1667464382794073e+01
-1.1667464382794069e+01
-1.1667464382794067e+01
-1.1667464382794067e+01
-1.1667464382794062e+01
-1.1667464382794066e+01
-1.1667464382794066e+01
-1.1667464382794066e+01
-1.1667464382794066e+01
-1.1667464382794066e+01
-1.1667464382794066e+01
-1.1667464382794066e+01
-1.1667464382794069e+01
-1.1667464382794069e+01
-1.1667464382794069e+01
-1.1667464382794069e+01
-1.1667464382794069e+01
-1.1667464382794069e+01
-1.1667464382794069e+01
-1.1667464382794069e+01
-1.1667464382794069e+01
-1.1667464382794069e+01
-1.1667464382794069e+01
-1.1667464382794069e+01
-1.1667464382794069e+01
-1.1667464382794069e+01
-1.1667464382794069e+01
-1.1667464382794069e+01
-1.1667464382794069e+01
-1.1667464382794069e+01
-1.1667464382794069e+01
-1.1667464382794069e+01
-1.1667464382794069e+01
-1.1667464382794069e+01
-1.1667464382794069e+01
-1.1667464382794069e+01
-1.1667464382794069e+01
-1.1667464382794069e+01
-1.1667464382794062e+01
-1.1667464382794062e+01
-1.1667464382794062e+01
-1.1667464382794066e+01
-1.1667464382794060e+01
