0.0000000000000000e+00
0.0000000000000000e+00
0.0000000000000000e+00
0.0000000000000000e+00
0.0000000000000000e+00
0.0000000000000000e+00
0.0000000000000000e+00
6.6674229842655131e-01
4.3333333376746257e+00
8.0000000330448717e+00
1.1666666700964608e+01
1.1666666700964623e+01
1.1666666700964633e+01
1.1666666700964647e+01
1.1666666700964633e+01
1.1666666700964626e+01
1.1666666700964637e+01
1.1666666700964637e+01
1.1666666700964630e+01
1.1666666700964630e+01
1.1666666700964633e+01
1.1666666700964612e+01
1.1666666700964599e+01
1.1666666700964596e+01
1.1666666700964591e+01
1.1666666700964573e+01
1.1666666700964591e+01
1.1666666700964596e+01
1.1666666700964587e+01
9.5008113869337976e+00
5.8337321913927980e+00
5.8337321913927980e+00
5.8337321913927989e+00
5.8337321913928042e+00
5.8337321913928122e+00
5.8337321913928033e+00
5.8337321913928086e+00
5.8337321913928051e+00
5.8337321913928033e+00
5.8337321913928042e+00
5.8337321913927989e+00
5.8337321913928006e+00
5.8337321913928104e+00
5.8337321913928131e+00
5.8337321913928122e+00
5.8337321913928077e+00
5.8337321913928077e+00
5.8337321913928024e+00
5.8337321913928175e+00
5.8337321913928211e+00
5.8337321913928211e+00
5.8337321913928069e+00
5.8337321913928113e+00
5.8337321913928157e+00
5.8337321913928184e+00
5.8337321913928095e+00
5.8337321913928060e+00
5.8337321913928042e+00
5.8337321913927980e+00
5.8337321913927864e+00
5.8337321913927891e+00
5.8337321913927775e+00
5.8337321913927749e+00
5.8337321913927731e+00
5.8337321913927731e+00
5.8337321913927660e+00
5.8337321913927571e+00
5.8337321913927713e+00
5.8337321913927678e+00
5.8337321913927740e+00
5.8337321913927758e+00
5.8337321913927873e+00
5.8337321913928051e+00
5.8337321913928051e+00
5.8337321913928042e+00
5.8337321913927962e+00
5.8337321913927980e+00
5.8337321913927926e+00
5.8337321913927855e+00
5.8337321913927873e+00
5.8337321913927944e+00
5.8337321913927900e+00
5.8337321913927855e+00
5.8337321913927767e+00
5.8337321913927696e+00
5.8337321913927696e+00
5.8337321913927731e+00
5.8337321913927713e+00
5.8337321913927616e+00
5.8337321913927616e+00
5.8337321913927562e+00
5.8337321913927624e+00
5.8337321913927607e+00
5.8337321913927678e+00
5.8337321913927687e+00
5.8337321913927749e+00
5.8337321913927802e+00
5.8337321913927802e+00
5.8337321913927900e+00
5.8337321913928015e+00
5.8337321913927944e+00
5.8337321913927944e+00
5.8337321913927820e+00
5.8337321913927838e+00
5.8337321913927909e+00
5.8337321913927873e+00
5.8337321913927784e+00
5.8337321913927704e+00
5.8337321913927713e+00
5.8337321913927696e+00
5.8337321913927687e+00
5.8337321913927696e+00
5.8337321913927678e+00
5.8337321913927687e+00
5.8337321913927687e+00
5.8337321913927731e+00
5.8337321913927687e+00
5.8337321913927775e+00
5.8337321913927838e+00
5.8337321913927775e+00
5.8337321913927713e+00
5.8337321913927687e+00
5.8337321913927660e+00
5.8337321913927553e+00
5.8337321913927660e+00
5.8337321913927589e+00
5.8337321913927482e+00
5.8337321913927456e+00
5.8337321913927456e+00
5.8337321913927465e+00
5.8337321913927349e+00
5.8337321913927340e+00
5.8337321913927278e+00
5.8337321913927118e+00
5.8337321913927118e+00
5.8337321913927038e+00
5.8337321913927180e+00
5.8337321913927322e+00
5.8337321913927358e+00
5.8337321913927420e+00
5.8337321913927411e+00
5.8337321913927402e+00
5.8337321913927251e+00
5.8337321913927180e+00
5.8337321913927243e+00
5.8337321913927305e+00
5.8337321913927269e+00
5.8337321913927287e+00
5.8337321913927287e+00
5.8337321913927411e+00
5.8337321913927580e+00
5.8337321913927589e+00
5.8337321913927536e+00
5.8337321913927553e+00
5.8337321913927616e+00
5.8337321913927527e+00
5.8337321913927456e+00
5.8337321913927385e+00
5.8337321913927358e+00
5.8337321913927394e+00
5.8337321913927411e+00
