0.0000000000000000e+00
0.0000000000000000e+00
0.0000000000000000e+00
0.0000000000000000e+00
0.0000000000000000e+00
0.0000000000000000e+00
0.0000000000000000e+00
6.6674229842702470e-01
4.3333333376766978e+00
8.0000000330484244e+00
1.1666666700968921e+01
1.1666666700968925e+01
1.1666666700968928e+01
1.1666666700968950e+01
1.1666666700968936e+01
1.1666666700968925e+01
1.1666666700968928e+01
1.1666666700968925e+01
1.1666666700968914e+01
1.1666666700968909e+01
1.1666666700968898e+01
1.1666666700968879e+01
1.1666666700968870e+01
1.1666666700968875e+01
1.1666666700968873e+01
1.1666666700968856e+01
1.1666666700968875e+01
1.1666666700968882e+01
1.1666666700968888e+01
9.5008113869400805e+00
5.8337321914010820e+00
5.8337321914010829e+00
5.8337321914010829e+00
5.8337321914010865e+00
5.8337321914010962e+00
5.8337321914010873e+00
5.8337321914010927e+00
5.8337321914010900e+00
5.8337321914010865e+00
5.8337321914010865e+00
5.8337321914010776e+00
5.8337321914010785e+00
5.8337321914010980e+00
5.8337321914011024e+00
5.8337321914011016e+00
5.8337321914010989e+00
5.8337321914010971e+00
5.8337321914010936e+00
5.8337321914011069e+00
5.8337321914011140e+00
5.8337321914011122e+00
5.8337321914011016e+00
5.8337321914011016e+00
5.8337321914011060e+00
5.8337321914011104e+00
5.8337321914010998e+00
5.8337321914010971e+00
5.8337321914010971e+00
5.8337321914010962e+00
5.8337321914010891e+00
5.8337321914010873e+00
5.8337321914010758e+00
5.8337321914010696e+00
5.8337321914010687e+00
5.8337321914010678e+00
5.8337321914010634e+00
5.8337321914010527e+00
5.8337321914010536e+00
5.8337321914010527e+00
5.8337321914010669e+00
5.8337321914010687e+00
5.8337321914010793e+00
5.8337321914010980e+00
5.8337321914010989e+00
5.8337321914010989e+00
5.8337321914010909e+00
5.8337321914010927e+00
5.8337321914010847e+00
5.8337321914010758e+00
5.8337321914010722e+00
5.8337321914010776e+00
5.8337321914010740e+00
5.8337321914010687e+00
5.8337321914010589e+00
5.8337321914010536e+00
5.8337321914010554e+00
5.8337321914010500e+00
5.8337321914010483e+00
5.8337321914010394e+00
5.8337321914010394e+00
5.8337321914010385e+00
5.8337321914010447e+00
5.8337321914010456e+00
5.8337321914010545e+00
5.8337321914010571e+00
5.8337321914010678e+00
5.8337321914010767e+00
5.8337321914010776e+00
5.8337321914010838e+00
5.8337321914010900e+00
5.8337321914010865e+00
5.8337321914010909e+00
5.8337321914010811e+00
5.8337321914010776e+00
5.8337321914010776e+00
5.8337321914010749e+00
5.8337321914010651e+00
5.8337321914010598e+00
5.8337321914010651e+00
5.8337321914010705e+00
5.8337321914010696e+00
5.8337321914010687e+00
5.8337321914010669e+00
5.8337321914010669e+00
5.8337321914010705e+00
5.8337321914010722e+00
5.8337321914010687e+00
5.8337321914010722e+00
5.8337321914010758e+00
5.8337321914010722e+00
5.8337321914010616e+00
5.8337321914010616e+00
5.8337321914010545e+00
5.8337321914010491e+00
5.8337321914010580e+00
5.8337321914010474e+00
5.8337321914010385e+00
5.8337321914010332e+00
5.8337321914010349e+00
5.8337321914010341e+00
5.8337321914010225e+00
5.8337321914010225e+00
5.8337321914010190e+00
5.8337321914010047e+00
5.8337321914010003e+00
5.8337321914009941e+00
5.8337321914010083e+00
5.8337321914010172e+00
5.8337321914010225e+00
5.8337321914010323e+00
5.8337321914010332e+00
5.8337321914010376e+00
5.8337321914010243e+00
5.8337321914010190e+00
5.8337321914010252e+00
5.8337321914010296e+00
5.8337321914010243e+00
5.8337321914010314e+00
5.8337321914010332e+00
5.8337321914010438e+00
5.8337321914010598e+00
5.8337321914010563e+00
5.8337321914010545e+00
5.8337321914010545e+00
5.8337321914010625e+00
5.8337321914010536e+00
5.8337321914010483e+00
5.8337321914010447e+00
5.8337321914010403e+00
5.8337321914010420e+00
5.8337321914010429e+00
