0.0000000000000000e+00
-4.0000000002112087e-04
-8.0000000001558002e-04
-1.2001600640379319e-03
-1.6000000001408577e-03
-1.9999998721695537e-03
-2.4001598081218583e-03
-3.0000413928124724e-03
-4.5000000017196198e-03
-6.0000000117761392e-03
-7.5000000122506742e-03
-7.1000000115191420e-03
-6.7001599468160958e-03
-6.3000000104300544e-03
-5.9000001379694864e-03
-5.5001602014346802e-03
-5.1000000104309950e-03
-4.6999998835563009e-03
-4.3000000103059878e-03
-3.9000000103052396e-03
-3.5000000103052593e-03
-3.1000000103049087e-03
-2.7000000103051206e-03
-2.3001599463323089e-03
-1.9000000104297499e-03
-1.5000001384514925e-03
-1.1001602023990769e-03
-7.0000001043031156e-04
-2.9999988259151161e-04
7.4955760956138453e-04
2.2497837447917526e-03
1.8498803412391740e-03
1.4498169509733153e-03
1.0495934459336020e-03
6.4988034220673564e-04
2.5000740402492317e-04
-1.5002549649019409e-04
-5.5011965735593039e-04
-9.5011965749789882e-04
-1.3501196574354020e-03
-1.7501196574350008e-03
-2.1501196574353412e-03
-2.5501196574346033e-03
-2.9502797214614710e-03
-3.3501196575594187e-03
-3.7501195295816603e-03
-4.1502794655303692e-03
-4.5501196575590611e-03
-4.9501197857178582e-03
-5.3502799780072944e-03
-5.7506003625802677e-03
-5.3501196705151516e-03
-4.9497992990319862e-03
-4.5501196575603161e-03
-4.1501196575597279e-03
-3.7502795935869053e-03
-3.3501196575592617e-03
-2.9501197854574662e-03
-2.5501196574353830e-03
-2.1501196574356977e-03
-1.7501196574355900e-03
-1.3501196574353270e-03
-9.5011965743505727e-04
-5.5027959346232972e-04
-1.5011965755935494e-04
2.4988021441866312e-04
6.4972015047197159e-04
1.0498803424402305e-03
1.4498804702789557e-03
1.8497206619872693e-03
2.2494010454127376e-03
1.8498803412723354e-03
1.4501999565418033e-03
1.0498803424402604e-03
6.4988034244012317e-04
2.4972027841195477e-04
-1.5011965756056710e-04
-5.5011952945835602e-04
-9.5011965743535542e-04
-1.3501196574350382e-03
-1.7501196574350635e-03
-2.1501196574352436e-03
-2.5501196574348310e-03
-2.9502797214626232e-03
-3.3501196575604596e-03
-3.7501195295830481e-03
-4.1502794655308012e-03
-4.5501196575593247e-03
-4.9501197857188652e-03
-5.3502799780084549e-03
-5.7506003625817266e-03
-5.3501196705159886e-03
-4.9497992990315187e-03
-4.5501196575604089e-03
-4.1501196575600219e-03
-3.7502795935874145e-03
-3.3501196575599513e-03
-2.9501197854572068e-03
-2.5501196574346480e-03
-2.1501196574350056e-03
-1.7501196574346751e-03
-1.3501196574343831e-03
-9.5011965743418373e-04
-5.5027959346162748e-04
-1.5011965755823897e-04
2.4988021441987266e-04
6.4972015047296981e-04
1.0498803424428107e-03
1.4498804702817664e-03
1.8497206619911750e-03
2.2494010454180194e-03
1.8498803412743074e-03
1.4501999565397859e-03
1.0498803424431548e-03
6.4988034244160505e-04
2.4972027841309405e-04
-1.5011965755905296e-04
-5.5011952945570905e-04
-9.5011965743317162e-04
-1.3501196574330302e-03
-1.7501196574336571e-03
-2.1501196574334179e-03
-2.5501196574330806e-03
-2.9502797214608308e-03
-3.3501196575580661e-03
-3.7501195295803246e-03
-4.1502794655282971e-03
-4.5501196575578719e-03
-4.9501197857176830e-03
-5.3502799780073568e-03
-5.7506003625816563e-03
-5.3501196705149547e-03
-4.9497992990298048e-03
-4.5501196575588945e-03
-4.1501196575591710e-03
-3.7502795935867371e-03
-3.3501196575583723e-03
-2.9501197854565533e-03
-2.5501196574345543e-03
-2.1501196574340801e-03
-1.7501196574341744e-03
-1.3501196574349464e-03
-9.5011965743430212e-04
-5.5027959346132011e-04
-1.5011965755852737e-04
2.4988021441802404e-04
6.4972015046949180e-04
1.0498803424409033e-03
1.4498804702815316e-03
1.8497206619923501e-03
2.2494010454204186e-03
1.8498803412736601e-03
1.4501999565360755e-03
1.0498803424424951e-03
6.4988034244152092e-04
2.4972027841332385e-04
-1.5011965755893394e-04
-5.5011952945547529e-04
-9.5011965743337654e-04
-1.3501196574336760e-03
-1.7501196574339934e-03
