0.0000000000000000e+00
1.0000000000576372e-04
2.0000000000826177e-04
2.9999000101181930e-04
4.0000000008097507e-04
4.9999999815124048e-04
5.9998999722175460e-04
8.0000295490095872e-04
1.4500000008261463e-03
2.1000000076007324e-03
2.7500000078611395e-03
2.6500000058719063e-03
2.5499900028815472e-03
2.4500000052272508e-03
2.3500000085724007e-03
2.2499900109184657e-03
2.1500000052267622e-03
2.0500000005339030e-03
1.9500000051540247e-03
1.8500000051538709e-03
1.7500000051538622e-03
1.6500000051542672e-03
1.5500000051540113e-03
1.4499900041539029e-03
1.3500000052263962e-03
1.2500000072996863e-03
1.1499900083725939e-03
1.0500000052259695e-03
9.5000000307872163e-04
5.2503337033904106e-04
-1.2498238636080385e-04
-2.4940170512063448e-05
7.5092037893201928e-05
1.7511424085653546e-04
2.7505982880261077e-04
3.7499542862706671e-04
4.7492104232489354e-04
5.7505982874324238e-04
6.7505982870101719e-04
7.7505982871509788e-04
8.7505982871474437e-04
9.7505982871465605e-04
1.0750598287151926e-03
1.1750498297158690e-03
1.2750598287880352e-03
1.3750598268608910e-03
1.4750498259338718e-03
1.5750598287877051e-03
1.6750598306405956e-03
1.7750498334931693e-03
1.8750298393447379e-03
1.7750598364207337e-03
1.6750798384965921e-03
1.5750598287863988e-03
1.4750598287861896e-03
1.3750498277864140e-03
1.2750598287861164e-03
1.1750598307858620e-03
1.0750598287130671e-03
9.7505982871288999e-04
8.7505982871325088e-04
7.7505982871258589e-04
6.7505982871183081e-04
5.7504982771137167e-04
4.7505982878451173e-04
3.7505983085838504e-04
2.7504983193252670e-04
1.7505982878555823e-04
7.5059826638049869e-05
-2.4950176510628593e-05
-1.2497018265989130e-04
-2.4940170531862030e-05
7.5079836594494720e-05
1.7505982878598077e-04
2.7505982878555469e-04
3.7504982978563595e-04
4.7505982878582844e-04
5.7505982678675055e-04
6.7505982871219976e-04
7.7505982871202655e-04
8.7505982871283628e-04
9.7505982871246618e-04
1.0750598287125573e-03
1.1750498297124934e-03
1.2750598287855851e-03
1.3750598268588859e-03
1.4750498259331725e-03
1.5750598287847281e-03
1.6750598306358719e-03
1.7750498334874582e-03
1.8750298393376385e-03
1.7750598364198341e-03
1.6750798385009634e-03
1.5750598287858301e-03
1.4750598287860141e-03
1.3750498277864428e-03
1.2750598287866392e-03
1.1750598307869889e-03
1.0750598287136810e-03
9.7505982871339426e-04
8.7505982871374528e-04
7.7505982871457302e-04
6.7505982871423546e-04
5.7504982771463696e-04
4.7505982878757254e-04
3.7505983086134003e-04
2.7504983193530290e-04
1.7505982878861879e-04
7.5059826641134586e-05
-2.4950176507081591e-05
-1.2497018265590328e-04
-2.4940170529667974e-05
7.5079836593841542e-05
1.7505982878765112e-04
2.7505982878750821e-04
3.7504982978653589e-04
4.7505982878719459e-04
5.7505982678885954e-04
6.7505982871456614e-04
7.7505982871456803e-04
8.7505982871402814e-04
9.7505982871396010e-04
1.0750598287139921e-03
1.1750498297140994e-03
1.2750598287878303e-03
1.3750598268619752e-03
1.4750498259358889e-03
1.5750598287887262e-03
1.6750598306404729e-03
1.7750498334922118e-03
1.8750298393421245e-03
1.7750598364218266e-03
1.6750798385001999e-03
1.5750598287874505e-03
1.4750598287865215e-03
1.3750498277864738e-03
1.2750598287876653e-03
1.1750598307873213e-03
1.0750598287140728e-03
9.7505982871423863e-04
8.7505982871387885e-04
7.7505982871416666e-04
6.7505982871398360e-04
5.7504982771459977e-04
4.7505982878725254e-04
3.7505983086080200e-04
2.7504983193359507e-04
1.7505982878723386e-04
7.5059826639506968e-05
-2.4950176508268844e-05
-1.2497018265603815e-04
-2.4940170529891943e-05
7.5079836595232357e-05
1.7505982878816042e-04
2.7505982878762736e-04
3.7504982978792611e-04
4.7505982878873047e-04
5.7505982678857071e-04
6.7505982871501999e-04
7.7505982871495954e-04
8.7505982871485843e-04
