0.0000000000000000e+00
1.0000000000497821e-04
2.0000000000899816e-04
2.9999000101259922e-04
4.0000000008217208e-04
4.9999999815235623e-04
5.9998999722321133e-04
8.0000295490196009e-04
1.4500000008269645e-03
2.1000000076016943e-03
2.7500000078622628e-03
2.6500000058725963e-03
2.5499900028823257e-03
2.4500000052278498e-03
2.3500000085733891e-03
2.2499900109196392e-03
2.1500000052276200e-03
2.0500000005349338e-03
1.9500000051542207e-03
1.8500000051545793e-03
1.7500000051553369e-03
1.6500000051553924e-03
1.5500000051555025e-03
1.4499900041548130e-03
1.3500000052273321e-03
1.2500000073007653e-03
1.1499900083748889e-03
1.0500000052274050e-03
9.5000000307948697e-04
5.2503337034074348e-04
-1.2498238635917576e-04
-2.4940170510173602e-05
7.5092037895131035e-05
1.7511424085856611e-04
2.7505982880542080e-04
3.7499542862973846e-04
4.7492104232811758e-04
5.7505982874734489e-04
6.7505982870406109e-04
7.7505982871832458e-04
8.7505982871784345e-04
9.7505982871812463e-04
1.0750598287175865e-03
1.1750498297175309e-03
1.2750598287911545e-03
1.3750598268647998e-03
1.4750498259393195e-03
1.5750598287908285e-03
1.6750598306418465e-03
1.7750498334933779e-03
1.8750298393423151e-03
1.7750598364251575e-03
1.6750798385074890e-03
1.5750598287911303e-03
1.4750598287913998e-03
1.3750498277909687e-03
1.2750598287911508e-03
1.1750598307913316e-03
1.0750598287176851e-03
9.7505982871784523e-04
8.7505982871761132e-04
7.7505982871745667e-04
6.7505982871757003e-04
5.7504982771704085e-04
4.7505982879018997e-04
3.7505983086372126e-04
2.7504983193699149e-04
1.7505982879069867e-04
7.5059826644871601e-05
-2.4950176502980719e-05
-1.2497018265032197e-04
-2.4940170526752351e-05
7.5079836595190412e-05
1.7505982878959086e-04
2.7505982878977479e-04
3.7504982978968859e-04
4.7505982879002295e-04
5.7505982679072025e-04
6.7505982871680567e-04
7.7505982871642039e-04
8.7505982871644971e-04
9.7505982871678109e-04
1.0750598287172139e-03
1.1750498297168712e-03
1.2750598287904165e-03
1.3750598268642039e-03
1.4750498259381547e-03
1.5750598287910349e-03
1.6750598306434358e-03
1.7750498334952161e-03
1.8750298393451657e-03
1.7750598364257128e-03
1.6750798385046519e-03
1.5750598287915629e-03
1.4750598287918085e-03
1.3750498277914154e-03
1.2750598287915738e-03
1.1750598307918479e-03
1.0750598287192631e-03
9.7505982871897421e-04
8.7505982871974970e-04
7.7505982871978706e-04
6.7505982871908152e-04
5.7504982771923712e-04
4.7505982879274245e-04
3.7505983086726086e-04
2.7504983194095517e-04
1.7505982879375339e-04
7.5059826644700487e-05
-2.4950176504501603e-05
-1.2497018265478332e-04
-2.4940170524705123e-05
7.5079836603035021e-05
1.7505982879335706e-04
2.7505982879381138e-04
3.7504982979431152e-04
4.7505982879403807e-04
5.7505982679434615e-04
6.7505982872100945e-04
7.7505982872146648e-04
8.7505982872077481e-04
9.7505982872052744e-04
1.0750598287207311e-03
1.1750498297207329e-03
1.2750598287937349e-03
1.3750598268678894e-03
1.4750498259419162e-03
1.5750598287940175e-03
1.6750598306448667e-03
1.7750498334969992e-03
1.8750298393467571e-03
1.7750598364278947e-03
1.6750798385086398e-03
1.5750598287936283e-03
1.4750598287937302e-03
1.3750498277934993e-03
1.2750598287940970e-03
1.1750598307940007e-03
1.0750598287203100e-03
9.7505982872008628e-04
8.7505982872036260e-04
7.7505982871994296e-04
6.7505982871985824e-04
5.7504982772012421e-04
4.7505982879399416e-04
3.7505983086735491e-04
2.7504983194148004e-04
1.7505982879371446e-04
7.5059826645247995e-05
-2.4950176503878970e-05
-1.2497018265360168e-04
-2.4940170523131052e-05
7.5079836604463010e-05
1.7505982879400866e-04
2.7505982879457200e-04
3.7504982979442845e-04
4.7505982879513984e-04
5.7505982679548478e-04
6.7505982872069037e-04
7.7505982872049352e-04
8.7505982872089797e-04
