0.0000000000000000e+00
0.0000000000000000e+00
0.0000000000000000e+00
0.0000000000000000e+00
0.0000000000000000e+00
0.0000000000000000e+00
0.0000000000000000e+00
2.0002268952803680e-04
1.3000000013027022e-03
2.4000000099140017e-03
3.5000000102900436e-03
3.5000000102900436e-03
3.5000000102900436e-03
3.5000000102900436e-03
3.5000000102900436e-03
3.5000000102900436e-03
3.5000000102900436e-03
3.5000000102900436e-03
3.5000000102900436e-03
3.5000000102900436e-03
3.5000000102900436e-03
3.5000000102900436e-03
3.5000000102900436e-03
3.5000000102900436e-03
3.5000000102900436e-03
3.5000000102900436e-03
3.5000000102900436e-03
3.5000000102900436e-03
3.5000000102900436e-03
4.1497566044989822e-03
5.2498803631609763e-03
5.2498803631609763e-03
5.2498803631609763e-03
5.2498803631609763e-03
5.2498803631609763e-03
5.2498803631609763e-03
5.2498803631609763e-03
5.2498803631609763e-03
5.2498803631609763e-03
5.2498803631609763e-03
5.2498803631609763e-03
5.2498803631609763e-03
5.2498803631609763e-03
5.2498803631609763e-03
5.2498803631609763e-03
5.2498803631609763e-03
5.2498803631609763e-03
5.2498803631609763e-03
5.2498803631609763e-03
5.2498803631609763e-03
5.2498803631609763e-03
5.2498803631609763e-03
5.2498803631609763e-03
5.2498803631609763e-03
5.2498803631609763e-03
5.2498803631609763e-03
5.2498803631609763e-03
5.2498803631609763e-03
5.2498803631609763e-03
5.2498803631609763e-03
5.2498803631609763e-03
5.2498803631609763e-03
5.2498803631609763e-03
5.2498803631609763e-03
5.2498803631609763e-03
5.2498803631609763e-03
5.2498803631609763e-03
5.2498803631609763e-03
5.2498803631609763e-03
5.2498803631609763e-03
5.2498803631609763e-03
5.2498803631609763e-03
5.2498803631609763e-03
5.2498803631609763e-03
5.2498803631609763e-03
5.2498803631609763e-03
5.2498803631609763e-03
5.2498803631609763e-03
5.2498803631609763e-03
5.2498803631609763e-03
5.2498803631609763e-03
5.2498803631609763e-03
5.2498803631609763e-03
5.2498803631609763e-03
5.2498803631609763e-03
5.2498803631609763e-03
5.2498803631609763e-03
5.2498803631609763e-03
5.2498803631609763e-03
5.2498803631609763e-03
5.2498803631609763e-03
5.2498803631609763e-03
5.2498803631609763e-03
5.2498803631609763e-03
5.2498803631609763e-03
5.2498803631609763e-03
5.2498803631609763e-03
5.2498803631609763e-03
5.2498803631609763e-03
5.2498803631609763e-03
5.2498803631609763e-03
5.2498803631609763e-03
5.2498803631609763e-03
5.2498803631609763e-03
5.2498803631609763e-03
5.2498803631609763e-03
5.2498803631609763e-03
5.2498803631609763e-03
5.2498803631609763e-03
5.2498803631609763e-03
5.2498803631609763e-03
5.2498803631609763e-03
5.2498803631609763e-03
5.2498803631609763e-03
5.2498803631609763e-03
5.2498803631609763e-03
5.2498803631609763e-03
5.2498803631609763e-03
5.2498803631609763e-03
5.2498803631609763e-03
5.2498803631609763e-03
5.2498803631609763e-03
5.2498803631609763e-03
5.2498803631609763e-03
5.2498803631609763e-03
5.2498803631609763e-03
5.2498803631609763e-03
5.2498803631609763e-03
5.2498803631609763e-03
5.2498803631609763e-03
5.2498803631609763e-03
5.2498803631609763e-03
5.2498803631609763e-03
5.2498803631609763e-03
5.2498803631609763e-03
5.2498803631609763e-03
5.2498803631609763e-03
5.2498803631609763e-03
5.2498803631609763e-03
5.2498803631609763e-03
5.2498803631609763e-03
5.2498803631609763e-03
5.2498803631609763e-03
5.2498803631609763e-03
5.2498803631609763e-03
5.2498803631609763e-03
5.2498803631609763e-03
5.2498803631609763e-03
5.2498803631609763e-03
5.2498803631609763e-03
5.2498803631609763e-03
5.2498803631609763e-03
5.2498803631609763e-03
5.2498803631609763e-03
5.2498803631609763e-03
5.2498803631609763e-03
5.2498803631609763e-03
5.2498803631609763e-03
5.2498803631609763e-03
5.2498803631609763e-03
5.2498803631609763e-03
