0.0000000000000000e+00
-1.8587725300331075e-11
8.6574434861052237e-10
-8.8026394550750637e-03
8.2453956485920211e-09
5.2993090043763218e-06
-8.7920461549642007e-03
-2.2995602933642764e-03
1.2523519073884979e-08
3.8347375744265683e-07
3.9187450503296844e-07
7.3926783718089841e-08
-8.7976054114149299e-03
8.3797481273202374e-09
-5.0145285072612209e-06
-8.8073940872696217e-03
8.2767324804293776e-09
4.7648423996982718e-06
9.0614531089750132e-10
9.6796712820004646e-10
1.0484557657634550e-09
1.0677957627421543e-09
1.0988336461883484e-09
-8.7973601816077537e-03
8.3014666688973746e-09
-5.2597061644401485e-06
-8.8078844102940437e-03
8.3167887932149383e-09
5.2552334658755448e-06
-2.4302306922664472e-02
-1.1680154858757128e-02
7.8265431063476247e-08
2.8795859089754622e-03
-3.0469142725212135e-03
3.5781969308513602e-10
-5.7437105390915726e-03
-2.0283322318931700e-02
9.2862138853035118e-09
-4.4872237952392688e-09
7.4012684102018955e-10
6.8762945126049779e-10
7.0888848916710431e-10
6.6069159094529825e-10
-8.8026405059248528e-03
8.0730835264757128e-09
5.3000066041802739e-06
-8.7920446973499787e-03
7.9938947051529115e-09
-5.3051243215572544e-06
-8.8132639359110657e-03
-2.6429155597186435e-02
7.8151639620656140e-07
1.7617492984297014e-02
7.9576439698362269e-09
8.0135044871959926e-09
-8.7973532748299582e-03
7.9634487593662768e-09
-5.2675200613027099e-06
5.2693116758190064e-10
5.3958878661990715e-10
5.2520084701836179e-10
5.1160202675722723e-10
5.0846037094481657e-10
-8.7973607537920658e-03
7.8434524410527866e-09
-5.2601971869340586e-06
-8.8078848698256631e-03
7.9574820646014140e-09
5.2551395998099618e-06
-8.7868637304916886e-03
-2.6371075037007030e-02
7.6719580241634055e-08
1.7584402227180392e-02
7.8701692429240544e-09
7.8480057066804433e-09
-8.8026333794295857e-03
7.8642377342072418e-09
5.2924921188671628e-06
4.6300127551180709e-10
4.1307108453432614e-10
4.6809580162698700e-10
4.8935955341931124e-10
5.4083532232579262e-10
-8.8026407287780228e-03
7.8750922415162667e-09
5.2998350468103055e-06
-8.7920448245629272e-03
7.9403774322757817e-09
-5.3051137756667173e-06
-8.8132639247583775e-03
-2.6429155532375431e-02
7.8159981534044915e-07
1.7617492936584753e-02
8.0972411631467119e-09
8.1309581340879228e-09
-8.7973530876652075e-03
8.1207942472372814e-09
-5.2673191608550785e-06
8.8994279008087443e-10
8.0711059439203112e-10
9.2964224483310357e-10
9.9595318968737578e-10
9.1584249227690008e-10
-8.7973602559428075e-03
8.3956269224334837e-09
-5.2594934464664080e-06
-8.8078841359625782e-03
8.6201430729198799e-09
5.2553926922323181e-06
-8.7868635989687902e-03
-2.6371075206212100e-02
7.7187997941746628e-08
1.7584403107502245e-02
8.5460485956992231e-09
8.5021589092800483e-09
-8.8026327163521576e-03
8.4915543964798893e-09
5.2931470792233088e-06
1.1969841918914020e-09
1.2524767002769727e-09
1.1219495160205873e-09
1.0797288749635096e-09
1.1212241150937471e-09
-8.8026400945635311e-03
8.5085446433328447e-09
5.3005882852041454e-06
-8.7920441226974396e-03
8.5722097864538203e-09
-5.3046601345564107e-06
-8.8132634414297088e-03
-2.6429155122974928e-02
7.8202117145649964e-07
1.7617493495573837e-02
8.5014958010808227e-09
8.4189205358430895e-09
-8.7973528167098573e-03
8.5552655466513253e-09
-5.2669703674415425e-06
1.0603780891339688e-09
1.0509131890852462e-09
1.0439397787354260e-09
9.9514620171058019e-10
1.0261175327141898e-09
-8.7973600802882385e-03
8.5908284473705927e-09
-5.2595174688636810e-06
-8.8078842717368468e-03
8.5115415043914835e-09
5.2554040152690858e-06
-8.7868634910975678e-03
-2.6371074919378491e-02
7.7388364491348250e-08
1.7584403243964129e-02
8.6634825604080219e-09
8.6549017038979055e-09
-8.8026325688722300e-03
8.7683919394551027e-09
5.2933462813754010e-06
1.2222375652961066e-09
1.1762946390975088e-09
1.2185687328576385e-09
