2.9999999999999983e+02
2.9999999999999983e+02
2.9999999999999983e+02
2.9999999999999983e+02
2.9999999999999983e+02
2.9999999999999983e+02
2.9999999999999983e+02
3.0600068068584085e+02
3.3900000003908076e+02
3.7200000029741977e+02
4.0500000030870120e+02
4.0500000030870120e+02
4.0500000030870120e+02
4.0500000030870120e+02
4.0500000030870120e+02
4.0500000030870120e+02
4.0500000030870120e+02
4.0500000030870120e+02
4.0500000030870120e+02
4.0500000030870120e+02
4.0500000030870120e+02
4.0500000030870120e+02
4.0500000030870120e+02
4.0500000030870120e+02
4.0500000030870120e+02
4.0500000030870120e+02
4.0500000030870120e+02
4.0500000030870120e+02
4.0500000030870120e+02
4.2449269813496926e+02
4.5749641089482913e+02
4.5749641089482913e+02
4.5749641089482913e+02
4.5749641089482913e+02
4.5749641089482913e+02
4.5749641089482913e+02
4.5749641089482913e+02
4.5749641089482913e+02
4.5749641089482913e+02
4.5749641089482913e+02
4.5749641089482913e+02
4.5749641089482913e+02
4.5749641089482913e+02
4.5749641089482913e+02
4.5749641089482913e+02
4.5749641089482913e+02
4.5749641089482913e+02
4.5749641089482913e+02
4.5749641089482913e+02
4.5749641089482913e+02
4.5749641089482913e+02
4.5749641089482913e+02
4.5749641089482913e+02
4.5749641089482913e+02
4.5749641089482913e+02
4.5749641089482913e+02
4.5749641089482913e+02
4.5749641089482913e+02
4.5749641089482913e+02
4.5749641089482913e+02
4.5749641089482913e+02
4.5749641089482913e+02
4.5749641089482913e+02
4.5749641089482913e+02
4.5749641089482913e+02
4.5749641089482913e+02
4.5749641089482913e+02
4.5749641089482913e+02
4.5749641089482913e+02
4.5749641089482913e+02
4.5749641089482913e+02
4.5749641089482913e+02
4.5749641089482913e+02
4.5749641089482913e+02
4.5749641089482913e+02
4.5749641089482913e+02
4.5749641089482913e+02
4.5749641089482913e+02
4.5749641089482913e+02
4.5749641089482913e+02
4.5749641089482913e+02
4.5749641089482913e+02
4.5749641089482913e+02
4.5749641089482913e+02
4.5749641089482913e+02
4.5749641089482913e+02
4.5749641089482913e+02
4.5749641089482913e+02
4.5749641089482913e+02
4.5749641089482913e+02
4.5749641089482913e+02
4.5749641089482913e+02
4.5749641089482913e+02
4.5749641089482913e+02
4.5749641089482913e+02
4.5749641089482913e+02
4.5749641089482913e+02
4.5749641089482913e+02
4.5749641089482913e+02
4.5749641089482913e+02
4.5749641089482913e+02
4.5749641089482913e+02
4.5749641089482913e+02
4.5749641089482913e+02
4.5749641089482913e+02
4.5749641089482913e+02
4.5749641089482913e+02
4.5749641089482913e+02
4.5749641089482913e+02
4.5749641089482913e+02
4.5749641089482913e+02
4.5749641089482913e+02
4.5749641089482913e+02
4.5749641089482913e+02
4.5749641089482913e+02
4.5749641089482913e+02
4.5749641089482913e+02
4.5749641089482913e+02
4.5749641089482913e+02
4.5749641089482913e+02
4.5749641089482913e+02
4.5749641089482913e+02
4.5749641089482913e+02
4.5749641089482913e+02
4.5749641089482913e+02
4.5749641089482913e+02
4.5749641089482913e+02
4.5749641089482913e+02
4.5749641089482913e+02
4.5749641089482913e+02
4.5749641089482913e+02
4.5749641089482913e+02
4.5749641089482913e+02
4.5749641089482913e+02
4.5749641089482913e+02
4.5749641089482913e+02
4.5749641089482913e+02
4.5749641089482913e+02
4.5749641089482913e+02
4.5749641089482913e+02
4.5749641089482913e+02
4.5749641089482913e+02
4.5749641089482913e+02
4.5749641089482913e+02
4.5749641089482913e+02
4.5749641089482913e+02
4.5749641089482913e+02
4.5749641089482913e+02
4.5749641089482913e+02
4.5749641089482913e+02
4.5749641089482913e+02
4.5749641089482913e+02
4.5749641089482913e+02
4.5749641089482913e+02
4.5749641089482913e+02
4.5749641089482913e+02
4.5749641089482913e+02
4.5749641089482913e+02
4.5749641089482913e+02
4.5749641089482913e+02
4.5749641089482913e+02
