0.0000000000000000e+00
-4.4000000002315339e+01
-8.8000000001306120e+01
-1.3202200836391737e+02
-1.7600000001139034e+02
-2.1999998328901694e+02
-2.6402197491651168e+02
-3.0800320714145101e+02
-3.5200000003961009e+02
-3.9600000001311298e+02
-4.4000000001974308e+02
-3.9600000009823503e+02
-3.5202199182057927e+02
-3.0800000001120014e+02
-2.6400001655200367e+02
-2.2002202472297236e+02
-1.7600000001136689e+02
-1.3199998367688104e+02
-8.8000000001303590e+01
-4.4000000001202011e+01
-1.1689366805283136e-09
4.3999999998888306e+01
8.7999999998875225e+01
1.3197800835524924e+02
1.7599999998876478e+02
2.1999998327234633e+02
2.6397797492573989e+02
3.0799999998868986e+02
3.5200001667442740e+02
3.9596596166716773e+02
4.3998353416573326e+02
3.9599999989152650e+02
3.5199446671608928e+02
3.0796691791162061e+02
2.6399999995897906e+02
2.2001110490355131e+02
1.7600021604099078e+02
1.3200000001154959e+02
8.7999999989073288e+01
4.3999999998542698e+01
-1.4368615132612783e-09
-4.4000000001467903e+01
-8.8000000001394937e+01
-1.3202200836492293e+02
-1.7600000001143749e+02
-2.1999998328792128e+02
-2.6402197491467103e+02
-3.0800000001143195e+02
-3.5200001676541422e+02
-3.9602204189663746e+02
-4.4006609214544005e+02
-3.9600000104987066e+02
-3.5195595183112528e+02
-3.0800000001161436e+02
-2.6400000001153484e+02
-2.2002199165514264e+02
-1.7600000001151244e+02
-1.3200001671806649e+02
-8.8000000001591033e+01
-4.4000000001616570e+01
-1.6106798694603413e-09
4.3999999998401698e+01
8.7999999998416214e+01
1.3197800835478250e+02
1.7599999998840721e+02
2.1999998327199080e+02
2.6397797492551933e+02
3.0799999998843333e+02
3.5200001667425653e+02
3.9597804170273400e+02
4.3993409177383660e+02
3.9599999989435128e+02
3.5204394973682247e+02
3.0799999998840167e+02
2.6399999998835563e+02
2.1997799162466342e+02
1.7599999998830529e+02
1.3200001672186181e+02
8.7999999998378911e+01
4.3999999998386571e+01
-1.5753887631199054e-09
-4.4000000001595389e+01
-8.8000000001542077e+01
-1.3202200836523670e+02
-1.7600000001169940e+02
-2.1999998328820260e+02
-2.6402197491479478e+02
-3.0800000001157383e+02
-3.5200001676566939e+02
-3.9602204189693219e+02
-4.4006609214580465e+02
-3.9600000104998998e+02
-3.5195595183097936e+02
-3.0800000001162425e+02
-2.6400000001154626e+02
-2.2002199165515864e+02
-1.7600000001153484e+02
-1.3200001671795178e+02
-8.8000000001374872e+01
-4.4000000001450665e+01
-1.3650222107917422e-09
4.3999999998708411e+01
8.7999999998701853e+01
1.3197800835510287e+02
1.7599999998879127e+02
2.1999998327243406e+02
2.6397797492594941e+02
3.0799999998903183e+02
3.5200001667473367e+02
3.9597804170331739e+02
4.3993409177449206e+02
3.9599999989477561e+02
3.5204394973684856e+02
3.0799999998903343e+02
2.6399999998883300e+02
2.1997799162506740e+02
1.7599999998875234e+02
1.3200001672247396e+02
8.7999999998966445e+01
4.3999999998995619e+01
-1.1369208774722101e-09
-4.4000000001129983e+01
-8.8000000001083563e+01
-1.3202200836475026e+02
-1.7600000001112977e+02
-2.1999998328753813e+02
-2.6402197491417104e+02
-3.0800000001107014e+02
-3.5200001676523834e+02
-3.9602204189650206e+02
-4.4006609214551565e+02
-3.9600000104963726e+02
-3.5195595183058720e+02
-3.0800000001123948e+02
-2.6400000001131360e+02
-2.2002199165496373e+02
-1.7600000001116163e+02
-1.3200001671773282e+02
-8.8000000001279403e+01
-4.4000000001223384e+01
-1.2450597167163637e-09
4.3999999998650594e+01
8.7999999998735873e+01
1.3197800835520891e+02
1.7599999998882578e+02
2.1999998327217619e+02
2.6397797492541883e+02
3.0799999998871357e+02
3.5200001667464795e+02
3.9597804170344119e+02
4.3993409177484915e+02
3.9599999989474611e+02
3.5204394973650210e+02
3.0799999998901040e+02
2.6399999998891286e+02
2.1997799162519635e+02
1.7599999998891650e+02
1.3200001672258816e+02
8.7999999998977671e+01
4.3999999998917332e+01
-1.1068431471955106e-09
