0.0000000000000000e+00
5.0535810150800434e-11
7.9867001703737321e-10
-8.8026395317879636e-03
8.1494034044474758e-09
5.2992053962227998e-06
-8.7920462722918952e-03
-2.2995603662026983e-03
1.2472032839867797e-08
3.8342008169709192e-07
3.9184205611784810e-07
7.3920142367231837e-08
-8.7976054471389908e-03
8.3924462444350274e-09
-5.0145398231030138e-06
-8.8073941490393239e-03
8.2713379994527343e-09
4.7648098968627928e-06
9.3074746010605528e-10
9.5161909359899600e-10
1.0001680973197395e-09
1.0326681940204939e-09
1.0435262822352649e-09
-8.7973601918986226e-03
8.2543231494540726e-09
-5.2597973804137911e-06
-8.8078845868989064e-03
8.2079565016703680e-09
5.2551808081926085e-06
-2.4302307058240120e-02
-1.1680154950483780e-02
7.8151430255423296e-08
2.8795858042060711e-03
-3.0469144205964999e-03
1.6758636649552603e-10
-5.7437107145368715e-03
-2.0283322542504829e-02
9.0105669817626822e-09
-4.6743570550839090e-09
4.9977576327864589e-10
4.6017207116855980e-10
4.8124464266729856e-10
5.2299530599672826e-10
-8.8026405776842950e-03
7.8701427155519082e-09
5.2997693727148017e-06
-8.7920450700213985e-03
7.8286824274834082e-09
-5.3051240806411179e-06
-8.8132638436085164e-03
-2.6429155271968426e-02
7.8125976875241291e-07
1.7617492187458252e-02
7.7039631087219451e-09
7.6834720108934756e-09
-8.7973535201617825e-03
7.6551624494902543e-09
-5.2678586436803013e-06
2.5394787735886390e-10
2.6448844979482385e-10
2.5030785756301757e-10
2.0773389853405725e-10
1.4519564506007095e-10
-8.7973611165413478e-03
7.4885955883008953e-09
-5.2605307009364049e-06
-8.8078851539868715e-03
7.6191979555262808e-09
5.2546821693492239e-06
-8.7868642763351754e-03
-2.6371075749118175e-02
7.6403215375291961e-08
1.7584402262982298e-02
7.6539631037875939e-09
7.5691349371152911e-09
-8.8026336496475274e-03
7.5971763230476276e-09
5.2922330076751250e-06
1.7011568547303286e-10
1.2818140341407132e-10
2.3858263944183071e-10
2.3282098553261061e-10
2.3858403779922019e-10
-8.8026410213678866e-03
7.5603362457677254e-09
5.2995065130369536e-06
-8.7920451641211265e-03
7.5154946932835121e-09
-5.3056309913340469e-06
-8.8132644370903269e-03
-2.6429156070662926e-02
7.8118080069026838e-07
1.7617492675815433e-02
7.6255115384239437e-09
7.7101261159013294e-09
-8.7973534886590325e-03
7.7717127586242830e-09
-5.2676521690273456e-06
4.9595388612465634e-10
4.1873387491029129e-10
4.8905247183503983e-10
5.9772247877064931e-10
5.5909369959817936e-10
-8.7973605794769340e-03
8.0431371234809861e-09
-5.2598813966552902e-06
-8.8078844944393525e-03
8.3266269890611511e-09
5.2552100982148839e-06
-8.7868636859848824e-03
-2.6371075176168199e-02
7.6875802315356179e-08
1.7584402486886874e-02
8.2289237442055387e-09
8.1440071449782095e-09
-8.8026332010408877e-03
8.0896961311899922e-09
5.2928596986068871e-06
8.2400691807861439e-10
8.4069633214621501e-10
7.1915791798931384e-10
7.0151546632243271e-10
7.2299375420544575e-10
-8.8026404966842983e-03
8.1568137994150626e-09
5.3002241233288851e-06
-8.7920444655396647e-03
8.2775291186801621e-09
-5.3048781776804408e-06
-8.8132636863944135e-03
-2.6429155361681889e-02
7.8165516788925083e-07
1.7617492937041988e-02
8.0981215212354202e-09
7.9781085042320729e-09
-8.7973532781355727e-03
8.1362763262823434e-09
-5.2674136306907124e-06
6.6309923681631463e-10
6.7549359203672958e-10
6.3174895749238722e-10
6.1103209264949043e-10
6.3362074867671581e-10
-8.7973604694002588e-03
8.1098478547859179e-09
-5.2599870594807456e-06
-8.8078848285893623e-03
8.0902841611594957e-09
5.2550475390354461e-06
-8.7868637303252419e-03
-2.6371075008418610e-02
7.6916966727876451e-08
1.7584402559404206e-02
8.2929811053590740e-09
8.2001322666527875e-09
-8.8026330145986684e-03
8.3363280307097632e-09
5.2928883604185138e-06
8.5320172608338289e-10
8.0638609605277212e-10
8.0943855810771138e-10
