0.0000000000000000e+00
4.4000000002331312e+01
8.8000000002138293e+01
1.3201320572442393e+02
1.7600000001958779e+02
2.1999998858827405e+02
2.6401318287029801e+02
3.0800090758112106e+02
3.5200000005210802e+02
3.9600000039655981e+02
4.4000000041160132e+02
3.9600000017215831e+02
3.5201319421515001e+02
3.0800000001958631e+02
2.6400001153746928e+02
2.2001321732885418e+02
1.7600000001964082e+02
1.3199998844170716e+02
8.8000000002222052e+01
4.4000000002161819e+01
2.1933313269094140e-09
4.3999999997838103e+01
8.7999999997804025e+01
1.3198680571543593e+02
1.7599999998048679e+02
2.1999998853209817e+02
2.6398678281023865e+02
3.0799999998042739e+02
3.5200001141922041e+02
3.9599026397415821e+02
4.3999521432063761e+02
3.9599999981331820e+02
3.5199158713023269e+02
3.0796996482596700e+02
2.6399999995871633e+02
2.2001684861417823e+02
1.7602049936342155e+02
1.3200000000240115e+02
8.7999999993654072e+01
4.3999999997922707e+01
2.0134634267444561e-09
4.4000000002062976e+01
8.8000000001986763e+01
1.3201320572438101e+02
1.7600000001940907e+02
2.1999998858780918e+02
2.6401318286978722e+02
3.0800000001934319e+02
3.5200001146028995e+02
3.9601322863274754e+02
4.4003966299000541e+02
3.9600000183125860e+02
3.5197356932371105e+02
3.0800000001944522e+02
2.6400000001938326e+02
2.2001319430174507e+02
1.7600000001932176e+02
1.3200001145037706e+02
8.8000000001981505e+01
4.4000000002018623e+01
1.9997246384321116e-09
4.3999999998042043e+01
8.7999999998089308e+01
1.3198680571571765e+02
1.7599999998074131e+02
2.1999998853235493e+02
2.6398678281053122e+02
3.0799999998064510e+02
3.5200001141934575e+02
3.9598682856673736e+02
4.3996046284922949e+02
3.9599999981779013e+02
3.5202636533457718e+02
3.0799999998063959e+02
2.6399999998064726e+02
2.1998679425817789e+02
1.7599999998057442e+02
1.3200001142949921e+02
8.7999999998062378e+01
4.3999999998115953e+01
1.9278057130493731e-09
4.4000000001956479e+01
8.8000000001931738e+01
1.3201320572436174e+02
1.7600000001941703e+02
2.1999998858787336e+02
2.6401318286980040e+02
3.0800000001930169e+02
3.5200001146029695e+02
3.9601322863275124e+02
4.4003966299000308e+02
3.9600000183138047e+02
3.5197356932378557e+02
3.0800000001948570e+02
2.6400000001946700e+02
2.2001319430187050e+02
1.7600000001948092e+02
1.3200001145046613e+02
8.8000000002067807e+01
4.4000000002063580e+01
2.0704746842604450e-09
4.3999999997911573e+01
8.7999999997964409e+01
1.3198680571552055e+02
1.7599999998057189e+02
2.1999998853212151e+02
2.6398678281026446e+02
3.0799999998055841e+02
3.5200001141943233e+02
3.9598682856696001e+02
4.3996046284968372e+02
3.9599999981774374e+02
3.5202636533405132e+02
3.0799999998064612e+02
2.6399999998051004e+02
2.1998679425802604e+02
1.7599999998046178e+02
1.3200001142947048e+02
8.7999999997955911e+01
4.3999999997949011e+01
2.0518191187509671e-09
4.4000000002020649e+01
8.8000000002005677e+01
1.3201320572445474e+02
1.7600000001946239e+02
2.1999998858794442e+02
2.6401318286987686e+02
3.0800000001949513e+02
3.5200001146046930e+02
3.9601322863293785e+02
4.4003966299027331e+02
3.9600000183147557e+02
3.5197356932380342e+02
3.0800000001953930e+02
2.6400000001951219e+02
2.2001319430191626e+02
1.7600000001950733e+02
1.3200001145054085e+02
8.8000000002141121e+01
4.4000000002086587e+01
2.0788366158303013e-09
4.3999999997847510e+01
8.7999999997906031e+01
1.3198680571548368e+02
1.7599999998047551e+02
2.1999998853192861e+02
2.6398678280996904e+02
3.0799999998041255e+02
3.5200001141942226e+02
3.9598682856705165e+02
4.3996046284981333e+02
3.9599999981759345e+02
3.5202636533360015e+02
3.0799999998053210e+02
2.6399999998048548e+02
2.1998679425798815e+02
1.7599999998036421e+02
1.3200001142947085e+02
8.7999999997939952e+01
4.3999999997926004e+01
2.1229367899413927e-09
