0.0000000000000000e+00
-3.1818181819013376e-04
-6.3636363636971867e-04
-9.5464672644260807e-04
-1.2727272727833796e-03
-1.5909090265510473e-03
-1.9091920521713645e-03
-2.2275764141299606e-03
-2.5454545456798203e-03
-1.7866884564300585e-02
-6.8146317789569102e-02
-1.1814654740087044e-01
-1.6814634954004684e-01
-2.1814617171081802e-01
-2.6814599389696853e-01
-3.1814581608217013e-01
-3.6814563826737323e-01
-4.1814546045257445e-01
-4.6814528263777677e-01
-5.1814510482297949e-01
-5.6814492700818187e-01
-6.1814474919338402e-01
-6.6814457137858518e-01
-7.1814439356378734e-01
-7.6814421574898928e-01
-8.1814403793419144e-01
-8.6814386011939249e-01
-9.1814368230459464e-01
-9.6814350448979614e-01
-1.0181433266749984e+00
-1.0681431488602007e+00
-1.1181429710454018e+00
-1.1681427932306034e+00
-1.2181426154158059e+00
-1.2681424376010066e+00
-1.3181422597862102e+00
-1.3681420819714121e+00
-1.4181419041566130e+00
-1.4681417263418146e+00
-1.5181415485270167e+00
-1.5681413707122189e+00
-1.6181411928974196e+00
-1.6681410150826230e+00
-1.7181408372678251e+00
-1.7681406594530258e+00
-1.8181404816382276e+00
-1.8681403038234294e+00
-1.9181401260086315e+00
-1.9681399481938335e+00
-2.0181397703790367e+00
-2.0681395925642385e+00
-2.1181394147494403e+00
-2.1681392369346413e+00
-2.2181390591198418e+00
-2.2681388813050436e+00
-2.3181387034902454e+00
-2.3681385256754464e+00
-2.4181383478606482e+00
-2.4681381700458505e+00
-2.5181379922310527e+00
-2.5681378144162550e+00
-2.6181376366014550e+00
-2.6681374587866564e+00
-2.7181372809718596e+00
-2.7681371031570605e+00
-2.8181369253422610e+00
-2.8681367475274615e+00
-2.9181365697126660e+00
-2.9681363918978660e+00
-3.0181362140830688e+00
-3.0681360362682701e+00
-3.1181358584534729e+00
-3.1681356806386738e+00
-3.2181355028238769e+00
-3.2681353250090792e+00
-3.3181351471942797e+00
-3.3681349693794824e+00
-3.4181347915646825e+00
-3.4681346137498861e+00
-3.5181344359350848e+00
-3.5681342581202893e+00
-3.6181340803054929e+00
-3.6681339024906929e+00
-3.7181337246758925e+00
-3.7681335468610979e+00
-3.8181333690462980e+00
-3.8681331912314940e+00
-3.9181330134166972e+00
-3.9681328356018932e+00
-4.0181326577871008e+00
-4.0681324799722915e+00
-4.1181323021574983e+00
-4.1681321243426961e+00
-4.2181319465279001e+00
-4.2681317687131051e+00
-4.3181315908982967e+00
-4.3681314130835069e+00
-4.4181312352687092e+00
-4.4681310574538919e+00
-4.5181308796390898e+00
-4.5681307018242672e+00
-4.6181305240094801e+00
-4.6681303461946682e+00
-4.7181301683799077e+00
-4.7681299905650967e+00
-4.8181298127503140e+00
-4.8681296349355341e+00
-4.9181294571207212e+00
-4.9681292793059599e+00
-5.0181291014911595e+00
-5.0681289236763085e+00
-5.1181287458616440e+00
-5.1681285680468010e+00
-5.2181283902319970e+00
-5.2681282124172810e+00
-5.3181280346024256e+00
-5.3681278567878401e+00
-5.4181276789733896e+00
-5.4681275011585422e+00
-5.5181273233437960e+00
-5.5681271455287451e+00
-5.6181269677133940e+00
-5.6681267898990040e+00
-5.7181266120845207e+00
-5.7681264342696386e+00
-5.8181262564542102e+00
-5.8681260786395617e+00
-5.9181259008253786e+00
-5.9681257230092717e+00
-6.0181255451918387e+00
-6.0681253673793334e+00
-6.1181251895633189e+00
-6.1681250117467048e+00
-6.2181248339317845e+00
-6.2681246561169690e+00
-6.3181244783013772e+00
-6.3681243004852899e+00
-6.4181241226727792e+00
-6.4681239448550860e+00
-6.5181237670405467e+00
-6.5681235892293124e+00
-6.6181234114181837e+00
-6.6681232336055158e+00
-6.7181230557965739e+00
-6.7681228779841307e+00
-6.8181227001794493e+00
-6.8681225223611992e+00
-6.9181223445566937e+00
-6.9681221667496702e+00
-7.0181219889403357e+00
-7.0681218111512694e+00
-7.1181216333933701e+00
-7.1681214556437567e+00
-7.2181212778210666e+00
-7.2681211000640431e+00
-7.3181209222899506e+00
-7.3681207445626438e+00
-7.4181205667973025e+00
-7.4681203890296741e+00
-7.5181202113309231e+00
-7.5681200333274266e+00
