0.0000000000000000e+00
7.9545454547507379e-05
1.5909090909433182e-04
2.3863003666529578e-04
3.1818181821517054e-04
3.9772727178164521e-04
4.7726639837237546e-04
5.5679919899378420e-04
6.3636363649420319e-04
8.2175299854343482e-03
3.3277843736463281e-02
5.8277727552315715e-02
8.3277658935636600e-02
1.0827757006090556e-01
1.3327748115245308e-01
1.5827739224505222e-01
1.8327730333765466e-01
2.0827721443025601e-01
2.3327712552285679e-01
2.5827703661545781e-01
2.8327694770805928e-01
3.0827685880065953e-01
3.3327676989325983e-01
3.5827668098586118e-01
3.8327659207846243e-01
4.0827650317106223e-01
4.3327641426366359e-01
4.5827632535626472e-01
4.8327623644886553e-01
5.0827614754146655e-01
5.3327605863406680e-01
5.5827596972666715e-01
5.8327588081926685e-01
6.0827579191186776e-01
6.3327570300446878e-01
6.5827561409706903e-01
6.8327552518967050e-01
7.0827543628227096e-01
7.3327534737487177e-01
7.5827525846747124e-01
7.8327516956007337e-01
8.0827508065267373e-01
8.3327499174527420e-01
8.5827490283787689e-01
8.8327481393047635e-01
9.0827472502307582e-01
9.3327463611567885e-01
9.5827454720827832e-01
9.8327445830087834e-01
1.0082743693934790e+00
1.0332742804860802e+00
1.0582741915786795e+00
1.0832741026712809e+00
1.1082740137638818e+00
1.1332739248564807e+00
1.1582738359490823e+00
1.1832737470416816e+00
1.2082736581342828e+00
1.2332735692268808e+00
1.2582734803194811e+00
1.2832733914120822e+00
1.3082733025046818e+00
1.3332732135972836e+00
1.3582731246898834e+00
1.3832730357824841e+00
1.4082729468750852e+00
1.4332728579676837e+00
1.4582727690602850e+00
1.4832726801528828e+00
1.5082725912454835e+00
1.5332725023380831e+00
1.5582724134306858e+00
1.5832723245232860e+00
1.6082722356158830e+00
1.6332721467084861e+00
1.6582720578010854e+00
1.6832719688936857e+00
1.7082718799862857e+00
1.7332717910788868e+00
1.7582717021714875e+00
1.7832716132640860e+00
1.8082715243566867e+00
1.8332714354492867e+00
1.8582713465418892e+00
1.8832712576344877e+00
1.9082711687270886e+00
1.9332710798196853e+00
1.9582709909122844e+00
1.9832709020048851e+00
2.0082708130974845e+00
2.0332707241900883e+00
2.0582706352826903e+00
2.0832705463752914e+00
2.1082704574678997e+00
2.1332703685604986e+00
2.1582702796530921e+00
2.1832701907457066e+00
2.2082701018383086e+00
2.2332700129308884e+00
2.2582699240234856e+00
2.2832698351160707e+00
2.3082697462086625e+00
2.3332696573012495e+00
2.3582695683938533e+00
2.3832694794864442e+00
2.4082693905790427e+00
2.4332693016716647e+00
2.4582692127642352e+00
2.4832691238569247e+00
2.5082690349495178e+00
2.5332689460421758e+00
2.5582688571348897e+00
2.5832687682274140e+00
2.6082686793200418e+00
2.6332685904126656e+00
2.6582685015051393e+00
2.6832684125978381e+00
2.7082683236906884e+00
2.7332682347834281e+00
2.7582681458759226e+00
2.7832680569683075e+00
2.8082679680606395e+00
2.8332678791535564e+00
2.8582677902462441e+00
2.8832677013387142e+00
2.9082676124308988e+00
2.9332675235234280e+00
2.9582674346161477e+00
2.9832673457084233e+00
3.0082672568002495e+00
3.0332671678941159e+00
3.0582670789853363e+00
3.0832669900753578e+00
3.1082669011682591e+00
3.1332668122608212e+00
3.1582667233507014e+00
3.1832666344463623e+00
3.2082665455378114e+00
3.2332664566278719e+00
3.2582663677215735e+00
3.2832662788121221e+00
3.3082661899045345e+00
3.3332661010004245e+00
3.3582660120915984e+00
3.3832659231933473e+00
3.4082658342877261e+00
3.4332657453872923e+00
3.4582656564969465e+00
3.4832655676025990e+00
3.5082654786977781e+00
3.5332653897934740e+00
3.5582653009181930e+00
3.5832652120230462e+00
3.6082651231192955e+00
3.6332650342476867e+00
3.6582649453421907e+00
3.6832648564662946e+00
3.7082647675102947e+00
3.7332646785483878e+00
3.7582645897214135e+00
3.7832645007479511e+00
