0.0000000000000000e+00
7.9545454547507379e-05
1.5909090909433182e-04
2.3863003666516758e-04
3.1818181821536521e-04
3.9772727178236003e-04
4.7726639837309884e-04
5.5679919899454325e-04
6.3636363649460651e-04
8.2175299854348027e-03
3.3277843736463031e-02
5.8277727552315708e-02
8.3277658935636809e-02
1.0827757006090588e-01
1.3327748115245294e-01
1.5827739224505405e-01
1.8327730333765477e-01
2.0827721443025637e-01
2.3327712552285718e-01
2.5827703661545859e-01
2.8327694770806006e-01
3.0827685880066080e-01
3.3327676989326172e-01
3.5827668098586324e-01
3.8327659207846443e-01
4.0827650317106540e-01
4.3327641426366603e-01
4.5827632535626683e-01
4.8327623644886758e-01
5.0827614754146921e-01
5.3327605863406990e-01
5.5827596972667148e-01
5.8327588081927195e-01
6.0827579191187398e-01
6.3327570300447478e-01
6.5827561409707513e-01
6.8327552518967771e-01
7.0827543628227818e-01
7.3327534737487965e-01
7.5827525846747967e-01
7.8327516956008170e-01
8.0827508065268328e-01
8.3327499174528297e-01
8.5827490283788599e-01
8.8327481393048679e-01
9.0827472502308826e-01
9.3327463611569073e-01
9.5827454720829108e-01
9.8327445830089211e-01
1.0082743693934937e+00
1.0332742804860950e+00
1.0582741915786964e+00
1.0832741026712975e+00
1.1082740137638987e+00
1.1332739248565002e+00
1.1582738359491020e+00
1.1832737470417030e+00
1.2082736581343045e+00
1.2332735692269046e+00
1.2582734803195053e+00
1.2832733914121064e+00
1.3082733025047084e+00
1.3332732135973107e+00
1.3582731246899120e+00
1.3832730357825140e+00
1.4082729468751156e+00
1.4332728579677148e+00
1.4582727690603186e+00
1.4832726801529197e+00
1.5082725912455206e+00
1.5332725023381215e+00
1.5582724134307246e+00
1.5832723245233262e+00
1.6082722356159258e+00
1.6332721467085292e+00
1.6582720578011292e+00
1.6832719688937325e+00
1.7082718799863330e+00
1.7332717910789337e+00
1.7582717021715353e+00
1.7832716132641373e+00
1.8082715243567389e+00
1.8332714354493387e+00
1.8582713465419420e+00
1.8832712576345443e+00
1.9082711687271472e+00
1.9332710798197437e+00
1.9582709909123488e+00
1.9832709020049473e+00
2.0082708130975471e+00
2.0332707241901473e+00
2.0582706352827471e+00
2.0832705463753465e+00
2.1082704574679441e+00
2.1332703685605443e+00
2.1582702796531397e+00
2.1832701907457372e+00
2.2082701018383482e+00
2.2332700129309369e+00
2.2582699240235407e+00
2.2832698351161298e+00
2.3082697462087500e+00
2.3332696573013525e+00
2.3582695683939927e+00
2.3832694794865934e+00
2.4082693905792061e+00
2.4332693016718170e+00
2.4582692127644226e+00
2.4832691238569788e+00
2.5082690349495951e+00
2.5332689460420754e+00
2.5582688571347023e+00
2.5832687682273368e+00
2.6082686793198993e+00
2.6332685904125492e+00
2.6582685015052299e+00
2.6832684125979531e+00
2.7082683236906395e+00
2.7332682347830519e+00
2.7582681458758054e+00
2.7832680569683657e+00
2.8082679680606799e+00
2.8332678791534023e+00
2.8582677902462170e+00
2.8832677013388492e+00
2.9082676124312270e+00
2.9332675235240728e+00
2.9582674346171953e+00
2.9832673457087853e+00
3.0082672567995150e+00
3.0332671678931726e+00
3.0582670789858812e+00
3.0832669900792653e+00
3.1082669011714366e+00
3.1332668122640914e+00
3.1582667233585915e+00
3.1832666344468330e+00
3.2082665455429682e+00
3.2332664566351563e+00
3.2582663677268888e+00
3.2832662788251414e+00
3.3082661899216079e+00
3.3332661010130438e+00
3.3582660121129715e+00
3.3832659231987408e+00
3.4082658342997485e+00
3.4332657453818607e+00
3.4582656564677619e+00
3.4832655675550783e+00
3.5082654786506637e+00
3.5332653897660595e+00
3.5582653008837584e+00
3.5832652120293522e+00
3.6082651231097831e+00
3.6332650342248547e+00
3.6582649453561205e+00
3.6832648565052204e+00
3.7082647676954883e+00
3.7332646788893449e+00
3.7582645900184168e+00
3.7832645009858572e+00
