0.0000000000000000e+00
0.0000000000000000e+00
0.0000000000000000e+00
0.0000000000000000e+00
0.0000000000000000e+00
0.0000000000000000e+00
0.0000000000000000e+00
0.0000000000000000e+00
0.0000000000000000e+00
1.5003221656967913e-02
6.4964882977051455e-02
1.1496466976584573e-01
1.6496449184681211e-01
2.1496431404329688e-01
2.6496413622851400e-01
3.1496395841371549e-01
3.6496378059891860e-01
4.1496360278412037e-01
4.6496342496932286e-01
5.1496324715452502e-01
5.6496306933972718e-01
6.1496289152492889e-01
6.6496271371013083e-01
7.1496253589533287e-01
7.6496235808053470e-01
8.1496218026573608e-01
8.6496200245093779e-01
9.1496182463613973e-01
9.6496164682134133e-01
1.0149614690065438e+00
1.0649612911917454e+00
1.1149611133769461e+00
1.1649609355621480e+00
1.2149607577473498e+00
1.2649605799325512e+00
1.3149604021177539e+00
1.3649602243029562e+00
1.4149600464881573e+00
1.4649598686733600e+00
1.5149596908585612e+00
1.5649595130437635e+00
1.6149593352289646e+00
1.6649591574141671e+00
1.7149589795993674e+00
1.7649588017845701e+00
1.8149586239697724e+00
1.8649584461549740e+00
1.9149582683401758e+00
1.9649580905253772e+00
2.0149579127105803e+00
2.0649577348957822e+00
2.1149575570809835e+00
2.1649573792661858e+00
2.2149572014513872e+00
2.2649570236365881e+00
2.3149568458217904e+00
2.3649566680069931e+00
2.4149564901921936e+00
2.4649563123773959e+00
2.5149561345625981e+00
2.5649559567477995e+00
2.6149557789330022e+00
2.6649556011182014e+00
2.7149554233034046e+00
2.7649552454886051e+00
2.8149550676738078e+00
2.8649548898590078e+00
2.9149547120442119e+00
2.9649545342294119e+00
3.0149543564146142e+00
3.0649541785998160e+00
3.1149540007850178e+00
3.1649538229702210e+00
3.2149536451554206e+00
3.2649534673406224e+00
3.3149532895258251e+00
3.3649531117110252e+00
3.4149529338962274e+00
3.4649527560814279e+00
3.5149525782666298e+00
3.5649524004518334e+00
3.6149522226370361e+00
3.6649520448222375e+00
3.7149518670074384e+00
3.7649516891926402e+00
3.8149515113778434e+00
3.8649513335630381e+00
3.9149511557482395e+00
3.9649509779334382e+00
4.0149508001186414e+00
4.0649506223038383e+00
4.1149504444890415e+00
4.1649502666742420e+00
4.2149500888594407e+00
4.2649499110446474e+00
4.3149497332298390e+00
4.3649495554150466e+00
4.4149493776002542e+00
4.4649491997854325e+00
4.5149490219706330e+00
4.5649488441558086e+00
4.6149486663410189e+00
4.6649484885262105e+00
4.7149483107114465e+00
4.7649481328966337e+00
4.8149479550818519e+00
4.8649477772670746e+00
4.9149475994522609e+00
4.9649474216374978e+00
5.0149472438226983e+00
5.0649470660078482e+00
5.1149468881931837e+00
5.1649467103783406e+00
5.2149465325635358e+00
5.2649463547488180e+00
5.3149461769339679e+00
5.3649459991193806e+00
5.4149458213049266e+00
5.4649456434900827e+00
5.5149454656753329e+00
5.5649452878602803e+00
5.6149451100449372e+00
5.6649449322305445e+00
5.7149447544160568e+00
5.7649445766011773e+00
5.8149443987857445e+00
5.8649442209710969e+00
5.9149440431569236e+00
5.9649438653408211e+00
6.0149436875233917e+00
6.0649435097108588e+00
6.1149433318948532e+00
6.1649431540782498e+00
6.2149429762633197e+00
6.2649427984485158e+00
6.3149426206329196e+00
6.3649424428168269e+00
6.4149422650043224e+00
6.4649420871866514e+00
6.5149419093720793e+00
6.5649417315608263e+00
6.6149415537497021e+00
6.6649413759370404e+00
6.7149411981280940e+00
6.7649410203156570e+00
6.8149408425109428e+00
6.8649406646927700e+00
6.9149404868881827e+00
6.9649403090811726e+00
7.0149401312718940e+00
7.0649399534827264e+00
7.1149397757246957e+00
7.1649395979750388e+00
7.2149394201526871e+00
7.2649392423953394e+00
7.3149390646213224e+00
7.3649388868938335e+00
7.4149387091286476e+00
7.4649385313608985e+00
7.5149383536619112e+00
7.5649381756598704e+00
