0.0000000000000000e+00
-4.5937191153597474e-12
3.3845626014860897e-10
-5.5695103916527638e-03
3.4463623492018332e-09
2.6654550985419521e-06
-5.5641818773666434e-03
-1.6703198658263505e-02
1.3187019824698289e-08
6.0370074018848406e-04
7.6638862746952769e-03
-1.3506127864663799e-02
-9.0483496638816049e-03
-9.0424616522613820e-03
-9.0426895073070848e-03
-9.0426896411188191e-03
-9.0426896044734743e-03
-9.0426895558423353e-03
-9.0426896296179546e-03
-9.0426896761332115e-03
-9.0426896416439268e-03
-9.0426896121750013e-03
-9.0426895844685461e-03
-9.0426895514738662e-03
-9.0426895460553915e-03
-9.0426896184046292e-03
-9.0426896139029940e-03
-9.0426896066511161e-03
-9.0426895980249469e-03
-9.0426896267332760e-03
-9.0426896174017508e-03
-9.0426896317689267e-03
-9.0426896499229883e-03
-9.0426896950185544e-03
-9.0426896322514105e-03
-9.0426896152735869e-03
-9.0426895639434141e-03
-9.0426895292811307e-03
-9.0426895684098049e-03
-9.0426895847031605e-03
-9.0426895925062364e-03
-9.0426895074203831e-03
-9.0426895061208358e-03
-9.0426894950941892e-03
-9.0426894523121890e-03
-9.0426894878208718e-03
-9.0426894456626904e-03
-9.0426894989830524e-03
-9.0426894861168339e-03
-9.0426895498244425e-03
-9.0426895737438073e-03
-9.0426894516185217e-03
-9.0426895024476733e-03
-9.0426894396071333e-03
-9.0426894774147289e-03
-9.0426894726364192e-03
-9.0426894787147168e-03
-9.0426895182971929e-03
-9.0426895229258879e-03
-9.0426896104452478e-03
-9.0426895281528058e-03
-9.0426895764970268e-03
-9.0426895396517847e-03
-9.0426896751207211e-03
-9.0426895183083524e-03
-9.0426895466031512e-03
-9.0426894603612088e-03
-9.0426895025917994e-03
-9.0426894255728387e-03
-9.0426895196311363e-03
-9.0426896201419808e-03
-9.0426896152775958e-03
-9.0426895029861142e-03
-9.0426895698088143e-03
-9.0426897335473405e-03
-9.0426897695557902e-03
-9.0426896313336828e-03
-9.0426897054987770e-03
-9.0426896956863848e-03
-9.0426894895296716e-03
-9.0426896530207135e-03
-9.0426898591364907e-03
-9.0426895911502291e-03
-9.0426895906739815e-03
-9.0426895249953853e-03
-9.0426896128203947e-03
-9.0426895299251832e-03
-9.0426896483192087e-03
-9.0426896348646882e-03
-9.0426896862730501e-03
-9.0426893099669128e-03
-9.0426893780445970e-03
-9.0426893474165448e-03
-9.0426893670419433e-03
-9.0426896375019952e-03
-9.0426896856544356e-03
-9.0426896162338552e-03
-9.0426890854048633e-03
-9.0426896492092953e-03
-9.0426895982791446e-03
-9.0426894937417502e-03
-9.0426896555522059e-03
-9.0426898176755865e-03
-9.0426892215425408e-03
-9.0426893881330617e-03
-9.0426895952844984e-03
-9.0426888465604885e-03
-9.0426897861493171e-03
-9.0426893796820527e-03
-9.0426886634314262e-03
-9.0426893335087844e-03
-9.0426892626421507e-03
-9.0426885661356645e-03
-9.0426889508072733e-03
-9.0426899069703786e-03
-9.0426885734125884e-03
-9.0426883977680061e-03
-9.0426897645180977e-03
-9.0426904751382091e-03
-9.0426895294567315e-03
-9.0426899444403155e-03
-9.0426899751141227e-03
-9.0426890834314749e-03
-9.0426892030531451e-03
-9.0426904774363569e-03
-9.0426908406086946e-03
-9.0426887923737119e-03
-9.0426864250416471e-03
-9.0426914373908651e-03
-9.0426937340160191e-03
-9.0426884872428018e-03
-9.0426889462461545e-03
-9.0426840278831980e-03
-9.0426923864996428e-03
-9.0426889121633502e-03
-9.0426816450308901e-03
-9.0427082993358547e-03
-9.0426746337339166e-03
-9.0426850014445302e-03
-9.0426953395424461e-03
-9.0426706559375153e-03
-9.0426773015499402e-03
-9.0426973239554603e-03
-9.0426646596355534e-03
-9.0427220399992934e-03
-9.0426675178760171e-03
-9.0427274372816696e-03
-9.0427350088274436e-03
-9.0427255592827119e-03
-9.0426770294832585e-03
-9.0426140366104430e-03
-9.0426371235519960e-03
-9.0425263086521164e-03
-9.0427167875122526e-03
-9.0426601541143733e-03
-9.0425651711085898e-03
-9.0425323443634863e-03
-9.0423066749655279e-03
-9.0423032381239336e-03
-9.0426588391880162e-03
-9.0430009913064126e-03
