0.0000000000000000e+00
-3.5000000000916984e+01
-7.0000000000498062e+01
-1.0501392466388170e+02
-1.4000000000446187e+02
-1.7499999158791027e+02
-2.1001390782981207e+02
-2.4504175715365102e+02
-2.8000000001821604e+02
-3.1500261795623135e+02
-3.4995399743380824e+02
-3.5001329291665928e+02
-3.5000887043062369e+02
-3.5000886465813693e+02
-3.5000886487472269e+02
-3.5000886487484331e+02
-3.5000886487480534e+02
-3.5000886487475447e+02
-3.5000886487482978e+02
-3.5000886487487651e+02
-3.5000886487484308e+02
-3.5000886487481523e+02
-3.5000886487478584e+02
-3.5000886487475321e+02
-3.5000886487474975e+02
-3.5000886487482489e+02
-3.5000886487481444e+02
-3.5000886487480489e+02
-3.5000886487480062e+02
-3.5000886487482546e+02
-3.5000886487481864e+02
-3.5000886487483484e+02
-3.5000886487485110e+02
-3.5000886487489828e+02
-3.5000886487483206e+02
-3.5000886487481887e+02
-3.5000886487476566e+02
-3.5000886487473031e+02
-3.5000886487476834e+02
-3.5000886487478687e+02
-3.5000886487479573e+02
-3.5000886487470746e+02
-3.5000886487470950e+02
-3.5000886487469609e+02
-3.5000886487465601e+02
-3.5000886487469313e+02
-3.5000886487465220e+02
-3.5000886487470234e+02
-3.5000886487469131e+02
-3.5000886487475191e+02
-3.5000886487477976e+02
-3.5000886487465374e+02
-3.5000886487470410e+02
-3.5000886487464356e+02
-3.5000886487468239e+02
-3.5000886487467778e+02
-3.5000886487468233e+02
-3.5000886487471922e+02
-3.5000886487472917e+02
-3.5000886487481552e+02
-3.5000886487472985e+02
-3.5000886487477783e+02
-3.5000886487474679e+02
-3.5000886487488071e+02
-3.5000886487472258e+02
-3.5000886487474980e+02
-3.5000886487466198e+02
-3.5000886487470871e+02
-3.5000886487462719e+02
-3.5000886487472775e+02
-3.5000886487482603e+02
-3.5000886487481836e+02
-3.5000886487470819e+02
-3.5000886487477430e+02
-3.5000886487493977e+02
-3.5000886487497132e+02
-3.5000886487483672e+02
-3.5000886487490970e+02
-3.5000886487489936e+02
-3.5000886487469069e+02
-3.5000886487486099e+02
-3.5000886487506028e+02
-3.5000886487479448e+02
-3.5000886487479153e+02
-3.5000886487473531e+02
-3.5000886487481603e+02
-3.5000886487473286e+02
-3.5000886487486019e+02
-3.5000886487482779e+02
-3.5000886487488646e+02
-3.5000886487450060e+02
-3.5000886487457240e+02
-3.5000886487454289e+02
-3.5000886487455500e+02
-3.5000886487483604e+02
-3.5000886487487702e+02
-3.5000886487479175e+02
-3.5000886487430580e+02
-3.5000886487485155e+02
-3.5000886487481409e+02
-3.5000886487467892e+02
-3.5000886487492573e+02
-3.5000886487504243e+02
-3.5000886487454227e+02
-3.5000886487460406e+02
-3.5000886487484428e+02
-3.5000886487404932e+02
-3.5000886487504795e+02
-3.5000886487432723e+02
-3.5000886487390261e+02
-3.5000886487408286e+02
-3.5000886487438362e+02
-3.5000886487396212e+02
-3.5000886487400942e+02
-3.5000886487524537e+02
-3.5000886487418813e+02
-3.5000886487388652e+02
-3.5000886487494427e+02
-3.5000886487489134e+02
-3.5000886487531534e+02
-3.5000886487530738e+02
-3.5000886487461202e+02
-3.5000886487425839e+02
-3.5000886487497775e+02
-3.5000886487596460e+02
-3.5000886487585456e+02
-3.5000886487487242e+02
-3.5000886487317774e+02
-3.5000886487386663e+02
-3.5000886487379597e+02
-3.5000886487536741e+02
-3.5000886487620659e+02
-3.5000886487503942e+02
-3.5000886487622375e+02
-3.5000886487424555e+02
-3.5000886487629697e+02
-3.5000886487628321e+02
-3.5000886487170641e+02
-3.5000886487252961e+02
-3.5000886487666793e+02
-3.5000886487627167e+02
-3.5000886487599280e+02
-3.5000886487528874e+02
-3.5000886487463788e+02
-3.5000886487515078e+02
-3.5000886487575633e+02
-3.5000886487124006e+02
-3.5000886487587371e+02
-3.5000886487517334e+02
-3.5000886486646573e+02
-3.5000886486845485e+02
-3.5000886486573131e+02
-3.5000886486625467e+02
-3.5000886486390215e+02
-3.5000886487174569e+02
-3.5000886487105367e+02
-3.5000886486426384e+02
-3.5000886486858110e+02
-3.5000886489711701e+02
-3.5000886488066226e+02
-3.5000886486399230e+02
