2.9999999999999983e+02
2.9999999999999983e+02
2.9999999999999983e+02
2.9999999999999983e+02
2.9999999999999983e+02
2.9999999999999983e+02
2.9999999999999983e+02
2.9999999999999983e+02
2.9999999999999983e+02
3.1500322165696764e+02
3.4996166132008329e+02
3.4999978678879404e+02
3.4999982208096623e+02
3.4999982219648450e+02
3.4999982218521689e+02
3.4999982218520131e+02
3.4999982218520290e+02
3.4999982218520165e+02
3.4999982218520188e+02
3.4999982218520171e+02
3.4999982218520245e+02
3.4999982218520165e+02
3.4999982218520142e+02
3.4999982218520216e+02
3.4999982218520182e+02
3.4999982218520142e+02
3.4999982218520120e+02
3.4999982218520177e+02
3.4999982218520165e+02
3.4999982218520177e+02
3.4999982218520171e+02
3.4999982218520080e+02
3.4999982218520171e+02
3.4999982218520199e+02
3.4999982218520057e+02
3.4999982218520245e+02
3.4999982218520222e+02
3.4999982218520080e+02
3.4999982218520194e+02
3.4999982218520165e+02
3.4999982218520177e+02
3.4999982218520091e+02
3.4999982218520222e+02
3.4999982218520137e+02
3.4999982218520154e+02
3.4999982218520199e+02
3.4999982218520159e+02
3.4999982218520216e+02
3.4999982218520154e+02
3.4999982218520188e+02
3.4999982218520211e+02
3.4999982218520159e+02
3.4999982218520108e+02
3.4999982218520074e+02
3.4999982218520165e+02
3.4999982218520103e+02
3.4999982218520216e+02
3.4999982218520103e+02
3.4999982218520137e+02
3.4999982218520177e+02
3.4999982218520097e+02
3.4999982218520137e+02
3.4999982218520142e+02
3.4999982218520233e+02
3.4999982218520046e+02
3.4999982218520103e+02
3.4999982218520182e+02
3.4999982218520267e+02
3.4999982218519978e+02
3.4999982218520211e+02
3.4999982218520131e+02
3.4999982218520245e+02
3.4999982218520097e+02
3.4999982218520086e+02
3.4999982218520233e+02
3.4999982218520205e+02
3.4999982218520074e+02
3.4999982218520114e+02
3.4999982218520154e+02
3.4999982218520068e+02
3.4999982218520245e+02
3.4999982218520324e+02
3.4999982218520074e+02
3.4999982218520108e+02
3.4999982218520216e+02
3.4999982218519995e+02
3.4999982218519744e+02
3.4999982218520154e+02
3.4999982218519773e+02
3.4999982218520529e+02
3.4999982218519420e+02
3.4999982218520387e+02
3.4999982218520040e+02
3.4999982218520114e+02
3.4999982218520518e+02
3.4999982218519068e+02
3.4999982218520915e+02
3.4999982218520398e+02
3.4999982218518096e+02
3.4999982218519955e+02
3.4999982218517539e+02
3.4999982218521183e+02
3.4999982218519142e+02
3.4999982218523655e+02
3.4999982218518727e+02
3.4999982218521751e+02
3.4999982218522348e+02
3.4999982218518687e+02
3.4999982218523837e+02
3.4999982218520182e+02
3.4999982218514776e+02
3.4999982218533438e+02
3.4999982218515737e+02
3.4999982218519312e+02
3.4999982218528135e+02
3.4999982218514822e+02
3.4999982218541334e+02
3.4999982218554504e+02
3.4999982218515510e+02
3.4999982218525179e+02
3.4999982218494665e+02
3.4999982218465527e+02
3.4999982218560666e+02
3.4999982218551440e+02
3.4999982218511758e+02
3.4999982218456881e+02
3.4999982218535462e+02
3.4999982218582159e+02
3.4999982218389880e+02
3.4999982218257247e+02
3.4999982218746732e+02
3.4999982218399248e+02
3.4999982218339568e+02
3.4999982218506733e+02
3.4999982218519705e+02
3.4999982218440215e+02
3.4999982218391079e+02
3.4999982218749500e+02
3.4999982218232725e+02
3.4999982218542766e+02
3.4999982218874925e+02
3.4999982218887192e+02
3.4999982218734021e+02
3.4999982219104891e+02
3.4999982218756838e+02
3.4999982219528539e+02
3.4999982218182731e+02
3.4999982219541056e+02
3.4999982219298977e+02
3.4999982219071671e+02
3.4999982221083326e+02
3.4999982224196827e+02
3.4999982225034483e+02
3.4999982217764932e+02
3.4999982224264897e+02
3.4999982222598578e+02
3.4999982227251127e+02
3.4999982223481334e+02
3.4999982223225078e+02
3.4999982230101148e+02
3.4999982199793646e+02
