0.0000000000000000e+00
-4.5937191153597474e-12
3.3845626014860897e-10
-5.5695103799396264e-03
3.4196507461057566e-09
2.6653900869497897e-06
-5.5641819439682938e-03
-1.6703198738410838e-02
1.3136702053900591e-08
6.0370073300938093e-04
7.6638862774014629e-03
-1.3506127863981685e-02
-9.0483496625619643e-03
-9.0424616539139212e-03
-9.0426895058982448e-03
-9.0426896489610234e-03
-9.0426895986836075e-03
-9.0426895564798548e-03
-9.0426896310431253e-03
-9.0426896765433591e-03
-9.0426896414002277e-03
-9.0426896150030359e-03
-9.0426895874467002e-03
-9.0426895520950585e-03
-9.0426895479576042e-03
-9.0426896219207575e-03
-9.0426896111299067e-03
-9.0426896061963687e-03
-9.0426895990176667e-03
-9.0426896275981692e-03
-9.0426896198479122e-03
-9.0426896359731539e-03
-9.0426896512932065e-03
-9.0426897002764267e-03
-9.0426896345474472e-03
-9.0426896144859392e-03
-9.0426895656019260e-03
-9.0426895318877626e-03
-9.0426895724862056e-03
-9.0426895852797548e-03
-9.0426895948022730e-03
-9.0426895085349498e-03
-9.0426895056437868e-03
-9.0426894970187053e-03
-9.0426894563053663e-03
-9.0426894937445379e-03
-9.0426894480805740e-03
-9.0426895042022993e-03
-9.0426894926557214e-03
-9.0426895510668376e-03
-9.0426895789407491e-03
-9.0426894537927061e-03
-9.0426895080933864e-03
-9.0426894452528463e-03
-9.0426894817571268e-03
-9.0426894771512400e-03
-9.0426894837006104e-03
-9.0426895252462298e-03
-9.0426895302301198e-03
-9.0426896168236577e-03
-9.0426895342532697e-03
-9.0426895821264178e-03
-9.0426895444712333e-03
-9.0426896800456947e-03
-9.0426895221796810e-03
-9.0426895543235051e-03
-9.0426894647259067e-03
-9.0426895093357641e-03
-9.0426894363768735e-03
-9.0426895272399926e-03
-9.0426896252111012e-03
-9.0426896175899562e-03
-9.0426895076837141e-03
-9.0426895766746208e-03
-9.0426897414221923e-03
-9.0426897729054771e-03
-9.0426896363255491e-03
-9.0426897146829218e-03
-9.0426896992351641e-03
-9.0426894927575063e-03
-9.0426896623772846e-03
-9.0426898618203768e-03
-9.0426895966354680e-03
-9.0426895945230068e-03
-9.0426895383734062e-03
-9.0426896220105173e-03
-9.0426895380720119e-03
-9.0426896688736401e-03
-9.0426896250784400e-03
-9.0426896777069006e-03
-9.0426893021350561e-03
-9.0426893603628000e-03
-9.0426893416027786e-03
-9.0426893388710766e-03
-9.0426896280116249e-03
-9.0426896846720652e-03
-9.0426895542061892e-03
-9.0426891179165234e-03
-9.0426896904774613e-03
-9.0426896287384689e-03
-9.0426895167961280e-03
-9.0426897745085454e-03
-9.0426898860920223e-03
-9.0426893889841119e-03
-9.0426894411430349e-03
-9.0426896586175160e-03
-9.0426888046699523e-03
-9.0426899388640868e-03
-9.0426888001247634e-03
-9.0426887352842780e-03
-9.0426885436331855e-03
-9.0426888369930548e-03
-9.0426890400920161e-03
-9.0426886729732849e-03
-9.0426900190275217e-03
-9.0426895036229173e-03
-9.0426885534364877e-03
-9.0426890367127401e-03
-9.0426889944458869e-03
-9.0426905995900659e-03
-9.0426907800536718e-03
-9.0426899375987881e-03
-9.0426882164753412e-03
-9.0426897195166819e-03
-9.0426912205861330e-03
-9.0426917320789568e-03
-9.0426902452615896e-03
-9.0426882902149355e-03
-9.0426884936148921e-03
-9.0426887142447711e-03
-9.0426873107509621e-03
-9.0426954777271702e-03
-9.0426992588308538e-03
-9.0426899292867687e-03
-9.0426891850185747e-03
-9.0427021445828940e-03
-9.0426764461637756e-03
-9.0426937921390827e-03
-9.0426954047907876e-03
-9.0426871399411045e-03
-9.0427043876396117e-03
-9.0426969443226698e-03
-9.0426785793484721e-03
-9.0427025137049186e-03
-9.0426531301142955e-03
-9.0426934242223995e-03
-9.0426513888426565e-03
-9.0426259173887798e-03
-9.0426388068438439e-03
-9.0426744658291293e-03
-9.0427012040409666e-03
-9.0426104026016564e-03
-9.0427055105132478e-03
-9.0426557187798760e-03
-9.0425980436064542e-03
-9.0427249649759362e-03
-9.0426511598762898e-03
-9.0429608654154642e-03
-9.0430264997127356e-03
-9.0425004548983067e-03
-9.0427311267966062e-03
