0.0000000000000000e+00
3.5000000000912415e+01
7.0000000000836536e+01
1.0500835515349588e+02
1.4000000000789487e+02
1.7499999425333277e+02
2.1000834364790137e+02
2.4502505395495271e+02
2.8000000003137774e+02
3.1500322165696775e+02
3.4996166132008415e+02
3.4999978678879495e+02
3.4999982208096037e+02
3.4999982219648382e+02
3.4999982218521603e+02
3.4999982218519835e+02
3.4999982218520398e+02
3.4999982218519858e+02
3.4999982218519926e+02
3.4999982218520012e+02
3.4999982218520171e+02
3.4999982218520177e+02
3.4999982218519989e+02
3.4999982218520148e+02
3.4999982218520267e+02
3.4999982218520472e+02
3.4999982218520182e+02
3.4999982218519847e+02
3.4999982218520216e+02
3.4999982218519841e+02
3.4999982218520017e+02
3.4999982218520103e+02
3.4999982218520046e+02
3.4999982218520063e+02
3.4999982218519887e+02
3.4999982218520427e+02
3.4999982218520074e+02
3.4999982218519972e+02
3.4999982218519790e+02
3.4999982218520188e+02
3.4999982218520211e+02
3.4999982218519960e+02
3.4999982218520370e+02
3.4999982218519960e+02
3.4999982218520188e+02
3.4999982218520228e+02
3.4999982218520529e+02
3.4999982218520080e+02
3.4999982218520199e+02
3.4999982218520165e+02
3.4999982218520353e+02
3.4999982218520120e+02
3.4999982218519892e+02
3.4999982218520097e+02
3.4999982218520279e+02
3.4999982218520302e+02
3.4999982218520097e+02
3.4999982218519762e+02
3.4999982218520245e+02
3.4999982218520182e+02
3.4999982218519847e+02
3.4999982218519864e+02
3.4999982218520472e+02
3.4999982218520313e+02
3.4999982218520256e+02
3.4999982218519966e+02
3.4999982218519949e+02
3.4999982218520267e+02
3.4999982218519608e+02
3.4999982218520410e+02
3.4999982218520347e+02
3.4999982218520194e+02
3.4999982218520302e+02
3.4999982218520097e+02
3.4999982218520222e+02
3.4999982218520017e+02
3.4999982218520279e+02
3.4999982218520000e+02
3.4999982218520199e+02
3.4999982218519938e+02
3.4999982218520319e+02
3.4999982218519983e+02
3.4999982218520086e+02
3.4999982218519887e+02
3.4999982218520358e+02
3.4999982218519864e+02
3.4999982218519892e+02
3.4999982218520154e+02
3.4999982218519790e+02
3.4999982218520444e+02
3.4999982218519460e+02
3.4999982218520324e+02
3.4999982218519847e+02
3.4999982218520211e+02
3.4999982218520336e+02
3.4999982218519182e+02
3.4999982218520648e+02
3.4999982218520415e+02
3.4999982218518170e+02
3.4999982218520074e+02
3.4999982218517346e+02
3.4999982218521063e+02
3.4999982218519051e+02
3.4999982218523735e+02
3.4999982218518920e+02
3.4999982218521728e+02
3.4999982218522359e+02
3.4999982218518534e+02
3.4999982218523729e+02
3.4999982218520336e+02
3.4999982218514447e+02
3.4999982218533370e+02
3.4999982218515913e+02
3.4999982218519744e+02
3.4999982218528226e+02
3.4999982218514958e+02
3.4999982218541106e+02
3.4999982218554362e+02
3.4999982218515663e+02
3.4999982218525088e+02
3.4999982218494523e+02
3.4999982218465561e+02
3.4999982218560865e+02
3.4999982218551662e+02
3.4999982218511542e+02
3.4999982218456813e+02
3.4999982218535354e+02
3.4999982218582005e+02
3.4999982218390119e+02
3.4999982218257173e+02
3.4999982218746840e+02
3.4999982218399464e+02
3.4999982218339591e+02
3.4999982218506591e+02
3.4999982218519699e+02
3.4999982218440215e+02
3.4999982218391028e+02
3.4999982218749329e+02
3.4999982218232662e+02
3.4999982218542812e+02
3.4999982218874976e+02
3.4999982218886976e+02
3.4999982218733709e+02
3.4999982219105129e+02
3.4999982218756571e+02
3.4999982219528533e+02
3.4999982218182703e+02
3.4999982219541067e+02
3.4999982219299034e+02
3.4999982219071785e+02
3.4999982221083451e+02
3.4999982224196839e+02
3.4999982225034501e+02
3.4999982217764909e+02
3.4999982224264693e+02
3.4999982222598544e+02
3.4999982227251161e+02
3.4999982223481061e+02
3.4999982223224811e+02
3.4999982230101500e+02
3.4999982199793305e+02
