0.0000000000000000e+00
-8.0000000033825149e-04
-1.6000000002501838e-03
-2.4000000002503785e-03
-3.2500028751195850e-03
-4.1827004280719955e-03
-4.3109499133171724e-03
-4.4330176651017966e-03
-4.5509785054381174e-03
-4.6644024152766167e-03
-4.7734638616205409e-03
-3.9937152320642325e-03
-3.1937157492723813e-03
-2.3937152317638822e-03
-1.5937152317626602e-03
-7.9371523151359840e-04
-7.9371523151401354e-04
-7.9371523151357303e-04
-7.9371523151345637e-04
-7.9371523151400237e-04
-7.9371523151397657e-04
6.2847681501237814e-06
8.0628476823834598e-04
1.6062847682388722e-03
2.4257567860294961e-03
3.3290877574782417e-03
3.4277950940277140e-03
3.5239485438925567e-03
3.6158185680571142e-03
3.7041551479155624e-03
3.7890941624093050e-03
2.9890941587356907e-03
2.1890941747254775e-03
1.3890941747247924e-03
5.8909417472458535e-04
-2.1090582502512504e-04
-2.1090582502545827e-04
-2.1090582502583221e-04
-2.1090582502577106e-04
-2.1090582502571954e-04
-2.1090582502575483e-04
-1.0109058253641426e-03
-1.8109058252757375e-03
-2.6109058252763461e-03
-3.4109058252767780e-03
-4.2925856966427433e-03
-4.3717737936791613e-03
-4.4466739301256943e-03
-4.5192780433884212e-03
-4.5890897062496406e-03
-4.6562163019588472e-03
-3.8562167422190011e-03
-3.0562162943030126e-03
-2.2562162943024762e-03
-1.4562162943033993e-03
-6.5621629405444133e-04
-6.5621629405385423e-04
-6.5621629405458216e-04
-6.5621629405467302e-04
-6.5621629405459170e-04
-6.5621629405439937e-04
1.4378370560879630e-04
9.4378370569674671e-04
1.7437837056963660e-03
2.5437837056967762e-03
3.4083235152471462e-03
3.4697282409027657e-03
3.5300119127362863e-03
3.5873940847011157e-03
3.6425692611181063e-03
3.6956223123882962e-03
2.8956209017976125e-03
2.0956223170458268e-03
1.2956223170491193e-03
4.9562231704801439e-04
-3.0437768270188996e-04
-3.0437768270203227e-04
-3.0437768270206750e-04
-3.0437768270151608e-04
-3.0437768270168283e-04
-3.0437768270119212e-04
-1.1043776830394166e-03
-1.9043776829511885e-03
-2.7043776829512190e-03
-3.5043776829519462e-03
-4.3553932261576663e-03
-4.4051031481394170e-03
-4.4516588455685187e-03
-4.4970067268344628e-03
-4.5406104687313615e-03
-4.5825371417530375e-03
-3.7825394155933320e-03
-2.9825371389250971e-03
-2.1825371389198878e-03
-1.3825371389214543e-03
-5.8253713867153188e-04
-5.8253713867139126e-04
-5.8253713867146163e-04
-5.8253713867190626e-04
-5.8253713867223000e-04
-5.8253713867231175e-04
2.1746286098938114e-04
1.0174628610771599e-03
1.8174628610764252e-03
2.6174628610773571e-03
3.4577750006216327e-03
3.4958797932817102e-03
3.5337593106358495e-03
3.5696004741916838e-03
3.6040631381130945e-03
3.6372003129984424e-03
2.8371968810755738e-03
2.0372003146601593e-03
1.2372003146679982e-03
4.3720031466563714e-04
-3.6279968508429454e-04
-3.6279968508413197e-04
-3.6279968508438377e-04
-3.6279968508459118e-04
-3.6279968508484310e-04
-3.6279968508568720e-04
-1.1627996854232912e-03
-1.9627996853345949e-03
-2.7627996853346833e-03
-3.5627996853344964e-03
-4.3946635050085272e-03
-4.4259604082197953e-03
-4.4548122475037682e-03
-4.4831359656336937e-03
-4.5103703164162904e-03
-4.5365571911048612e-03
-3.7365613241550225e-03
-2.9365571901593230e-03
-2.1365571901495297e-03
-1.3365571901521570e-03
-5.3655718990343532e-04
-5.3655718990351664e-04
-5.3655718990315332e-04
-5.3655718990229420e-04
-5.3655718990177899e-04
-5.3655718990148625e-04
2.6344280975951683e-04
1.0634428098476830e-03
1.8634428098473225e-03
2.6634428098471202e-03
3.4886217158286116e-03
3.5121740930082095e-03
3.5360600400306729e-03
3.5584467542430004e-03
3.5808329673027010e-03
3.6007634352759493e-03
2.8007583006081612e-03
2.0007634416078987e-03
1.2007634416200154e-03
4.0076344161638858e-04
-3.9923655813318786e-04
-3.9923655813356749e-04
-3.9923655813366778e-04
-3.9923655813415822e-04
-3.9923655813451194e-04
-3.9923655813573020e-04
