0.0000000000000000e+00
2.0000000008920152e-04
4.0000000014636428e-04
6.0000000014644780e-04
8.2499986015150198e-04
1.0913458770214527e-03
1.1552256128859256e-03
1.2165088107846693e-03
1.2754892410266308e-03
1.3322011943989864e-03
1.3867319185717343e-03
1.1968576158990546e-03
9.9685758741384356e-04
7.9685761590399999e-04
5.9685761590307670e-04
3.9685761575756231e-04
3.9685761575722724e-04
3.9685761575727061e-04
3.9685761575740744e-04
3.9685761575700563e-04
3.9685761575649817e-04
1.9685761584583070e-04
-3.1423840965963778e-06
-2.0314238409694323e-04
-4.1287864609625960e-04
-6.6454843335606451e-04
-7.1414596795352063e-04
-7.6197427700286043e-04
-8.0790929481559359e-04
-8.5207758194149523e-04
-8.9454708858671694e-04
-6.9454708778312886e-04
-4.9454708733820494e-04
-2.9454708733785785e-04
-9.4547087338578238e-05
1.0545291251564171e-04
1.0545291251538272e-04
1.0545291251599917e-04
1.0545291251653433e-04
1.0545291251690955e-04
1.0545291251631639e-04
3.0545291260451106e-04
5.0545291266197246e-04
7.0545291266140052e-04
9.0545291266078327e-04
1.1462886128461741e-03
1.1856392615403092e-03
1.2233369552352678e-03
1.2596390178609405e-03
1.2945448481153524e-03
1.3281081463478517e-03
1.1281081155340013e-03
9.2810814717382659e-04
7.2810814717260862e-04
5.2810814717275511e-04
3.2810814702619831e-04
3.2810814702630760e-04
3.2810814702590168e-04
3.2810814702645354e-04
3.2810814702568560e-04
3.2810814702606599e-04
1.2810814711595515e-04
-7.1891852827286486e-05
-2.7189185282796224e-04
-4.7189185282751510e-04
-7.0416446181170852e-04
-7.3511127728079055e-04
-7.6500595746738589e-04
-7.9369704708828835e-04
-8.2128463367913903e-04
-8.4781115908021489e-04
-6.4781124081026657e-04
-4.4781115850255505e-04
-2.4781115850413415e-04
-4.7811158504052474e-05
1.5218884134943607e-04
1.5218884134900066e-04
1.5218884134937462e-04
1.5218884134963681e-04
1.5218884134980513e-04
1.5218884134993505e-04
3.5218884143867625e-04
5.5218884149559392e-04
7.5218884149538757e-04
9.5218884149519750e-04
1.1776949706003279e-03
1.2023049658322800e-03
1.2258294178964574e-03
1.2485033622641718e-03
1.2703052324091028e-03
1.2912685690680268e-03
1.0912684191421902e-03
8.9126856948177160e-04
6.9126856947857962e-04
4.9126856948001273e-04
2.9126856933407448e-04
2.9126856933328442e-04
2.9126856933253063e-04
2.9126856933171368e-04
2.9126856933125197e-04
2.9126856933006737e-04
9.1268569419865109e-05
-1.0873143052291750e-04
-3.0873143052364551e-04
-5.0873143052344004e-04
-7.2888856302287433e-04
-7.4818626570601684e-04
-7.6687965527650248e-04
-7.8480023929116067e-04
-8.0203157027914089e-04
-8.1860015762966003e-04
-6.1860036228800349e-04
-4.1860015731344687e-04
-2.1860015731794375e-04
-1.8600157316837984e-05
1.8139984253665061e-04
1.8139984253667045e-04
1.8139984253700777e-04
1.8139984253692229e-04
1.8139984253684598e-04
1.8139984253692028e-04
3.8139984262597386e-04
5.8139984268281916e-04
7.8139984268296595e-04
9.8139984268283474e-04
1.1973311178873835e-03
1.2127342356245171e-03
1.2274061211104579e-03
1.2415679825626053e-03
1.2551851574397197e-03
1.2682785948412321e-03
1.0682783259262369e-03
8.6827859509496018e-04
6.6827859508894710e-04
4.6827859509081699e-04
2.6827859494473995e-04
2.6827859494393569e-04
2.6827859494424127e-04
2.6827859494426659e-04
2.6827859494449742e-04
2.6827859494492725e-04
6.8278595033383012e-05
-1.3172140490934196e-04
-3.3172140491014371e-04
-5.3172140491022219e-04
-7.4431127732848580e-04
-7.5633292357033097e-04
-7.6803001978117437e-04
-7.7922337821205966e-04
-7.9041686193520838e-04
-8.0038172151443735e-04
-6.0038203033577035e-04
-4.0038172079020649e-04
-2.0038172079773808e-04
-3.8172079528557465e-07
1.9961827905854644e-04
1.9961827905889626e-04
1.9961827905947099e-04
1.9961827905981962e-04
1.9961827905936694e-04
1.9961827905859395e-04
