0.0000000000000000e+00
2.0000000008936049e-04
4.0000000014677720e-04
6.0000000014697841e-04
8.2499986015178951e-04
1.0913458770219252e-03
1.1552256128870106e-03
1.2165088107848393e-03
1.2754892410266937e-03
1.3322011943998910e-03
1.3867319185722712e-03
1.1968576158997303e-03
9.9685758741460250e-04
7.9685761590449948e-04
5.9685761590313200e-04
3.9685761575748691e-04
3.9685761575718648e-04
3.9685761575705399e-04
3.9685761575674678e-04
3.9685761575648386e-04
3.9685761575600323e-04
1.9685761584561118e-04
-3.1423840973539492e-06
-2.0314238409730611e-04
-4.1287864609648110e-04
-6.6454843335670766e-04
-7.1414596795482622e-04
-7.6197427700401988e-04
-8.0790929481761714e-04
-8.5207758194340982e-04
-8.9454708858914599e-04
-6.9454708778574764e-04
-4.9454708734070847e-04
-2.9454708734095081e-04
-9.4547087340891384e-05
1.0545291251259553e-04
1.0545291251245128e-04
1.0545291251282604e-04
1.0545291251256400e-04
1.0545291251212948e-04
1.0545291251168306e-04
3.0545291260169615e-04
5.0545291265874088e-04
7.0545291265860111e-04
9.0545291265808133e-04
1.1462886128435882e-03
1.1856392615379112e-03
1.2233369552330071e-03
1.2596390178584418e-03
1.2945448481128030e-03
1.3281081463459047e-03
1.1281081155320228e-03
9.2810814717146292e-04
7.2810814717104682e-04
5.2810814717191735e-04
3.2810814702589116e-04
3.2810814702544935e-04
3.2810814702485672e-04
3.2810814702508462e-04
3.2810814702418847e-04
3.2810814702412196e-04
1.2810814711460770e-04
-7.1891852829034789e-05
-2.7189185282880748e-04
-4.7189185282867226e-04
-7.0416446181200223e-04
-7.3511127728072951e-04
-7.6500595746769478e-04
-7.9369704708871682e-04
-8.2128463367941258e-04
-8.4781115907990405e-04
-6.4781124081114032e-04
-4.4781115850479029e-04
-2.4781115850662950e-04
-4.7811158505423176e-05
1.5218884134808036e-04
1.5218884134844538e-04
1.5218884134902199e-04
1.5218884134951793e-04
1.5218884134986357e-04
1.5218884135046246e-04
3.5218884143872026e-04
5.5218884149588600e-04
7.5218884149602942e-04
9.5218884149579587e-04
1.1776949706006233e-03
1.2023049658333711e-03
1.2258294178968117e-03
1.2485033622642297e-03
1.2703052324100250e-03
1.2912685690689113e-03
1.0912684191425801e-03
8.9126856948308717e-04
6.9126856947956375e-04
4.9126856948031132e-04
2.9126856933452323e-04
2.9126856933436250e-04
2.9126856933406591e-04
2.9126856933352153e-04
2.9126856933269001e-04
2.9126856933211793e-04
9.1268569422492198e-05
-1.0873143052060030e-04
-3.0873143052119619e-04
-5.0873143052087785e-04
-7.2888856302056053e-04
-7.4818626570352978e-04
-7.6687965527413903e-04
-7.8480023928934463e-04
-8.0203157027691502e-04
-8.1860015762697164e-04
-6.1860036228480846e-04
-4.1860015731004930e-04
-2.1860015731430313e-04
-1.8600157312323058e-05
1.8139984254068897e-04
1.8139984254122383e-04
1.8139984254115989e-04
1.8139984254150795e-04
1.8139984254147320e-04
1.8139984254160230e-04
3.8139984263017298e-04
5.8139984268732966e-04
7.8139984268755635e-04
9.8139984268749009e-04
1.1973311178911901e-03
1.2127342356276489e-03
1.2274061211146746e-03
1.2415679825663285e-03
1.2551851574440626e-03
1.2682785948445912e-03
1.0682783259298755e-03
8.6827859509856667e-04
6.6827859509279624e-04
4.6827859509487060e-04
2.6827859494884490e-04
2.6827859494890199e-04
2.6827859494763559e-04
2.6827859494789482e-04
2.6827859494754207e-04
2.6827859494745642e-04
6.8278595037406879e-05
-1.3172140490636710e-04
-3.3172140490602341e-04
-5.3172140490667793e-04
-7.4431127732494068e-04
-7.5633292356711143e-04
-7.6803001977818457e-04
-7.7922337820886267e-04
-7.9041686193163192e-04
-8.0038172151056686e-04
-6.0038203033229700e-04
-4.0038172078798160e-04
-2.0038172079471525e-04
-3.8172079254369242e-07
1.9961827906120048e-04
1.9961827906110258e-04
1.9961827906067904e-04
1.9961827906014650e-04
1.9961827905983043e-04
1.9961827905972342e-04
