0.0000000000000000e+00
0.0000000000000000e+00
0.0000000000000000e+00
0.0000000000000000e+00
5.0000205378720699e-05
1.8269307186602246e-04
3.1033832608528644e-04
4.3301762454207583e-04
5.5097848654520314e-04
6.6440239265928738e-04
7.7346384071349302e-04
7.9371523151387758e-04
7.9371523151387758e-04
7.9371523151387758e-04
7.9371523151387758e-04
7.9371523151387758e-04
7.9371523151387758e-04
7.9371523151387758e-04
7.9371523151387758e-04
7.9371523151387758e-04
7.9371523151387758e-04
7.9371523151387758e-04
7.9371523151387758e-04
7.9371523151387758e-04
8.1318768827691728e-04
9.1652601893341622e-04
1.0158341753476272e-03
1.1113790142543310e-03
1.2032490506030844e-03
1.2915856245308856e-03
1.3765246380019261e-03
1.3765246380019261e-03
1.3765246380019261e-03
1.3765246380019261e-03
1.3765246380019261e-03
1.3765246380019261e-03
1.3765246380019261e-03
1.3765246380019261e-03
1.3765246380019261e-03
1.3765246380019261e-03
1.3765246380019261e-03
1.3765246380019261e-03
1.3765246380019261e-03
1.3765246380019261e-03
1.3765246380019261e-03
1.4581973212881476e-03
1.5367844312800536e-03
1.6122927239800172e-03
1.6848968504118616e-03
1.7547085106729740e-03
1.8218351070279238e-03
1.8218351070279238e-03
1.8218351070279238e-03
1.8218351070279238e-03
1.8218351070279238e-03
1.8218351070279238e-03
1.8218351070279238e-03
1.8218351070279238e-03
1.8218351070279238e-03
1.8218351070279238e-03
1.8218351070279238e-03
1.8218351070279238e-03
1.8218351070279238e-03
1.8218351070279238e-03
1.8218351070279238e-03
1.8863795511532486e-03
1.9483858478633741e-03
2.0080633151738866e-03
2.0654454946363986e-03
2.1206206675094224e-03
2.1736737183797902e-03
2.1736737183797902e-03
2.1736737183797902e-03
2.1736737183797902e-03
2.1736737183797902e-03
2.1736737183797902e-03
2.1736737183797902e-03
2.1736737183797902e-03
2.1736737183797902e-03
2.1736737183797902e-03
2.1736737183797902e-03
2.1736737183797902e-03
2.1736737183797902e-03
2.1736737183797902e-03
2.1736737183797902e-03
2.2246864815736460e-03
2.2737930651134967e-03
2.3209548711674390e-03
2.3663027608514645e-03
2.4099065010764987e-03
2.4518331743503142e-03
2.4518331743503142e-03
2.4518331743503142e-03
2.4518331743503142e-03
2.4518331743503142e-03
2.4518331743503142e-03
2.4518331743503142e-03
2.4518331743503142e-03
2.4518331743503142e-03
2.4518331743503142e-03
2.4518331743503142e-03
2.4518331743503142e-03
2.4518331743503142e-03
2.4518331743503142e-03
2.4518331743503142e-03
2.4921471410149802e-03
2.5308548084679344e-03
2.5681296235381896e-03
2.6039707915044624e-03
2.6384334532094942e-03
2.6715706279379550e-03
2.6715706279379550e-03
2.6715706279379550e-03
2.6715706279379550e-03
2.6715706279379550e-03
2.6715706279379550e-03
2.6715706279379550e-03
2.6715706279379550e-03
2.6715706279379550e-03
2.6715706279379550e-03
2.6715706279379550e-03
2.6715706279379550e-03
2.6715706279379550e-03
2.6715706279379550e-03
2.6715706279379550e-03
2.7034333781654350e-03
2.7341265113317624e-03
2.7635831844939748e-03
2.7919069081846050e-03
2.8191412579701937e-03
2.8453281327564376e-03
2.8453281327564376e-03
2.8453281327564376e-03
2.8453281327564376e-03
2.8453281327564376e-03
2.8453281327564376e-03
2.8453281327564376e-03
2.8453281327564376e-03
2.8453281327564376e-03
2.8453281327564376e-03
2.8453281327564376e-03
2.8453281327564376e-03
2.8453281327564376e-03
2.8453281327564376e-03
2.8453281327564376e-03
2.8705077634342126e-03
2.8946631770339431e-03
2.9179453625324649e-03
2.9403320791631178e-03
2.9619547156371096e-03
2.9826487645267228e-03
2.9826487645267228e-03
2.9826487645267228e-03
2.9826487645267228e-03
2.9826487645267228e-03
2.9826487645267228e-03
2.9826487645267228e-03
2.9826487645267228e-03
2.9826487645267228e-03
2.9826487645267228e-03
2.9826487645267228e-03
