0.0000000000000000e+00
8.8000000037622826e+01
1.7600000003491249e+02
2.6400000003494097e+02
3.5200021359386926e+02
4.4000058936194239e+02
4.4005878726267554e+02
4.4000000343847205e+02
4.4000000146493517e+02
4.4000000182045585e+02
4.4000000168274522e+02
3.5200000006093887e+02
2.6400004306855055e+02
1.7600000003492454e+02
8.8000000034727634e+01
2.0344300047467863e-12
3.8423036124175788e-11
6.7491894438255319e-11
6.3811683846494342e-11
8.7193065266791742e-11
1.2907335021878809e-10
8.7999999962580915e+01
1.7599999996528214e+02
2.6399999996533654e+02
3.5199996429411635e+02
4.3999937141383577e+02
4.3994152342811498e+02
4.3999999947687672e+02
4.3999999837287623e+02
4.3999999890903541e+02
4.3999999899111828e+02
3.5199999859714490e+02
2.6399999996507876e+02
1.7599999996501845e+02
8.7999999965050904e+01
1.3009507898008400e-10
1.1333948434119134e-10
1.9056376259173802e-10
2.8390699230846922e-10
3.1769319487423161e-10
2.9086092394145661e-10
8.8000000037726608e+01
1.7600000003498548e+02
2.6400000003500105e+02
3.5200000003499486e+02
4.4000057613774680e+02
4.4005848724310738e+02
4.4000000165916367e+02
4.4000000044831802e+02
4.4000000068803234e+02
4.4000000063606649e+02
3.5200003666733579e+02
2.6400000003502134e+02
1.7600000003491061e+02
8.8000000035009208e+01
1.3106020749937367e-10
1.0683824762751294e-10
1.8443713610996975e-10
2.3523253338791654e-10
2.6511511744508950e-10
3.1145003299515247e-10
8.7999999962221224e+01
1.7599999996498312e+02
2.6399999996497343e+02
3.5199999996499116e+02
4.3999962617145366e+02
4.3994173062466029e+02
4.3999999991746915e+02
4.3999999924796697e+02
4.3999999957340066e+02
4.3999999960555886e+02
3.5199988266589156e+02
2.6399999996471286e+02
1.7599999996512949e+02
8.7999999964968538e+01
1.6596326142020455e-10
1.5748407240103058e-10
1.9773981972273514e-10
1.4263082288204360e-10
1.7312329374829335e-10
1.6966879288093005e-10
8.8000000037751207e+01
1.7600000003500304e+02
2.6400000003499889e+02
3.5200000003504124e+02
4.4000022245679980e+02
4.4005830614439083e+02
4.4000000090063975e+02
4.4000000011808396e+02
4.4000000026809391e+02
4.4000000024782611e+02
3.5200018715228310e+02
2.6400000003541658e+02
1.7600000003468466e+02
8.8000000034915402e+01
6.6751956956567280e-11
2.8781708265376375e-11
3.5806108849269216e-11
7.2370188002673832e-13
2.4674761011334635e-11
5.1578168959178722e-11
8.7999999962391030e+01
1.7599999996508728e+02
2.6399999996508961e+02
3.5199999996515044e+02
4.3999985230526573e+02
4.3994185979166974e+02
4.4000000001178302e+02
4.3999999962645148e+02
4.3999999983341024e+02
4.3999999984597787e+02
3.5199971584669817e+02
2.6399999996438402e+02
1.7599999996545029e+02
8.7999999965114654e+01
6.3255133156311226e-12
3.7486235750940451e-11
-3.7105004604267399e-12
9.1603303066039178e-11
1.2105673417635781e-10
2.0306379881710344e-10
8.8000000037621746e+01
1.7600000003482603e+02
2.6400000003485371e+02
3.5200000003484035e+02
4.4000008535409637e+02
4.4005819361959828e+02
4.4000000054196988e+02
4.4000000001801527e+02
4.4000000010439550e+02
4.4000000009650063e+02
3.5200034014041103e+02
2.6400000003564242e+02
1.7600000003425009e+02
8.8000000034644160e+01
4.6671666116369162e-11
6.6504938786608305e-11
9.0397374941251393e-11
1.6747138657887981e-10
2.2575920219242560e-10
2.3794596199945569e-10
8.7999999962647195e+01
1.7599999996541891e+02
2.6399999996541186e+02
3.5199999996543693e+02
4.3999994121514402e+02
4.3994194068108624e+02
4.3999999999982026e+02
4.3999999979717933e+02
4.4010082509947745e+02
4.3999999947068102e+02
3.5199957479617927e+02
2.6399999996419939e+02
1.7599999996587670e+02
8.7999999965334410e+01
1.1693898168072773e-10
-3.2649766537994302e-12
-1.0127509441415435e-10
-1.7920710554358634e-10
-1.8683543215833118e-10
-1.1421241549523067e-10
