0.0000000000000000e+00
8.3736809491947507e-10
1.4789851229885055e-08
1.4815037882839785e-08
-1.6015523890975508e-04
-4.3964142322025192e-04
-1.6974665631413949e-02
-2.0462140704235330e-06
-1.2265965033174709e-06
-1.3348850085750201e-06
-1.2340395499599320e-06
8.0520487534077326e-10
-2.7769731823060608e-05
1.4862244277657072e-08
1.4720435766797201e-08
8.3122224240082062e-11
4.2795486945091405e-11
5.1483943841363220e-11
2.9806599569186863e-11
-1.1880839040501887e-11
-1.1181904505880279e-10
8.8863469280749057e-10
1.4819898610401663e-08
1.4824217619540894e-08
-2.5216665770862506e-05
-4.5848183478785560e-04
-1.6942880656136319e-02
-5.6738174331492273e-07
-1.0399477757099391e-06
-8.0749085448437427e-07
-7.4666394602773235e-07
-7.6688391658219149e-07
1.4989585464188313e-08
1.4945038800569168e-08
1.4924424047532642e-08
1.5580977469216860e-10
9.6004215294725901e-11
1.5269457546638951e-10
1.4677131275244030e-10
1.1394535664586345e-10
5.2266566236390951e-11
9.2427224534773631e-10
1.4882344267800747e-08
1.4794756927875399e-08
1.4683827343055828e-08
-4.2915737670776042e-04
-1.6824096426509966e-02
-8.8854051191303051e-07
-4.1302037360371411e-07
-5.0562522291760084e-07
-4.6745062663895958e-07
-2.5262122844508833e-05
1.4730826836170814e-08
1.4650940986540282e-08
1.4686806490914361e-08
-9.7016410687371450e-11
-9.4965568897152890e-11
-1.9658859846815377e-10
-1.6328965998712483e-10
-2.7010035881411756e-10
-2.3911324422577461e-10
8.7498138391961514e-10
1.4711556558573848e-08
1.4691561638934219e-08
1.4748408501238267e-08
-2.7200461524412361e-04
-1.6826543034005888e-02
-1.3359776824317231e-07
-4.4408970001377585e-07
-3.1530294567548465e-07
-2.9162279879192985e-07
-7.6742245161594928e-05
1.4649312713982520e-08
1.4473857576914437e-08
1.4594035955017774e-08
-1.8945416376463850e-10
-1.6134213358086679e-10
-6.2657964827717124e-11
4.0294942659756116e-11
7.1675210027995326e-11
1.7860258265649452e-10
8.4760345977090825e-10
1.4769280659880671e-08
1.4762663669057584e-08
1.4672324650865035e-08
-1.6674442547859721e-04
-1.6733826438373064e-02
-4.1652647418382590e-07
-1.2961575452037958e-07
-1.9735621436255794e-07
-1.8241602360756341e-07
-1.2661839804412945e-04
1.4917223923085510e-08
1.4551803051309387e-08
1.4652335053833383e-08
-3.1641433716194462e-11
-8.4476391350951737e-11
-1.3240186273347959e-10
-2.5601400646390520e-10
-3.4824789604613387e-10
-4.8123545902433863e-10
4.8979451019740340e-10
1.4377160177718962e-08
1.4235496358951206e-08
1.4320004150588344e-08
-1.0663241939796764e-04
-1.6754059660489141e-02
2.5749335228188685e-09
-1.9710194859823511e-07
-1.2337927151589766e-07
-1.1401859321841066e-07
-1.8713843205079753e-04
1.4823937949509128e-08
1.4410152904263145e-08
1.4616829970699774e-08
-2.3113778746673721e-10
-1.8759536830904025e-10
-1.9516861074694293e-10
-1.6028338755150392e-10
-1.6233821665320663e-10
-1.7106369212396187e-10
5.7050190411476160e-10
1.4487936930331390e-08
1.4520607634583760e-08
1.4487962028808208e-08
-6.4625280298727898e-05
-1.6677504226903520e-02
-2.0622513046415169e-07
-3.0788884699092345e-08
-7.7352056501500807e-08
-7.1683813278867617e-08
-2.2925486304987584e-04
1.4593100952872360e-08
1.4012203262722342e-08
1.4237169080095288e-08
-5.4182256431568635e-10
-5.6301481011227604e-10
-6.5577951371439175e-10
-5.8000044113401071e-10
-5.7488624758591806e-10
-5.4240786309138237e-10
3.0861687983580421e-10
1.4138102778619233e-08
1.4134413651204206e-08
1.4035833274502385e-08
-4.1918550598664678e-05
-1.6708862872596850e-02
3.4920134529691723e-08
-9.1787170194703858e-08
-3.3663847540452652e-02
-3.9147106471893451e-07
-2.8066946659933219e-04
1.4370307168690072e-08
1.3676315129101758e-08
1.3916225298204017e-08
-8.0956794459594613e-10
-8.1029246778906124e-10
-8.5852524451822845e-10
-9.1414055483456760e-10
-9.7791626952075802e-10
-1.0687495773458930e-09
