0.0000000000000000e+00
8.2336907499522110e-10
1.4766633031084886e-08
1.4772588064697049e-08
-1.6015526591093912e-04
-4.3964145494293402e-04
-1.6974665736395365e-02
-2.0462239374310927e-06
-1.2266108569649050e-06
-1.3349594995078378e-06
-1.2340951534176695e-06
7.4587640717284281e-10
-2.7769814255580270e-05
1.4816389398612567e-08
1.4707658951659961e-08
4.7310126321444891e-11
5.9246417902698340e-12
2.7381316630244344e-11
3.8138175887756778e-11
-3.9377874903444188e-11
-1.1021480274566804e-10
8.5448939892076983e-10
1.4830516190828344e-08
1.4803923131740627e-08
-2.5216698587897915e-05
-4.5848182839205233e-04
-1.6942880596156663e-02
-5.6731883394042614e-07
-1.0398061699256342e-06
-8.0735746176111877e-07
-7.4648540003508310e-07
-7.6667985921225142e-07
1.5182951454783866e-08
1.5178360099675510e-08
1.5093553220435787e-08
4.1790350921869601e-10
3.4685028714472131e-10
4.1789457023043358e-10
4.8835060440863812e-10
5.0236498686400662e-10
4.0276475621551280e-10
1.1174617617192304e-09
1.5097164879394303e-08
1.4999630942667066e-08
1.4869682306091528e-08
-4.2915718128968812e-04
-1.6824096251537492e-02
-8.8839035812943956e-07
-4.1286029745384721e-07
-5.0546606175890985e-07
-4.6733467956576282e-07
-2.5262024347054554e-05
1.4874402556540947e-08
1.4733389729424516e-08
1.4710597030635287e-08
-8.3187753375580764e-11
-3.8249781602188785e-11
-1.5565947408634577e-10
-7.8222798109305328e-11
-1.7886549204820398e-10
-1.0593396526871357e-10
9.4664727022297261e-10
1.4801350496722689e-08
1.4713500900230103e-08
1.4804754236203462e-08
-2.7200464053652487e-04
-1.6826543088830553e-02
-1.3362029490978642e-07
-4.4410147607521130e-07
-3.1532080673623448e-07
-2.9168955828531990e-07
-7.6742200065831569e-05
1.4819378704520183e-08
1.4683144854738243e-08
1.4706129214155764e-08
-6.3602025933763589e-11
-7.9670807918663533e-11
-9.4263509005410281e-12
5.7239036500501915e-11
1.0024887584913079e-10
1.7132907232719610e-10
8.8364267262227190e-10
1.4795524942367906e-08
1.4751179812334666e-08
1.4672738523553567e-08
-1.6674441114963973e-04
-1.6733826480209386e-02
-4.1648942770356900e-07
-1.2956098074840172e-07
-1.9738762579907067e-07
-1.8244540614760587e-07
-1.2661835966708304e-04
1.4877591791988195e-08
1.4559415532609761e-08
1.4699845008476599e-08
1.7280622270447287e-11
-5.1338440774534772e-11
-1.3583238452661003e-10
-2.9053046184121772e-10
-3.8662708648078206e-10
-5.4150527820643792e-10
3.7945430034579489e-10
1.4316980241363106e-08
1.4152609885541330e-08
1.4224292285990860e-08
-1.0663249180547265e-04
-1.6754059749957192e-02
2.4937206110717130e-09
-1.9713236428002773e-07
-1.2344526372653386e-07
-1.1411814988311388e-07
-1.8713857621744507e-04
1.4668227214018689e-08
1.4235283620717815e-08
1.4372226871627291e-08
-4.3133121792565985e-10
-4.3138799574905512e-10
-4.1270484121900457e-10
-4.1021803856263577e-10
-4.2444569854626181e-10
-4.3333450982810920e-10
3.3386982481692658e-10
1.4242193612419554e-08
1.4292895904215110e-08
1.4238690619862612e-08
-6.4625467176406093e-05
-1.6677504337567057e-02
-2.0638573512744193e-07
-3.0945594140818368e-08
-7.7518909745256534e-08
-7.1812818497745277e-08
-2.2925501188726888e-04
1.4472893546039059e-08
1.3830894755824196e-08
1.4043139544670089e-08
-7.3133375648958299e-10
-8.1875657471310452e-10
-8.1920879406759376e-10
-7.3852965556963756e-10
-6.9305492425689735e-10
-6.3759664170294472e-10
9.3410848940385244e-11
1.4000194724983598e-08
1.3898623541599748e-08
1.3867714427964742e-08
-4.1918733227244187e-05
-1.6708863016499112e-02
3.4789355519781846e-08
-9.1927236783628702e-08
-3.3663847705197356e-02
-3.9166419942485557e-07
-2.8066962547569819e-04
1.4341009504028618e-08
1.3582717086998978e-08
1.3839499437196603e-08
-8.5789712046339381e-10
-8.4014407121328959e-10
-8.0287593465621465e-10
-7.9499301971033311e-10
-8.6667373321687701e-10
-9.7827916159628988e-10
