0.0000000000000000e+00
-8.0000000033825149e-04
-1.6000000002501838e-03
-2.4000000002503785e-03
-4.2400000026913140e-03
-7.0080000020461292e-03
-7.4016001141731340e-03
-7.4804248287338674e-03
-7.4960790554092225e-03
-7.4992155654189617e-03
-7.5023520852663117e-03
-7.5016636127748261e-03
-7.5009751407573667e-03
-7.5016636129277767e-03
-7.5023520855718928e-03
-7.5030405586900620e-03
-7.5023056583659372e-03
-7.5015707585825960e-03
-7.5023056568819056e-03
-7.5030405557210793e-03
-7.5023335434410976e-03
-7.5016265316601161e-03
-7.5023335416643773e-03
-7.5030405521678339e-03
-7.5023350739727756e-03
-7.5016295962748881e-03
-7.5023350721798408e-03
-7.5030405485817884e-03
-7.5023351564361797e-03
-7.5016297647893613e-03
-7.5023351546424071e-03
-7.5030405449932535e-03
-7.5023351593354378e-03
-7.5016297741766613e-03
-7.5023351575423556e-03
-7.5030405414057352e-03
-7.5023351593357535e-03
-7.5016297777640937e-03
-7.5023351575422888e-03
-7.5030405378180487e-03
-7.5023351593370658e-03
-7.5016297813531784e-03
-7.5023351575429290e-03
-7.5030405342306847e-03
-7.5023351593371873e-03
-7.5016297849409093e-03
-7.5023351575433089e-03
-7.5030405306422210e-03
-7.5023351593371855e-03
-7.5016297885290338e-03
-7.5023351575430721e-03
-7.5030405270538128e-03
-7.5023351593360935e-03
-7.5016297921151652e-03
-7.5023351575414527e-03
-7.5030405234647497e-03
-7.5023351593346346e-03
-7.5016297957026705e-03
-7.5023351575413122e-03
-7.5030405198771143e-03
-7.5023351593354352e-03
-7.5016297992903979e-03
-7.5023351575412940e-03
-7.5030405162901147e-03
-7.5023351593348428e-03
-7.5016298028770688e-03
-7.5023351575407415e-03
-7.5030405127022269e-03
-7.5023351593354777e-03
-7.5016298064655125e-03
-7.5023351575411517e-03
-7.5030405091147225e-03
-7.5023351593353944e-03
-7.5016298100542946e-03
-7.5023351575416479e-03
-7.5030405055274115e-03
-7.5023351593362080e-03
-7.5016298136420983e-03
-7.5023351575422420e-03
-7.5030405019393719e-03
-7.5023351593361603e-03
-7.5016298172309271e-03
-7.5023351575418569e-03
-7.5030404983514156e-03
-7.5023351593357440e-03
-7.5016298208170681e-03
-7.5023351575410693e-03
-7.5030404947625390e-03
-7.5023351593350857e-03
-7.5016298244042594e-03
-7.5023351575401933e-03
-7.5030404911742479e-03
-7.5023351593350579e-03
-7.5016298279928020e-03
-7.5023351575401725e-03
-7.5030404875854433e-03
-7.5023351593339772e-03
-7.5016298315794842e-03
-7.5023351575392513e-03
-7.5030404839950340e-03
-7.5023351593329120e-03
-7.5016298351684874e-03
-7.5023351575388428e-03
-7.5030404804058261e-03
-7.5023351593312953e-03
-7.5016298387563614e-03
-7.5023351575381099e-03
-7.5030404768165176e-03
-7.5023351593322841e-03
-7.5016298423461487e-03
-7.5023351575386815e-03
-7.5030404732283383e-03
-7.5023351593322823e-03
-7.5016298459337112e-03
-7.5023351575376302e-03
-7.5030404696395311e-03
-7.5023351593318877e-03
-7.5016298495215851e-03
-7.5023351575377760e-03
-7.5030404660514716e-03
-7.5023351593332442e-03
-7.5016298531123838e-03
-7.5023351575390935e-03
-7.5030404624630400e-03
-7.5023351593337161e-03
-7.5016298567014755e-03
-7.5023351575389634e-03
-7.5030404588744687e-03
-7.5023351593339069e-03
-7.5016298602909402e-03
-7.5023351575400007e-03
-7.5030404552860665e-03
-7.5023351593340223e-03
-7.5016298638795088e-03
-7.5023351575386546e-03
-7.5030404516974935e-03
-7.5023351593351212e-03
-7.5016298674699762e-03
-7.5023351575409670e-03
-7.5030404481097913e-03
-7.5023351593359461e-03
-7.5016298710595545e-03
-7.5023351575413955e-03
-7.5030404445200214e-03
-7.5023351593352652e-03
-7.5016298746478126e-03
-7.5023351575403026e-03
-7.5030404409307918e-03
-7.5023351593350718e-03
-7.5016298782364533e-03
-7.5023351575402349e-03
-7.5030404373419082e-03
-7.5023351593356173e-03
-7.5016298818267376e-03
-7.5023351575407692e-03
-7.5030404337530646e-03
-7.5023351593352695e-03
-7.5016298854149715e-03
-7.5023351575407042e-03
-7.5030404301639781e-03
-7.5023351593345930e-03
