0.0000000000000000e+00
2.0000000008920152e-04
4.0000000014636428e-04
6.0000000014644780e-04
1.3200000012898964e-03
2.5040000009927061e-03
2.7008000442956754e-03
2.7401670562615344e-03
2.7480377055887281e-03
2.7496077107148349e-03
2.7511777133756464e-03
2.7508318051912293e-03
2.7504858968863326e-03
2.7508318051788659e-03
2.7511777133514027e-03
2.7515236214049046e-03
2.7511528268869901e-03
2.7507820322313697e-03
2.7511528269745632e-03
2.7515236215798289e-03
2.7511667693681362e-03
2.7508099170296630e-03
2.7511667694731672e-03
2.7515236217900731e-03
2.7511675346292993e-03
2.7508114473414162e-03
2.7511675347362771e-03
2.7515236220029046e-03
2.7511675758608535e-03
2.7508115295911875e-03
2.7511675759678031e-03
2.7515236222172201e-03
2.7511675773110237e-03
2.7508115322779194e-03
2.7511675774177960e-03
2.7515236224306453e-03
2.7511675773095527e-03
2.7508115320632213e-03
2.7511675774162013e-03
2.7515236226417841e-03
2.7511675773081463e-03
2.7508115318491560e-03
2.7511675774156727e-03
2.7515236228552514e-03
2.7511675773088098e-03
2.7508115316355114e-03
2.7511675774154788e-03
2.7515236230685565e-03
2.7511675773082703e-03
2.7508115314219626e-03
2.7511675774155304e-03
2.7515236232829943e-03
2.7511675773092925e-03
2.7508115312084671e-03
2.7511675774163228e-03
2.7515236234968723e-03
2.7511675773093502e-03
2.7508115309937756e-03
2.7511675774155547e-03
2.7515236237102845e-03
2.7511675773081619e-03
2.7508115307797983e-03
2.7511675774150790e-03
2.7515236239231025e-03
2.7511675773075287e-03
2.7508115305663835e-03
2.7511675774147433e-03
2.7515236241364726e-03
2.7511675773084286e-03
2.7508115303537485e-03
2.7511675774154927e-03
2.7515236243500678e-03
2.7511675773084837e-03
2.7508115301390860e-03
2.7511675774148517e-03
2.7515236245633373e-03
2.7511675773069185e-03
2.7508115299237925e-03
2.7511675774135966e-03
2.7515236247772201e-03
2.7511675773070499e-03
2.7508115297097068e-03
2.7511675774140524e-03
2.7515236249915239e-03
2.7511675773077690e-03
2.7508115294979339e-03
2.7511675774154190e-03
2.7515236252054071e-03
2.7511675773082538e-03
2.7508115292857425e-03
2.7511675774162686e-03
2.7515236254197395e-03
2.7511675773094790e-03
2.7508115290724509e-03
2.7511675774163635e-03
2.7515236256342897e-03
2.7511675773102327e-03
2.7508115288593345e-03
2.7511675774166081e-03
2.7515236258478615e-03
2.7511675773106785e-03
2.7508115286462307e-03
2.7511675774175058e-03
2.7515236260611219e-03
2.7511675773106222e-03
2.7508115284329061e-03
2.7511675774177123e-03
2.7515236262758351e-03
2.7511675773106521e-03
2.7508115282186300e-03
2.7511675774174070e-03
2.7515236264889515e-03
2.7511675773106933e-03
2.7508115280053353e-03
2.7511675774165604e-03
2.7515236267015783e-03
2.7511675773100710e-03
2.7508115277911655e-03
2.7511675774161445e-03
2.7515236269144896e-03
2.7511675773088432e-03
2.7508115275769593e-03
2.7511675774156471e-03
2.7515236271274199e-03
2.7511675773092435e-03
2.7508115273628241e-03
2.7511675774158080e-03
2.7515236273405472e-03
2.7511675773075795e-03
2.7508115271478312e-03
2.7511675774135316e-03
2.7515236275536363e-03
2.7511675773079004e-03
2.7508115269352881e-03
2.7511675774153166e-03
2.7515236277667466e-03
2.7511675773080548e-03
2.7508115267223755e-03
2.7511675774148699e-03
2.7515236279798683e-03
2.7511675773078848e-03
2.7508115265092617e-03
2.7511675774151648e-03
2.7515236281938017e-03
2.7511675773089902e-03
2.7508115262957706e-03
2.7511675774149098e-03
2.7515236284067395e-03
2.7511675773083722e-03
2.7508115260823514e-03
2.7511675774139158e-03
2.7515236286197739e-03
2.7511675773072234e-03
2.7508115258679626e-03
2.7511675774128269e-03
2.7515236288318621e-03
2.7511675773064753e-03
2.7508115256545318e-03
2.7511675774136977e-03
2.7515236290460644e-03
2.7511675773064037e-03
