0.0000000000000000e+00
2.0000000008936049e-04
4.0000000014677720e-04
6.0000000014697841e-04
1.3200000012905172e-03
2.5040000009938371e-03
2.7008000442968467e-03
2.7401670562629439e-03
2.7480377055900951e-03
2.7496077107156025e-03
2.7511777133765953e-03
2.7508318051921556e-03
2.7504858968883422e-03
2.7508318051807494e-03
2.7511777133534059e-03
2.7515236214065348e-03
2.7511528268880248e-03
2.7507820322319196e-03
2.7511528269750798e-03
2.7515236215810701e-03
2.7511667693692820e-03
2.7508099170302780e-03
2.7511667694753812e-03
2.7515236217929952e-03
2.7511675346314803e-03
2.7508114473428543e-03
2.7511675347380261e-03
2.7515236220060331e-03
2.7511675758630717e-03
2.7508115295933073e-03
2.7511675759700860e-03
2.7515236222194713e-03
2.7511675773129202e-03
2.7508115322789212e-03
2.7511675774193139e-03
2.7515236224322655e-03
2.7511675773114492e-03
2.7508115320641221e-03
2.7511675774177895e-03
2.7515236226453017e-03
2.7511675773106794e-03
2.7508115318506678e-03
2.7511675774180488e-03
2.7515236228585894e-03
2.7511675773114249e-03
2.7508115316371936e-03
2.7511675774177201e-03
2.7515236230714487e-03
2.7511675773107423e-03
2.7508115314231469e-03
2.7511675774177327e-03
2.7515236232854012e-03
2.7511675773107462e-03
2.7508115312099993e-03
2.7511675774183407e-03
2.7515236234992987e-03
2.7511675773116404e-03
2.7508115309974792e-03
2.7511675774180852e-03
2.7515236237127343e-03
2.7511675773118499e-03
2.7508115307847271e-03
2.7511675774194474e-03
2.7515236239275547e-03
2.7511675773128508e-03
2.7508115305706405e-03
2.7511675774193802e-03
2.7515236241412006e-03
2.7511675773127307e-03
2.7508115303572049e-03
2.7511675774193013e-03
2.7515236243544927e-03
2.7511675773126457e-03
2.7508115301434458e-03
2.7511675774186169e-03
2.7515236245672938e-03
2.7511675773115567e-03
2.7508115299290140e-03
2.7511675774175028e-03
2.7515236247797970e-03
2.7511675773110420e-03
2.7508115297150784e-03
2.7511675774174885e-03
2.7515236249928761e-03
2.7511675773105463e-03
2.7508115295016913e-03
2.7511675774181815e-03
2.7515236252080625e-03
2.7511675773117111e-03
2.7508115292890082e-03
2.7511675774186365e-03
2.7515236254215718e-03
2.7511675773121518e-03
2.7508115290761125e-03
2.7511675774194019e-03
2.7515236256350274e-03
2.7511675773122688e-03
2.7508115288625633e-03
2.7511675774188836e-03
2.7515236258491343e-03
2.7511675773123192e-03
2.7508115286492786e-03
2.7511675774189201e-03
2.7515236260621041e-03
2.7511675773122858e-03
2.7508115284350116e-03
2.7511675774192189e-03
2.7515236262761035e-03
2.7511675773122424e-03
2.7508115282219607e-03
2.7511675774188394e-03
2.7515236264895205e-03
2.7511675773133036e-03
2.7508115280094375e-03
2.7511675774197436e-03
2.7515236267028134e-03
2.7511675773125108e-03
2.7508115277956988e-03
2.7511675774195489e-03
2.7515236269162998e-03
2.7511675773127160e-03
2.7508115275823820e-03
2.7511675774197423e-03
2.7515236271300507e-03
2.7511675773130165e-03
2.7508115273696615e-03
2.7511675774203447e-03
2.7515236273435730e-03
2.7511675773131032e-03
2.7508115271564436e-03
2.7511675774201578e-03
2.7515236275574566e-03
2.7511675773139567e-03
2.7508115269426936e-03
2.7511675774203759e-03
2.7515236277704676e-03
2.7511675773132498e-03
2.7508115267295356e-03
2.7511675774201660e-03
2.7515236279833186e-03
2.7511675773135721e-03
2.7508115265165193e-03
2.7511675774205121e-03
2.7515236281972868e-03
2.7511675773136098e-03
2.7508115263032750e-03
2.7511675774202567e-03
2.7515236284116765e-03
2.7511675773140578e-03
2.7508115260899942e-03
2.7511675774208660e-03
2.7515236286248259e-03
2.7511675773138054e-03
2.7508115258764532e-03
2.7511675774209783e-03
2.7515236288384462e-03
2.7511675773141562e-03
2.7508115256633433e-03
2.7511675774206821e-03
2.7515236290510539e-03
2.7511675773145509e-03
