0.0000000000000000e+00
0.0000000000000000e+00
0.0000000000000000e+00
0.0000000000000000e+00
1.0400000019251665e-03
3.0080000015754288e-03
3.4016000767091155e-03
3.4803741024546338e-03
3.4960770109472811e-03
3.4992154857651850e-03
3.5016636106493019e-03
3.5016636106493019e-03
3.5016636106493019e-03
3.5016636106493019e-03
3.5017981231418660e-03
3.5023056542847751e-03
3.5023056542847751e-03
3.5023056542847751e-03
3.5023056542847751e-03
3.5023335392602270e-03
3.5023335392602270e-03
3.5023335392602270e-03
3.5023335392602270e-03
3.5023350697859197e-03
3.5023350697859197e-03
3.5023350697859197e-03
3.5023350697859197e-03
3.5023351522498344e-03
3.5023351522498344e-03
3.5023351522498344e-03
3.5023351522498344e-03
3.5023351551489862e-03
3.5023351551489862e-03
3.5023351551489862e-03
3.5023351551489862e-03
3.5023351551489862e-03
3.5023351551489862e-03
3.5023351551489862e-03
3.5023351551489862e-03
3.5023351551489862e-03
3.5023351551489862e-03
3.5023351551489862e-03
3.5023351551489862e-03
3.5023351551489862e-03
3.5023351551489862e-03
3.5023351551489862e-03
3.5023351551489862e-03
3.5023351551489862e-03
3.5023351551489862e-03
3.5023351551489862e-03
3.5023351551489862e-03
3.5023351551489862e-03
3.5023351551489862e-03
3.5023351551489862e-03
3.5023351551489862e-03
3.5023351551489862e-03
3.5023351551489862e-03
3.5023351551489862e-03
3.5023351551489862e-03
3.5023351551489862e-03
3.5023351551489862e-03
3.5023351551489862e-03
3.5023351551489862e-03
3.5023351551489862e-03
3.5023351551489862e-03
3.5023351551489862e-03
3.5023351551489862e-03
3.5023351551489862e-03
3.5023351551489862e-03
3.5023351551489862e-03
3.5023351551489862e-03
3.5023351551489862e-03
3.5023351551489862e-03
3.5023351551489862e-03
3.5023351551489862e-03
3.5023351551489862e-03
3.5023351551489862e-03
3.5023351551489862e-03
3.5023351551489862e-03
3.5023351551489862e-03
3.5023351551489862e-03
3.5023351551489862e-03
3.5023351551489862e-03
3.5023351551489862e-03
3.5023351551489862e-03
3.5023351551489862e-03
3.5023351551489862e-03
3.5023351551489862e-03
3.5023351551489862e-03
3.5023351551489862e-03
3.5023351551489862e-03
3.5023351551489862e-03
3.5023351551489862e-03
3.5023351551489862e-03
3.5023351551489862e-03
3.5023351551489862e-03
3.5023351551489862e-03
3.5023351551489862e-03
3.5023351551489862e-03
3.5023351551489862e-03
3.5023351551489862e-03
3.5023351551489862e-03
3.5023351551489862e-03
3.5023351551489862e-03
3.5023351551489862e-03
3.5023351551489862e-03
3.5023351551489862e-03
3.5023351551489862e-03
3.5023351551489862e-03
3.5023351551489862e-03
3.5023351551489862e-03
3.5023351551489862e-03
3.5023351551489862e-03
3.5023351551489862e-03
3.5023351551489862e-03
3.5023351551489862e-03
3.5023351551489862e-03
3.5023351551489862e-03
3.5023351551489862e-03
3.5023351551489862e-03
3.5023351551489862e-03
3.5023351551489862e-03
3.5023351551489862e-03
3.5023351551489862e-03
3.5023351551489862e-03
3.5023351551489862e-03
3.5023351551489862e-03
3.5023351551489862e-03
3.5023351551489862e-03
3.5023351551489862e-03
3.5023351551489862e-03
3.5023351551489862e-03
3.5023351551489862e-03
3.5023351551489862e-03
3.5023351551489862e-03
3.5023351551489862e-03
3.5023351551489862e-03
3.5023351551489862e-03
3.5023351551489862e-03
3.5023351551489862e-03
3.5023351551489862e-03
3.5023351551489862e-03
3.5023351551489862e-03
3.5023351551489862e-03
3.5023351551489862e-03
3.5023351551489862e-03
3.5023351551489862e-03
3.5023351551489862e-03
3.5023351551489862e-03
3.5023351551489862e-03
3.5023351551489862e-03
3.5023351551489862e-03
3.5023351551489862e-03
3.5023351551489862e-03
3.5023351551489862e-03
3.5023351551489862e-03
3.5023351551489862e-03
3.5023351551489862e-03
3.5023351551489862e-03
3.5023351551489862e-03
3.5023351551489862e-03
