0.0000000000000000e+00
-8.8000000036792486e+01
-1.7600000002013431e+02
-2.6400000002014724e+02
-3.5200000007230642e+02
-4.4000000004404859e+02
-4.4000000442238672e+02
-4.4000845542579441e+02
-4.4000034025880291e+02
-4.4000001334506055e+02
-4.4006043874095820e+02
-4.4000000029230608e+02
-4.3993956191678308e+02
-4.4000000031353250e+02
-4.4004860168403377e+02
-4.4006437748637182e+02
-4.4000000056120223e+02
-4.3993562371951873e+02
-4.4000000035762770e+02
-4.4006192320125507e+02
-4.4000000057492935e+02
-4.3993807802565357e+02
-4.4000000033111189e+02
-4.4006178802737497e+02
-4.4000000057581497e+02
-4.3993821320106542e+02
-4.4000000032978494e+02
-4.4006178027851411e+02
-4.4000000057584856e+02
-4.3993822095021022e+02
-4.4000000032965721e+02
-4.4006177953089332e+02
-4.4000000057581622e+02
-4.3993822169781214e+02
-4.4000000032974964e+02
-4.4006177903856883e+02
-4.4000000057595020e+02
-4.3993822219019933e+02
-4.4000000032983047e+02
-4.4006177854629243e+02
-4.4000000057620878e+02
-4.3993822268277887e+02
-4.4000000032995865e+02
-4.4006177805401967e+02
-4.4000000057618684e+02
-4.3993822317515668e+02
-4.4000000032999657e+02
-4.4006177756154597e+02
-4.4000000057621031e+02
-4.3993822366757939e+02
-4.4000000032997065e+02
-4.4006177706905203e+02
-4.4000000057602608e+02
-4.3993822415972903e+02
-4.4000000032969518e+02
-4.4006177657646367e+02
-4.4000000057581428e+02
-4.3993822465210718e+02
-4.4000000032975458e+02
-4.4006177608414038e+02
-4.4000000057593564e+02
-4.3993822514442576e+02
-4.4000000032967807e+02
-4.4006177559180571e+02
-4.4000000057582980e+02
-4.3993822563665486e+02
-4.4000000032962379e+02
-4.4006177509944303e+02
-4.4000000057591018e+02
-4.3993822612914380e+02
-4.4000000032967102e+02
-4.4006177460709478e+02
-4.4000000057590864e+02
-4.3993822662168168e+02
-4.4000000032978539e+02
-4.4006177411484816e+02
-4.4000000057612237e+02
-4.3993822711419102e+02
-4.4000000032996837e+02
-4.4006177362245944e+02
-4.4000000057613533e+02
-4.3993822760675761e+02
-4.4000000032991460e+02
-4.4006177313005730e+02
-4.4000000057608668e+02
-4.3993822809885597e+02
-4.4000000032971423e+02
-4.4006177263744252e+02
-4.4000000057592456e+02
-4.3993822859105398e+02
-4.4000000032958269e+02
-4.4006177214498297e+02
-4.4000000057587096e+02
-4.3993822908348631e+02
-4.4000000032950436e+02
-4.4006177165240246e+02
-4.4000000057567547e+02
-4.3993822957573445e+02
-4.4000000032941364e+02
-4.4006177115966932e+02
-4.4000000057551063e+02
-4.3993823006819156e+02
-4.4000000032930478e+02
-4.4006177066710848e+02
-4.4000000057531406e+02
-4.3993823056066373e+02
-4.4000000032919763e+02
-4.4006177017448584e+02
-4.4000000057545481e+02
-4.3993823105331717e+02
-4.4000000032931689e+02
-4.4006176968211577e+02
-4.4000000057542798e+02
-4.3993823154559789e+02
-4.4000000032914772e+02
-4.4006176918960466e+02
-4.4000000057540751e+02
-4.3993823203803572e+02
-4.4000000032922054e+02
-4.4006176869722844e+02
-4.4000000057564887e+02
-4.3993823253083559e+02
-4.4000000032941159e+02
-4.4006176820480505e+02
-4.4000000057569463e+02
-4.3993823302338916e+02
-4.4000000032939283e+02
-4.4006176771235573e+02
-4.4000000057578501e+02
-4.3993823351603515e+02
-4.4000000032960679e+02
-4.4006176721989027e+02
-4.4000000057576852e+02
-4.3993823400851238e+02
-4.4000000032937442e+02
-4.4006176672746005e+02
-4.4000000057593917e+02
-4.3993823450121693e+02
-4.4000000032972599e+02
-4.4006176623516461e+02
-4.4000000057604632e+02
-4.3993823499376526e+02
-4.4000000032973492e+02
-4.4006176574248150e+02
-4.4000000057592445e+02
-4.3993823548622049e+02
-4.4000000032965193e+02
-4.4006176524992736e+02
-4.4000000057592058e+02
-4.3993823597873285e+02
-4.4000000032966585e+02
-4.4006176475749680e+02
-4.4000000057609998e+02
-4.3993823647147849e+02
-4.4000000032980432e+02
-4.4006176426503657e+02
-4.4000000057608509e+02
-4.3993823696393451e+02
-4.4000000032980813e+02
-4.4006176377253433e+02
-4.4000000057600920e+02
