0.0000000000000000e+00
8.3736809491947507e-10
1.4789851229885055e-08
1.4815037882839785e-08
2.3969027595799001e-08
1.5491667530073990e-08
-6.0266079937941079e-07
-5.7510701289429454e-03
-2.3073595096562824e-04
-9.1662624653069447e-06
3.0586933866230931e-02
-1.1696756670736925e-07
-3.0587209730757299e-02
-1.2575547695701071e-07
2.4668366604489633e-02
3.2923996474634336e-02
-2.2450821832727414e-07
-3.2924493475983481e-02
-1.4383779490989787e-07
3.1697218934970885e-02
-2.3001521540259973e-07
-3.1697723277867858e-02
-1.3320205275736928e-07
3.1630069410054334e-02
-2.3041034276125427e-07
-3.1630574439108987e-02
-1.3276031668909996e-07
3.1626636235966857e-02
-2.3048079563334820e-07
-3.1627141512020042e-02
-1.3275874576173742e-07
3.1626704149382817e-02
-2.3043488064951897e-07
-3.1627209402543342e-02
-1.3277875566021050e-07
3.1626899545389789e-02
-2.3060224823857254e-07
-3.1627404900933631e-02
-1.3293566558748831e-07
3.1627094915122236e-02
-2.3078833051877054e-07
-3.1627600435771987e-02
-1.3298091101941560e-07
3.1627290243068075e-02
-2.3072986371524535e-07
-3.1627795896373934e-02
-1.3302167374947049e-07
3.1627485672660750e-02
-2.3078872986674056e-07
-3.1627991368184123e-02
-1.3299639606659724e-07
3.1627681233172208e-02
-2.3066577567536847e-07
-3.1628186672250244e-02
-1.3280693105620336e-07
3.1627876804740176e-02
-2.3053216997223780e-07
-3.1628382112496981e-02
-1.3291348228535806e-07
3.1628072212373667e-02
-2.3057910516345528e-07
-3.1628577415247112e-02
-1.3273676570058045e-07
3.1628267744314528e-02
-2.3044718999615249e-07
-3.1628772864605352e-02
-1.3272811470668939e-07
3.1628463185279239e-02
-2.3044975108413546e-07
-3.1628968342937436e-02
-1.3275013646210273e-07
3.1628658605027338e-02
-2.3049340018091453e-07
-3.1629163909351526e-02
-1.3290813520723278e-07
3.1628853867410135e-02
-2.3072209698698801e-07
-3.1629359528746889e-02
-1.3313878793127652e-07
3.1629049200305598e-02
-2.3081036116150729e-07
-3.1629555125374326e-02
-1.3309295632568082e-07
3.1629244675653007e-02
-2.3081136222552801e-07
-3.1629750421126548e-02
-1.3292678074780844e-07
3.1629440331529653e-02
-2.3063368503079303e-07
-3.1629945664206766e-02
-1.3282279772046889e-07
3.1629635848695992e-02
-2.3049806781017818e-07
-3.1630141003575293e-02
-1.3265338755316089e-07
3.1629831423956062e-02
-2.3037545568472799e-07
-3.1630336425865380e-02
-1.3268500232545389e-07
3.1630027025554362e-02
-2.3030888622634940e-07
-3.1630531823861233e-02
-1.3262699876723326e-07
3.1630222467547923e-02
-2.3026846401721859e-07
-3.1630727414782865e-02
-1.3256200053693256e-07
3.1630418074601874e-02
-2.3031962782220727e-07
-3.1630922904202816e-02
-1.3263309755417377e-07
3.1630613478568569e-02
-2.3021681140544736e-07
-3.1631118182051172e-02
-1.3247782433322872e-07
3.1630808970545113e-02
-2.3025842843377464e-07
-3.1631313652107786e-02
-1.3252927496807575e-07
3.1631004386574749e-02
-2.3034580356782756e-07
-3.1631509224915234e-02
-1.3258034839928437e-07
3.1631199835911866e-02
-2.3034569096209314e-07
-3.1631704689436220e-02
-1.3251869443400263e-07
3.1631395292329119e-02
-2.3038201505776805e-07
-3.1631900208142077e-02
-1.3265165896524359e-07
3.1631590791588893e-02
-2.3029198039107732e-07
-3.1632095707847793e-02
-1.3254536808860834e-07
3.1631786133605191e-02
-2.3046171256366930e-07
-3.1632291262941828e-02
-1.3273218779825660e-07
3.1631981434667417e-02
-2.3047365178495208e-07
-3.1632486652179721e-02
-1.3269372609578690e-07
3.1632177043846466e-02
-2.3041588734077737e-07
-3.1632682127979921e-02
-1.3272210522294429e-07
3.1632372596153806e-02
-2.3038460018993715e-07
-3.1632877602457081e-02
-1.3268377087857782e-07
3.1632568001978070e-02
-2.3053036650943838e-07
-3.1633073157333144e-02
-1.3271224925284739e-07
3.1632763474326898e-02
-2.3048425836646668e-07
-3.1633268599167041e-02
-1.3276373701275005e-07
3.1632958838133961e-02
-2.3046823436353738e-07
