0.0000000000000000e+00
8.2336907499522110e-10
1.4766633031084886e-08
1.4772588064697049e-08
2.3934288552196978e-08
1.5449707430793700e-08
-6.0271054874783428e-07
-5.7510701793922481e-03
-2.3073601978648359e-04
-9.1662859462204389e-06
3.0586933843386472e-02
-1.1698916475131449e-07
-3.0587209819137338e-02
-1.2582333960457764e-07
2.4668366528406861e-02
3.2923996421023151e-02
-2.2451703587749886e-07
-3.2924493461620123e-02
-1.4385296117393001e-07
3.1697218881829949e-02
-2.3005826894242035e-07
-3.1697723279053208e-02
-1.3332767496022042e-07
3.1630069227478852e-02
-2.3051250269838816e-07
-3.1630574500415114e-02
-1.3287356900868534e-07
3.1626636001185739e-02
-2.3065399953579749e-07
-3.1627141687862799e-02
-1.3291106055472865e-07
3.1626703964920601e-02
-2.3059225324184643e-07
-3.1627209476553328e-02
-1.3292087913497688e-07
3.1626899354968367e-02
-2.3082066082801564e-07
-3.1627405050612352e-02
-1.3314285651215024e-07
3.1627094501426235e-02
-2.3107602072860090e-07
-3.1627600625338773e-02
-1.3325566582949880e-07
3.1627289900761482e-02
-2.3097726596952823e-07
-3.1627796040102282e-02
-1.3324471842878561e-07
3.1627485419382775e-02
-2.3098903270233083e-07
-3.1627991478081659e-02
-1.3320172106258115e-07
3.1627681011634740e-02
-2.3083090453888231e-07
-3.1628186834665430e-02
-1.3300108169576799e-07
3.1627876562206107e-02
-2.3075716366493329e-07
-3.1628382427201097e-02
-1.3315453475332403e-07
3.1628071977514861e-02
-2.3086751867898794e-07
-3.1628577807204065e-02
-1.3309990991648571e-07
3.1628267372783000e-02
-2.3086296492476704e-07
-3.1628773216345850e-02
-1.3312860456808191e-07
3.1628462792972621e-02
-2.3084510127999087e-07
-3.1628968667174177e-02
-1.3309971556757951e-07
3.1628658207351355e-02
-2.3087824755447010e-07
-3.1629164287530695e-02
-1.3322139310318542e-07
3.1628853546237540e-02
-2.3113277734118558e-07
-3.1629360008371007e-02
-1.3347739377346924e-07
3.1629048963415007e-02
-2.3117296731982277e-07
-3.1629555641923414e-02
-1.3344487796183735e-07
3.1629244484902549e-02
-2.3109011811727131e-07
-3.1629750776673564e-02
-1.3319554582791625e-07
3.1629440105031756e-02
-2.3093798402539928e-07
-3.1629945980016880e-02
-1.3306560185809805e-07
3.1629635651394546e-02
-2.3080279090214974e-07
-3.1630141423356059e-02
-1.3299236381165627e-07
3.1629831287976341e-02
-2.3061688398310729e-07
-3.1630336726258403e-02
-1.3293606517062017e-07
3.1630026861715885e-02
-2.3051207297344196e-07
-3.1630532133531633e-02
-1.3280121062481747e-07
3.1630222342161000e-02
-2.3046504271494333e-07
-3.1630727662351296e-02
-1.3275019339018759e-07
3.1630417985899141e-02
-2.3053043944765021e-07
-3.1630923240398005e-02
-1.3282958273154061e-07
3.1630613359518799e-02
-2.3047594745435461e-07
-3.1631118558280415e-02
-1.3280024035151472e-07
3.1630808802702748e-02
-2.3052214613865133e-07
-3.1631314123277299e-02
-1.3288455302604354e-07
3.1631004167659099e-02
-2.3077146090654617e-07
-3.1631509816844552e-02
-1.3304597096239736e-07
3.1631199512563463e-02
-2.3075920252109848e-07
-3.1631705347210617e-02
-1.3299242603274776e-07
3.1631394955501477e-02
-2.3092333587261623e-07
-3.1631900981128676e-02
-1.3324485770865755e-07
3.1631590454161237e-02
-2.3084108562017538e-07
-3.1632096370831524e-02
-1.3300247591415329e-07
3.1631785822172249e-02
-2.3092143215048910e-07
-3.1632291852626802e-02
-1.3319118213115333e-07
3.1631981170972615e-02
-2.3093307354229688e-07
-3.1632487263037593e-02
-1.3310348755762370e-07
3.1632176799951298e-02
-2.3077716532062057e-07
-3.1632682704282822e-02
-1.3313374146190368e-07
3.1632372241430833e-02
-2.3084710644632740e-07
-3.1632878240114612e-02
-1.3323163439898021e-07
3.1632567612854302e-02
-2.3103702138510134e-07
-3.1633073829753104e-02
-1.3336692993465476e-07
3.1632762944693339e-02
-2.3109620170269489e-07
-3.1633269308814209e-02
-1.3330373530506723e-07
3.1632958418336084e-02
-2.3109955392415330e-07
