0.0000000000000000e+00
8.8000000037622826e+01
1.7600000003491249e+02
2.6400000003494097e+02
3.5200000009625808e+02
4.4000000005951938e+02
4.4000000381970102e+02
4.4000270435564045e+02
4.4000010952281752e+02
4.4000000417878618e+02
4.4009102567481273e+02
4.4000000017532756e+02
4.3990897470700810e+02
4.4000000018774324e+02
4.4007327005060012e+02
4.4009730148281966e+02
4.4000000033668988e+02
4.3990269922604989e+02
4.4000000021378230e+02
4.4009362042016340e+02
4.4000000034489278e+02
4.3990638030237523e+02
4.4000000019784704e+02
4.4009341809669360e+02
4.4000000034535339e+02
4.3990658262659554e+02
4.4000000019696790e+02
4.4009340691463257e+02
4.4000000034528119e+02
4.3990659380861041e+02
4.4000000019682244e+02
4.4009340623495069e+02
4.4000000034530257e+02
4.3990659448837249e+02
4.4000000019689998e+02
4.4009340593801903e+02
4.4000000034523845e+02
4.3990659478522366e+02
4.4000000019679101e+02
4.4009340564100086e+02
4.4000000034527670e+02
4.3990659508224860e+02
4.4000000019684023e+02
4.4009340534409165e+02
4.4000000034533321e+02
4.3990659537918839e+02
4.4000000019686360e+02
4.4009340504709201e+02
4.4000000034532150e+02
4.3990659567615637e+02
4.4000000019687172e+02
4.4009340475017473e+02
4.4000000034527750e+02
4.3990659597297559e+02
4.4000000019679135e+02
4.4009340445314695e+02
4.4000000034516995e+02
4.3990659626983751e+02
4.4000000019672041e+02
4.4009340415623569e+02
4.4000000034521224e+02
4.3990659656681481e+02
4.4000000019675991e+02
4.4009340385936429e+02
4.4000000034517484e+02
4.3990659686361403e+02
4.4000000019669551e+02
4.4009340356243206e+02
4.4000000034526249e+02
4.3990659716063863e+02
4.4000000019674616e+02
4.4009340326550102e+02
4.4000000034522304e+02
4.3990659745758319e+02
4.4000000019672086e+02
4.4009340296855493e+02
4.4000000034519502e+02
4.3990659775442225e+02
4.4000000019666055e+02
4.4009340267154130e+02
4.4000000034514346e+02
4.3990659805137398e+02
4.4000000019664571e+02
4.4009340237463755e+02
4.4000000034513607e+02
4.3990659834825721e+02
4.4000000019665299e+02
4.4009340207766047e+02
4.4000000034513874e+02
4.3990659864523201e+02
4.4000000019663833e+02
4.4009340178073296e+02
4.4000000034522043e+02
4.3990659894227281e+02
4.4000000019668136e+02
4.4009340148375850e+02
4.4000000034517956e+02
4.3990659923915860e+02
4.4000000019660297e+02
4.4009340118661316e+02
4.4000000034510015e+02
4.3990659953621315e+02
4.4000000019659063e+02
4.4009340088951319e+02
4.4000000034494758e+02
4.3990659983312537e+02
4.4000000019654158e+02
4.4009340059251622e+02
4.4000000034502989e+02
4.3990660013024501e+02
4.4000000019658563e+02
4.4009340029553482e+02
4.4000000034508179e+02
4.3990660042722766e+02
4.4000000019650872e+02
4.4009339999849158e+02
4.4000000034501727e+02
4.3990660072414789e+02
4.4000000019651384e+02
4.4009339970150569e+02
4.4000000034509037e+02
4.3990660102131500e+02
4.4000000019659859e+02
4.4009339940447938e+02
4.4000000034514227e+02
4.3990660131837086e+02
4.4000000019663730e+02
4.4009339910747940e+02
4.4000000034513255e+02
4.3990660161544054e+02
4.4000000019665873e+02
4.4009339881051278e+02
4.4000000034520184e+02
4.3990660191247287e+02
4.4000000019660081e+02
4.4009339851343782e+02
4.4000000034524737e+02
4.3990660220965901e+02
4.4000000019676429e+02
4.4009339821646739e+02
4.4000000034534287e+02
4.3990660250680753e+02
4.4000000019683614e+02
4.4009339791940346e+02
4.4000000034532786e+02
4.3990660280380450e+02
4.4000000019672393e+02
4.4009339762234652e+02
4.4000000034530495e+02
4.3990660310081148e+02
4.4000000019670790e+02
4.4009339732530407e+02
4.4000000034531632e+02
4.3990660339798507e+02
4.4000000019676469e+02
4.4009339702824616e+02
4.4000000034529501e+02
4.3990660369498033e+02
4.4000000019677424e+02
4.4009339673116233e+02
4.4000000034522571e+02
