2.9999999999999983e+02
2.9999999999999983e+02
2.9999999999999983e+02
2.9999999999999983e+02
3.5200000009625819e+02
4.4000000005951961e+02
4.4000000381970148e+02
4.4000270435564050e+02
4.4000010952281735e+02
4.4000000417878607e+02
4.4009102567481295e+02
4.4006654442597159e+02
4.4006654442597159e+02
4.4006654442597159e+02
4.4007327005060000e+02
4.4009730148281994e+02
4.4009222617139096e+02
4.4009222617139096e+02
4.4009222617139096e+02
4.4009362042016329e+02
4.4009334157040865e+02
4.4009334157040865e+02
4.4009334157040865e+02
4.4009341809669348e+02
4.4009340279143669e+02
4.4009340279143669e+02
4.4009340279143669e+02
4.4009340691463228e+02
4.4009340608999321e+02
4.4009340608999321e+02
4.4009340608999321e+02
4.4009340623495063e+02
4.4009340620595918e+02
4.4009340620595918e+02
4.4009340620595918e+02
4.4009340620595918e+02
4.4009340620595918e+02
4.4009340620595918e+02
4.4009340620595918e+02
4.4009340620595918e+02
4.4009340620595918e+02
4.4009340620595918e+02
4.4009340620595918e+02
4.4009340620595918e+02
4.4009340620595918e+02
4.4009340620595918e+02
4.4009340620595918e+02
4.4009340620595918e+02
4.4009340620595918e+02
4.4009340620595918e+02
4.4009340620595918e+02
4.4009340620595918e+02
4.4009340620595918e+02
4.4009340620595918e+02
4.4009340620595918e+02
4.4009340620595918e+02
4.4009340620595918e+02
4.4009340620595918e+02
4.4009340620595918e+02
4.4009340620595918e+02
4.4009340620595918e+02
4.4009340620595918e+02
4.4009340620595918e+02
4.4009340620595918e+02
4.4009340620595918e+02
4.4009340620595918e+02
4.4009340620595918e+02
4.4009340620595918e+02
4.4009340620595918e+02
4.4009340620595918e+02
4.4009340620595918e+02
4.4009340620595918e+02
4.4009340620595918e+02
4.4009340620595918e+02
4.4009340620595918e+02
4.4009340620595918e+02
4.4009340620595918e+02
4.4009340620595918e+02
4.4009340620595918e+02
4.4009340620595918e+02
4.4009340620595918e+02
4.4009340620595918e+02
4.4009340620595918e+02
4.4009340620595918e+02
4.4009340620595918e+02
4.4009340620595918e+02
4.4009340620595918e+02
4.4009340620595918e+02
4.4009340620595918e+02
4.4009340620595918e+02
4.4009340620595918e+02
4.4009340620595918e+02
4.4009340620595918e+02
4.4009340620595918e+02
4.4009340620595918e+02
4.4009340620595918e+02
4.4009340620595918e+02
4.4009340620595918e+02
4.4009340620595918e+02
4.4009340620595918e+02
4.4009340620595918e+02
4.4009340620595918e+02
4.4009340620595918e+02
4.4009340620595918e+02
4.4009340620595918e+02
4.4009340620595918e+02
4.4009340620595918e+02
4.4009340620595918e+02
4.4009340620595918e+02
4.4009340620595918e+02
4.4009340620595918e+02
4.4009340620595918e+02
4.4009340620595918e+02
4.4009340620595918e+02
4.4009340620595918e+02
4.4009340620595918e+02
4.4009340620595918e+02
4.4009340620595918e+02
4.4009340620595918e+02
4.4009340620595918e+02
4.4009340620595918e+02
4.4009340620595918e+02
4.4009340620595918e+02
4.4009340620595918e+02
4.4009340620595918e+02
4.4009340620595918e+02
4.4009340620595918e+02
4.4009340620595918e+02
4.4009340620595918e+02
4.4009340620595918e+02
4.4009340620595918e+02
4.4009340620595918e+02
4.4009340620595918e+02
4.4009340620595918e+02
4.4009340620595918e+02
4.4009340620595918e+02
4.4009340620595918e+02
4.4009340620595918e+02
4.4009340620595918e+02
4.4009340620595918e+02
4.4009340620595918e+02
4.4009340620595918e+02
4.4009340620595918e+02
4.4009340620595918e+02
4.4009340620595918e+02
4.4009340620595918e+02
4.4009340620595918e+02
4.4009340620595918e+02
4.4009340620595918e+02
4.4009340620595918e+02
4.4009340620595918e+02
4.4009340620595918e+02
4.4009340620595918e+02
4.4009340620595918e+02
4.4009340620595918e+02
4.4009340620595918e+02
4.4009340620595918e+02
4.4009340620595918e+02
4.4009340620595918e+02
4.4009340620595918e+02
4.4009340620595918e+02
