0.0000000000000000e+00
0.0000000000000000e+00
0.0000000000000000e+00
0.0000000000000000e+00
-2.4765235031608319e+00
-8.4362678726091467e+00
-1.2692572296816028e+01
-1.5732870796226660e+01
-1.7904473009755975e+01
-1.9455597064083218e+01
-2.0563532467136721e+01
-2.0563532467136721e+01
-2.0563532467136721e+01
-2.0563532467136721e+01
-2.0563532467136721e+01
-2.0563532467136721e+01
-2.0563532467136753e+01
-2.0563532467136760e+01
-2.0563532467136785e+01
-2.0563532467136810e+01
-2.0563532467136881e+01
-2.0563532467136881e+01
-2.0563532467136881e+01
-2.0563532467136881e+01
-2.0563532467136881e+01
-1.6835274871378655e+01
-1.4171472160554417e+01
-1.2268787628236998e+01
-1.0909711616566147e+01
-9.9389351846881446e+00
-9.2455194292067269e+00
-9.2455194292067269e+00
-9.2455194292067269e+00
-9.2455194292067269e+00
-9.2455194292067269e+00
-9.2455194292067286e+00
-9.2455194292067233e+00
-9.2455194292067109e+00
-9.2455194292066896e+00
-9.2455194292066984e+00
-9.2455194292067215e+00
-9.2455194292067215e+00
-9.2455194292067215e+00
-9.2455194292067215e+00
-9.2455194292067215e+00
-9.2455194292067215e+00
-9.2455194292067411e+00
-9.2455194292067429e+00
-9.2455194292067464e+00
-9.2455194292067571e+00
-9.2455194292067571e+00
-9.2455194292067571e+00
-9.2455194292067571e+00
-9.2455194292067571e+00
-9.2455194292067571e+00
-9.2455194292067571e+00
-9.2455194292067500e+00
-9.2455194292067322e+00
-9.2455194292067340e+00
-9.2455194292067393e+00
-9.2455194292067286e+00
-9.2455194292067286e+00
-9.2455194292067286e+00
-9.2455194292067286e+00
-9.2455194292067286e+00
-8.7502320293854723e+00
-8.3987321239148578e+00
-8.1453706196090501e+00
-7.9643980155151635e+00
-7.8351316905270094e+00
-7.7427985297925481e+00
-7.7427985297925455e+00
-7.7427985297925455e+00
-7.7427985297925455e+00
-7.7427985297925455e+00
-7.7427985297925428e+00
-7.7427985297925463e+00
-7.7427985297925179e+00
-7.7427985297925082e+00
-7.7427985297925126e+00
-7.7427985297924957e+00
-7.7427985297924957e+00
-7.7427985297924957e+00
-7.7427985297924957e+00
-7.7427985297924957e+00
-7.7427985297924957e+00
-7.7427985297924957e+00
-7.7427985297924957e+00
-7.7427985297924957e+00
-7.7427985297924957e+00
-7.7427985297924957e+00
-7.7427985297924957e+00
-7.7427985297924957e+00
-7.7427985297924957e+00
-7.7427985297924957e+00
-7.7427985297924957e+00
-7.7427985297924948e+00
-7.7427985297924824e+00
-7.7427985297924753e+00
-7.7427985297925126e+00
-7.7427985297925179e+00
-7.7427985297925179e+00
-7.7427985297925179e+00
-7.7427985297925179e+00
-7.7427985297925179e+00
-7.6768464855265490e+00
-7.6319376673518189e+00
-7.5976598663601571e+00
-7.5731757348102562e+00
-7.5522922388450215e+00
-7.5407702905432048e+00
-7.5407702905432030e+00
-7.5407702905432030e+00
-7.5407702905432030e+00
-7.5407702905432030e+00
-7.5407702905432030e+00
-7.5407702905432137e+00
-7.5407702905432146e+00
-7.5407702905431924e+00
-7.5407702905431950e+00
-7.5407702905432075e+00
-7.5407702905432075e+00
-7.5407702905432075e+00
-7.5407702905432075e+00
-7.5407702905432075e+00
-7.5407702905432075e+00
-7.5407702905432075e+00
-7.5407702905432075e+00
-7.5407702905432075e+00
-7.5407702905432075e+00
-7.5407702905432075e+00
-7.5407702905432075e+00
-7.5407702905432075e+00
-7.5407702905432075e+00
-7.5407702905432075e+00
-7.5407702905432075e+00
-7.5407702905431817e+00
-7.5407702905432048e+00
-7.5407702905432021e+00
-7.5407702905431941e+00
-7.5407702905431879e+00
-7.5407702905431879e+00
-7.5407702905431879e+00
-7.5407702905431879e+00
-7.5407702905431879e+00
-7.5325403238708084e+00
-7.5288497823216769e+00
-7.5240256684111086e+00
-7.5187848027159667e+00
-7.5168363988401969e+00
-7.5160984588637003e+00
-7.5160984588637003e+00
-7.5160984588636950e+00
-7.5160984588636950e+00
-7.5160984588636950e+00
-7.5160984588636950e+00
-7.5160984588636950e+00
-7.5160984588636772e+00
-7.5160984588636639e+00
-7.5160984588636870e+00
-7.5160984588636985e+00
