0.0000000000000000e+00
0.0000000000000000e+00
0.0000000000000000e+00
0.0000000000000000e+00
1.2382617515802332e+00
4.2181339363030439e+00
6.3462861484059250e+00
7.8664353981107036e+00
8.9522365048753514e+00
9.7277985320387632e+00
1.0281766233565467e+01
1.0281766233565463e+01
1.0281766233565438e+01
1.0281766233565444e+01
1.0281766233565460e+01
1.0281766233565440e+01
1.0281766233565437e+01
1.0281766233565445e+01
1.0281766233565424e+01
1.0281766233565428e+01
1.0281766233565442e+01
1.0281766233565438e+01
1.0281766233565433e+01
1.0281766233565422e+01
1.0281766233565429e+01
8.4176374356863644e+00
7.0857360802742502e+00
6.1343938141156409e+00
5.4548558082803034e+00
4.9694675923413962e+00
4.6227597146007531e+00
4.6227597146007549e+00
4.6227597146007531e+00
4.6227597146007477e+00
4.6227597146007433e+00
4.6227597146007380e+00
4.6227597146007371e+00
4.6227597146007353e+00
4.6227597146007264e+00
4.6227597146007327e+00
4.6227597146007460e+00
4.6227597146007424e+00
4.6227597146007433e+00
4.6227597146007424e+00
4.6227597146007371e+00
4.6227597146007327e+00
4.6227597146007291e+00
4.6227597146007300e+00
4.6227597146007309e+00
4.6227597146007300e+00
4.6227597146007300e+00
4.6227597146007300e+00
4.6227597146007282e+00
4.6227597146007264e+00
4.6227597146007247e+00
4.6227597146007255e+00
4.6227597146007255e+00
4.6227597146007229e+00
4.6227597146007211e+00
4.6227597146007167e+00
4.6227597146007176e+00
4.6227597146007167e+00
4.6227597146007176e+00
4.6227597146007167e+00
4.6227597146007149e+00
4.3751160146902581e+00
4.1993660619550299e+00
4.0726853098021936e+00
3.9821990077552925e+00
3.9175658452612412e+00
3.8713992648940385e+00
3.8713992648940398e+00
3.8713992648940319e+00
3.8713992648940301e+00
3.8713992648940350e+00
3.8713992648940350e+00
3.8713992648940430e+00
3.8713992648940367e+00
3.8713992648940305e+00
3.8713992648940376e+00
3.8713992648940256e+00
3.8713992648940216e+00
3.8713992648940314e+00
3.8713992648940341e+00
3.8713992648940350e+00
3.8713992648940341e+00
3.8713992648940394e+00
3.8713992648940359e+00
3.8713992648940376e+00
3.8713992648940447e+00
3.8713992648940470e+00
3.8713992648940421e+00
3.8713992648940492e+00
3.8713992648940492e+00
3.8713992648940558e+00
3.8713992648940492e+00
3.8713992648940558e+00
3.8713992648940518e+00
3.8713992648940487e+00
3.8713992648940625e+00
3.8713992648940647e+00
3.8713992648940647e+00
3.8713992648940647e+00
3.8713992648940563e+00
3.8713992648940629e+00
3.8384232427611140e+00
3.8159688336737645e+00
3.7988299331779531e+00
3.7865878674030173e+00
3.7761461194204080e+00
3.7703851452695081e+00
3.7703851452695085e+00
3.7703851452695050e+00
3.7703851452695050e+00
3.7703851452695063e+00
3.7703851452694979e+00
3.7703851452695027e+00
3.7703851452695032e+00
3.7703851452695072e+00
3.7703851452695147e+00
3.7703851452695192e+00
3.7703851452695147e+00
3.7703851452695090e+00
3.7703851452695085e+00
3.7703851452695081e+00
3.7703851452695059e+00
3.7703851452695072e+00
3.7703851452695059e+00
3.7703851452695076e+00
3.7703851452695121e+00
3.7703851452695121e+00
3.7703851452695134e+00
3.7703851452695085e+00
3.7703851452695090e+00
3.7703851452695094e+00
3.7703851452695067e+00
3.7703851452694912e+00
3.7703851452695032e+00
3.7703851452695023e+00
3.7703851452694988e+00
3.7703851452694970e+00
3.7703851452694996e+00
3.7703851452694983e+00
3.7703851452694996e+00
3.7703851452695036e+00
3.7662701619333090e+00
3.7644248911587432e+00
3.7620128342034640e+00
3.7593924013558944e+00
3.7584181994179993e+00
3.7580492294297478e+00
3.7580492294297412e+00
3.7580492294297372e+00
3.7580492294297323e+00
3.7580492294297403e+00
3.7580492294297381e+00
3.7580492294297336e+00
3.7580492294297372e+00
3.7580492294297310e+00
3.7580492294297425e+00
3.7580492294297341e+00
