0.0000000000000000e+00
0.0000000000000000e+00
0.0000000000000000e+00
0.0000000000000000e+00
1.2382617515805956e+00
4.2181339363060903e+00
6.3462861484100959e+00
7.8664353981160051e+00
8.9522365048806929e+00
9.7277985320445151e+00
1.0281766233571323e+01
1.0281766233571330e+01
1.0281766233571307e+01
1.0281766233571293e+01
1.0281766233571311e+01
1.0281766233571291e+01
1.0281766233571290e+01
1.0281766233571318e+01
1.0281766233571313e+01
1.0281766233571318e+01
1.0281766233571338e+01
1.0281766233571323e+01
1.0281766233571325e+01
1.0281766233571323e+01
1.0281766233571329e+01
8.4176374356921713e+00
7.0857360802800429e+00
6.1343938141212604e+00
5.4548558082857372e+00
4.9694675923466187e+00
4.6227597146058450e+00
4.6227597146058468e+00
4.6227597146058450e+00
4.6227597146058406e+00
4.6227597146058326e+00
4.6227597146058255e+00
4.6227597146058237e+00
4.6227597146058210e+00
4.6227597146058166e+00
4.6227597146058184e+00
4.6227597146058219e+00
4.6227597146058192e+00
4.6227597146058237e+00
4.6227597146058184e+00
4.6227597146058130e+00
4.6227597146058086e+00
4.6227597146058121e+00
4.6227597146058130e+00
4.6227597146058130e+00
4.6227597146058192e+00
4.6227597146058192e+00
4.6227597146058192e+00
4.6227597146058201e+00
4.6227597146058201e+00
4.6227597146058157e+00
4.6227597146058175e+00
4.6227597146058059e+00
4.6227597146057997e+00
4.6227597146057979e+00
4.6227597146057926e+00
4.6227597146057899e+00
4.6227597146057988e+00
4.6227597146057979e+00
4.6227597146057970e+00
4.6227597146057944e+00
4.3751160146949903e+00
4.1993660619595818e+00
4.0726853098066123e+00
3.9821990077596237e+00
3.9175658452655218e+00
3.8713992648982800e+00
3.8713992648982778e+00
3.8713992648982698e+00
3.8713992648982689e+00
3.8713992648982742e+00
3.8713992648982796e+00
3.8713992648982818e+00
3.8713992648982671e+00
3.8713992648982596e+00
3.8713992648982671e+00
3.8713992648982636e+00
3.8713992648982614e+00
3.8713992648982725e+00
3.8713992648982805e+00
3.8713992648982813e+00
3.8713992648982773e+00
3.8713992648982822e+00
3.8713992648982800e+00
3.8713992648982822e+00
3.8713992648982849e+00
3.8713992648982858e+00
3.8713992648982840e+00
3.8713992648982876e+00
3.8713992648982876e+00
3.8713992648982960e+00
3.8713992648982907e+00
3.8713992648982951e+00
3.8713992648982840e+00
3.8713992648982840e+00
3.8713992648982947e+00
3.8713992648982902e+00
3.8713992648982933e+00
3.8713992648982956e+00
3.8713992648982858e+00
3.8713992648982898e+00
3.8384232427652689e+00
3.8159688336778754e+00
3.7988299331820237e+00
3.7865878674070599e+00
3.7761461194244226e+00
3.7703851452735071e+00
3.7703851452735067e+00
3.7703851452735027e+00
3.7703851452735035e+00
3.7703851452735053e+00
3.7703851452734978e+00
3.7703851452735000e+00
3.7703851452734960e+00
3.7703851452734867e+00
3.7703851452734876e+00
3.7703851452734898e+00
3.7703851452734836e+00
3.7703851452734787e+00
3.7703851452734778e+00
3.7703851452734769e+00
3.7703851452734760e+00
3.7703851452734720e+00
3.7703851452734782e+00
3.7703851452734818e+00
3.7703851452734871e+00
3.7703851452734853e+00
3.7703851452734849e+00
3.7703851452734822e+00
3.7703851452734831e+00
3.7703851452734845e+00
3.7703851452734809e+00
3.7703851452734813e+00
3.7703851452734818e+00
3.7703851452734742e+00
3.7703851452734725e+00
3.7703851452734716e+00
3.7703851452734711e+00
3.7703851452734698e+00
3.7703851452734711e+00
3.7703851452734716e+00
3.7662701619372636e+00
3.7644248911626894e+00
3.7620128342074040e+00
3.7593924013598263e+00
3.7584181994219401e+00
3.7580492294336958e+00
3.7580492294336922e+00
3.7580492294336869e+00
3.7580492294336838e+00
3.7580492294336847e+00
3.7580492294336838e+00
3.7580492294336847e+00
3.7580492294336816e+00
3.7580492294336816e+00
3.7580492294336940e+00
3.7580492294336967e+00
