0.0000000000000000e+00
-8.0000000033819056e-04
-1.6000000002497480e-03
-2.4000000002496573e-03
-3.5715801131102690e-03
-5.2656405462984876e-03
-5.9038858459422791e-03
-6.3599552698030970e-03
-6.6856835562451042e-03
-6.9183459778811001e-03
-7.0845331420567289e-03
-6.2848389996866859e-03
-5.4845298710276876e-03
-4.6845298701362675e-03
-3.8845298703184608e-03
-3.0845298700695918e-03
-3.0845298700688129e-03
-3.0845298700689313e-03
-3.0845298700687149e-03
-3.0845298700685891e-03
-3.0845298700686872e-03
-2.2845298704052127e-03
-1.4845298703178831e-03
-6.8452987031783182e-04
1.1547012968267659e-04
1.4744770926857268e-03
1.8742791749468139e-03
2.1596722096454191e-03
2.3635383582190717e-03
2.5091572195313902e-03
2.6131708080569687e-03
1.8128004262022758e-03
1.0131720844518649e-03
2.1317208557637156e-04
-5.8682791462979741e-04
-1.3868279143797253e-03
-1.3868279143796403e-03
-1.3868279143796195e-03
-1.3868279143795584e-03
-1.3868279143795029e-03
-1.3868279143794376e-03
-2.1868279147176902e-03
-2.9868279146300363e-03
-3.7868279146300592e-03
-4.5868279146295005e-03
-5.3868279146294176e-03
-5.3868460197701914e-03
-5.3868641249112965e-03
-5.3868822300531831e-03
-5.3869003351945883e-03
-5.3869184403367134e-03
-4.5868279147162922e-03
-3.7868279145624193e-03
-2.9868279146276900e-03
-2.1868279146275314e-03
-1.3868279143783597e-03
-1.3868279143782079e-03
-1.3868279143781480e-03
-1.3868279143781480e-03
-1.3868279143785783e-03
-1.3868279143782890e-03
-5.8682791471553286e-04
2.1317208537200422e-04
1.0131720853710903e-03
1.8131720853719775e-03
2.6874610374700869e-03
2.7396852781959719e-03
2.7781942702791371e-03
2.8053402015351435e-03
2.8247302019817197e-03
2.8385801978578398e-03
2.0385802204035885e-03
1.2385802202843786e-03
4.3858022028475142e-04
-3.6141977971520676e-04
-1.1614197794649875e-03
-1.1614197794651438e-03
-1.1614197794657414e-03
-1.1614197794656855e-03
-1.1614197794654467e-03
-1.1614197794652691e-03
-1.9614197798043741e-03
-2.7614197797163212e-03
-3.5614197797163762e-03
-4.3614197797168346e-03
-5.1614197797161315e-03
-5.1614485984646987e-03
-5.1614774172144577e-03
-5.1615062359651118e-03
-5.1615350547161969e-03
-5.1615638734682752e-03
-4.3614197798030321e-03
-3.5614197796155758e-03
-2.7614197797145093e-03
-1.9614197797142401e-03
-1.1614197794655662e-03
-1.1614197794647756e-03
-1.1614197794647867e-03
-1.1614197794644126e-03
-1.1614197794642409e-03
-1.1614197794637870e-03
-3.6141977980265683e-04
4.3858022028575773e-04
1.2385802202854535e-03
2.0385802202856468e-03
2.8484729440782573e-03
2.8547276566095355e-03
2.8603510200302571e-03
2.8640236368878223e-03
2.8676962402571465e-03
2.8688844518617563e-03
2.0688844562850779e-03
1.2688844561726314e-03
4.6888445617214301e-04
-3.3111554382813318e-04
-1.1311155435778952e-03
-1.1311155435776879e-03
-1.1311155435780218e-03
-1.1311155435782994e-03
-1.1311155435787148e-03
-1.1311155435794733e-03
-1.9311155439164682e-03
-2.7311155438294104e-03
-3.5311155438297985e-03
-4.3311155438297850e-03
-5.1311155438299874e-03
-5.1311459919301207e-03
-5.1311764400312132e-03
-5.1312068881329605e-03
-5.1312373362358207e-03
-5.1312677843398935e-03
-4.3311155439176270e-03
-3.5311155437253985e-03
-2.7311155438297444e-03
-1.9311155438293853e-03
-1.1311155435802000e-03
-1.1311155435800178e-03
-1.1311155435786919e-03
-1.1311155435778509e-03
-1.1311155435778512e-03
-1.1311155435771124e-03
-3.3111554391671727e-04
4.6888445617129619e-04
1.2688844561710810e-03
2.0688844561716998e-03
2.8701189487567065e-03
2.8701939241184966e-03
2.8713961488398129e-03
2.8725983721165698e-03
2.8724745388896454e-03
2.8723507056472165e-03
2.0725852310354686e-03
1.2721796196165282e-03
4.7258522962338018e-04
-3.2741476883358625e-04
-1.1274147688256984e-03
-1.1274147688260473e-03
-1.1274147688255564e-03
-1.1274147688260119e-03
-1.1274147688267460e-03
-1.1274147688272629e-03
