0.0000000000000000e+00
2.0000000008949361e-04
4.0000000014664406e-04
6.0000000014663883e-04
9.8571714744584297e-04
1.6326762338715285e-03
1.9519429224769511e-03
2.1799600033073777e-03
2.3428327716482106e-03
2.4591683978938445e-03
2.5422642295100913e-03
2.3422453415152871e-03
2.1422649355976398e-03
1.9422649350744957e-03
1.7422649351814881e-03
1.5422649350353441e-03
1.5422649350354284e-03
1.5422649350356366e-03
1.5422649350352452e-03
1.5422649350354430e-03
1.5422649350351775e-03
1.3422649351248746e-03
1.1422649351815648e-03
9.4226493518117388e-04
7.4226493518161321e-04
2.6259567837818253e-04
6.2860412170563838e-05
-7.9843010587168011e-05
-1.8177269487018669e-04
-2.5458040453007558e-04
-3.0658631993028270e-04
-1.0660897556975045e-04
9.3413957874240831e-05
2.9341395721771066e-04
4.9341395733808158e-04
6.9341395719161843e-04
6.9341395719193361e-04
6.9341395719160932e-04
6.9341395719104174e-04
6.9341395719051623e-04
6.9341395718988176e-04
8.9341395728056072e-04
1.0934139573379488e-03
1.2934139573378346e-03
1.4934139573385121e-03
1.6934139573385098e-03
1.6934128053879421e-03
1.6934116534381778e-03
1.6934105014873380e-03
1.6934093495376027e-03
1.6934081975876058e-03
1.4934139572811565e-03
1.2934139572997772e-03
1.0934139573379278e-03
8.9341395733789442e-04
6.9341395719155143e-04
6.9341395719179624e-04
6.9341395719237596e-04
6.9341395719245131e-04
6.9341395719216899e-04
6.9341395719287437e-04
4.9341395728272266e-04
2.9341395734013595e-04
9.3413957340360884e-05
-1.0658604265926829e-04
-3.4373347211200507e-04
-3.7005338077158664e-04
-3.8909723861579697e-04
-4.0267016738755910e-04
-4.1236513282880962e-04
-4.1929011517023712e-04
-2.1929011018493498e-04
-1.9290110113537019e-05
1.8070988988671662e-04
3.8070988988658588e-04
5.8070988974087104e-04
5.8070988974068727e-04
5.8070988973964524e-04
5.8070988973984051e-04
5.8070988974053505e-04
5.8070988974079005e-04
7.8070988983123873e-04
9.8070988988835026e-04
1.1807098898885869e-03
1.3807098898882524e-03
1.5807098898882729e-03
1.5807080605178857e-03
1.5807062311466839e-03
1.5807044017762885e-03
1.5807025724056240e-03
1.5807007430342780e-03
1.3807098898316432e-03
1.1807098898300339e-03
9.8070988988862759e-04
7.8070988988818298e-04
5.8070988974214444e-04
5.8070988974258278e-04
5.8070988974217566e-04
5.8070988974269575e-04
5.8070988974205315e-04
5.8070988974263254e-04
3.8070988983171354e-04
1.8070988988915865e-04
-1.9290110110781875e-05
-2.1929011011065681e-04
-4.2423652798271526e-04
-4.2756135087800479e-04
-4.3017551027343389e-04
-4.3201182014732223e-04
-4.3384813339314855e-04
-4.3444222918895644e-04
-2.3444222812152163e-04
-3.4442228055382914e-05
1.6555777194450987e-04
3.6555777194468035e-04
5.6555777179833299e-04
5.6555777179842590e-04
5.6555777179782525e-04
5.6555777179827498e-04
5.6555777179884354e-04
5.6555777179881361e-04
7.6555777188714647e-04
9.6555777194422981e-04
1.1655577719436366e-03
1.3655577719430810e-03
1.5655577719436377e-03
1.5655558395969243e-03
1.5655539072503856e-03
1.5655519749038329e-03
1.5655500425572446e-03
1.5655481102104657e-03
1.3655577718868356e-03
1.1655577718822229e-03
9.6555777194366364e-04
7.6555777194374324e-04
5.6555777179758912e-04
5.6555777179750238e-04
5.6555777179707260e-04
5.6555777179692060e-04
5.6555777179700560e-04
5.6555777179666895e-04
3.6555777188792741e-04
1.6555777194498893e-04
-3.4442228054953699e-05
-2.3444222805501204e-04
-4.3505947565371965e-04
-4.3529273432771928e-04
-4.3569807465550892e-04
-4.3610341514809756e-04
-4.3623726988298577e-04
-4.3637112463564335e-04
-2.3629261549548017e-04
-3.6254129758854366e-05
1.6370738500752781e-04
3.6370738445725879e-04
5.6370738442255812e-04
5.6370738442227807e-04
5.6370738442248027e-04
5.6370738442218689e-04
5.6370738442158548e-04
5.6370738442179560e-04
