0.0000000000000000e+00
2.0000000008949361e-04
4.0000000014708533e-04
6.0000000014722430e-04
9.8571714744636143e-04
1.6326762338733686e-03
1.9519429224783467e-03
2.1799600033093041e-03
2.3428327716489925e-03
2.4591683978955579e-03
2.5422642295111976e-03
2.3422453415168770e-03
2.1422649355993038e-03
1.9422649350759899e-03
1.7422649351833165e-03
1.5422649350368923e-03
1.5422649350367106e-03
1.5422649350362524e-03
1.5422649350354484e-03
1.5422649350349000e-03
1.5422649350351468e-03
1.3422649351250719e-03
1.1422649351822474e-03
9.4226493518232812e-04
7.4226493518229344e-04
2.6259567837878497e-04
6.2860412171119031e-05
-7.9843010587041986e-05
-1.8177269487025942e-04
-2.5458040453044757e-04
-3.0658631993052974e-04
-1.0660897557083032e-04
9.3413957873636239e-05
2.9341395721680459e-04
4.9341395733796286e-04
6.9341395719147488e-04
6.9341395719132201e-04
6.9341395719143628e-04
6.9341395719102461e-04
6.9341395719121771e-04
6.9341395719092389e-04
8.9341395728076835e-04
1.0934139573378727e-03
1.2934139573377848e-03
1.4934139573374000e-03
1.6934139573375842e-03
1.6934128053876958e-03
1.6934116534377528e-03
1.6934105014878137e-03
1.6934093495378549e-03
1.6934081975876576e-03
1.4934139572816058e-03
1.2934139572993498e-03
1.0934139573380603e-03
8.9341395733792152e-04
6.9341395719122519e-04
6.9341395719075953e-04
6.9341395719122725e-04
6.9341395719166657e-04
6.9341395719200029e-04
6.9341395719240773e-04
4.9341395728061291e-04
2.9341395733735399e-04
9.3413957337886125e-05
-1.0658604266204051e-04
-3.4373347211473309e-04
-3.7005338077371162e-04
-3.8909723861793187e-04
-4.0267016738966256e-04
-4.1236513283065645e-04
-4.1929011517226523e-04
-2.1929011018702457e-04
-1.9290110116497006e-05
1.8070988988352625e-04
3.8070988988329749e-04
5.8070988973689993e-04
5.8070988973679249e-04
5.8070988973705638e-04
5.8070988973742794e-04
5.8070988973729816e-04
5.8070988973754883e-04
7.8070988982727651e-04
9.8070988988354746e-04
1.1807098898842321e-03
1.3807098898842320e-03
1.5807098898844370e-03
1.5807080605135704e-03
1.5807062311428723e-03
1.5807044017721709e-03
1.5807025724013971e-03
1.5807007430305373e-03
1.3807098898275571e-03
1.1807098898263448e-03
9.8070988988425674e-04
7.8070988988392044e-04
5.8070988973739281e-04
5.8070988973714594e-04
5.8070988973721056e-04
5.8070988973656947e-04
5.8070988973668667e-04
5.8070988973635772e-04
3.8070988982690288e-04
1.8070988988380226e-04
-1.9290110116271831e-05
-2.1929011011671408e-04
-4.2423652798787660e-04
-4.2756135088313247e-04
-4.3017551027889160e-04
-4.3201182015279631e-04
-4.3384813339874314e-04
-4.3444222919492692e-04
-2.3444222812741742e-04
-3.4442228062443198e-05
1.6555777193814797e-04
3.6555777193747593e-04
5.6555777179138607e-04
5.6555777179119352e-04
5.6555777179141003e-04
5.6555777179130454e-04
5.6555777179074563e-04
5.6555777179046547e-04
7.6555777188009970e-04
9.6555777193693920e-04
1.1655577719369352e-03
1.3655577719365410e-03
1.5655577719367970e-03
1.5655558395908376e-03
1.5655539072447042e-03
1.5655519748978702e-03
1.5655500425521031e-03
1.5655481102059591e-03
1.3655577718810297e-03
1.1655577718763179e-03
9.6555777193729514e-04
7.6555777193673029e-04
5.6555777179085882e-04
5.6555777179059384e-04
5.6555777179094306e-04
5.6555777179089514e-04
5.6555777179164964e-04
5.6555777179171252e-04
3.6555777188058882e-04
1.6555777193765287e-04
-3.4442228062131429e-05
-2.3444222806151790e-04
-4.3505947566039617e-04
-4.3529273433403877e-04
-4.3569807466198210e-04
-4.3610341515477408e-04
-4.3623726988978605e-04
-4.3637112464279680e-04
-2.3629261550297376e-04
-3.6254129766186338e-05
1.6370738499966493e-04
3.6370738444995804e-04
5.6370738441472042e-04
5.6370738441490788e-04
5.6370738441522197e-04
5.6370738441493141e-04
5.6370738441432100e-04
5.6370738441345321e-04
