0.0000000000000000e+00
0.0000000000000000e+00
0.0000000000000000e+00
0.0000000000000000e+00
3.7147852547412456e-04
1.2654401808913712e-03
1.9038858445224040e-03
2.3599306194340003e-03
2.6856709514634009e-03
2.9183395596124851e-03
3.0845298700705116e-03
3.0845298700705116e-03
3.0845298700705116e-03
3.0845298700705116e-03
3.0845298700705116e-03
3.0845298700705116e-03
3.0845298700705116e-03
3.0845298700705116e-03
3.0845298700705116e-03
3.0845298700705116e-03
3.0845298700705116e-03
3.0845298700705116e-03
3.0845298700705116e-03
3.0845298700705116e-03
3.0845298700705116e-03
3.6437685094342460e-03
4.0433389160578802e-03
4.3287415959054904e-03
4.5326029976561202e-03
4.6782194624378215e-03
4.7822318257600320e-03
4.7822318257600320e-03
4.7822318257600320e-03
4.7822318257600320e-03
4.7822318257600320e-03
4.7822318257600320e-03
4.7822318257600320e-03
4.7822318257600320e-03
4.7822318257600320e-03
4.7822318257600320e-03
4.7822318257600320e-03
4.7822318257600320e-03
4.7822318257600320e-03
4.7822318257600320e-03
4.7822318257600320e-03
4.7822318257600320e-03
4.7822318257600320e-03
4.7822318257600320e-03
4.7822318257600320e-03
4.7822318257600320e-03
4.7822318257600320e-03
4.7822318257600320e-03
4.7822318257600320e-03
4.7822318257600320e-03
4.7822318257600320e-03
4.7822318257600320e-03
4.7822318257600320e-03
4.7822318257600320e-03
4.7822318257600320e-03
4.7822318257600320e-03
4.7822318257600320e-03
4.7822318257600320e-03
4.7822318257600320e-03
4.7822318257600320e-03
4.7822318257600320e-03
4.8565249357332202e-03
4.9092499215538125e-03
4.9472541471996864e-03
4.9744000378137681e-03
4.9937899865619929e-03
5.0076399606721611e-03
5.0076399606721611e-03
5.0076399606721611e-03
5.0076399606721611e-03
5.0076399606721611e-03
5.0076399606721611e-03
5.0076399606721611e-03
5.0076399606721611e-03
5.0076399606721611e-03
5.0076399606721611e-03
5.0076399606721611e-03
5.0076399606721611e-03
5.0076399606721611e-03
5.0076399606721611e-03
5.0076399606721611e-03
5.0076399606721611e-03
5.0076399606721611e-03
5.0076399606721611e-03
5.0076399606721611e-03
5.0076399606721611e-03
5.0076399606721611e-03
5.0076399606721611e-03
5.0076399606721611e-03
5.0076399606721611e-03
5.0076399606721611e-03
5.0076399606721611e-03
5.0076399606721611e-03
5.0076399606721611e-03
5.0076399606721611e-03
5.0076399606721611e-03
5.0076399606721611e-03
5.0076399606721611e-03
5.0076399606721611e-03
5.0076399606721611e-03
5.0076399606721611e-03
5.0175327673120558e-03
5.0242690900382673e-03
5.0294107601870173e-03
5.0330833799194993e-03
5.0362159043142877e-03
5.0379441965595594e-03
5.0379441965595594e-03
5.0379441965595594e-03
5.0379441965595594e-03
5.0379441965595594e-03
5.0379441965595594e-03
5.0379441965595594e-03
5.0379441965595594e-03
5.0379441965595594e-03
5.0379441965595594e-03
5.0379441965595594e-03
5.0379441965595594e-03
5.0379441965595594e-03
5.0379441965595594e-03
5.0379441965595594e-03
5.0379441965595594e-03
5.0379441965595594e-03
5.0379441965595594e-03
5.0379441965595594e-03
5.0379441965595594e-03
5.0379441965595594e-03
5.0379441965595594e-03
5.0379441965595594e-03
5.0379441965595594e-03
5.0379441965595594e-03
5.0379441965595594e-03
5.0379441965595594e-03
5.0379441965595594e-03
5.0379441965595594e-03
5.0379441965595594e-03
5.0379441965595594e-03
5.0379441965595594e-03
5.0379441965595594e-03
5.0379441965595594e-03
5.0379441965595594e-03
5.0391786915604149e-03
5.0397322727927848e-03
5.0404558898793708e-03
5.0412420197336414e-03
5.0415342803150102e-03
5.0416449713114866e-03
5.0416449713114866e-03
5.0416449713114866e-03
5.0416449713114866e-03
5.0416449713114866e-03
5.0416449713114866e-03
5.0416449713114866e-03
5.0416449713114866e-03
5.0416449713114866e-03
5.0416449713114866e-03
5.0416449713114866e-03
