0.0000000000000000e+00
-8.8000000036765698e+01
-1.7600000002003617e+02
-2.6400000002003287e+02
-3.5201535571358664e+02
-4.4003030761221208e+02
-4.4000000016841881e+02
-4.4000372081272155e+02
-4.4000190179053669e+02
-4.4000096881972138e+02
-4.4000049398839485e+02
-3.5204252933907668e+02
-2.6400000007684463e+02
-1.7600000000523767e+02
-8.8000000019843441e+01
1.4502387858280148e-10
2.0267864859141639e-10
1.7321035498579371e-10
1.5737658995187594e-10
1.5047331274263474e-10
1.4559512111051796e-10
8.7999999963645848e+01
1.7599999998019365e+02
2.6399999998018200e+02
3.5199999998024373e+02
4.3996502423393611e+02
4.3999999988326380e+02
4.3999854343420196e+02
4.3999925947496195e+02
4.3999962181730655e+02
4.3999980697511427e+02
3.5194892287401677e+02
2.6399999990605562e+02
1.7599999999671047e+02
8.7999999980115419e+01
2.3914041153746564e-10
2.7278763700193823e-10
2.9176602303471305e-10
2.8152317582857411e-10
2.8721345705685704e-10
2.7099192361821113e-10
-8.8000000036457550e+01
-1.7600000001984750e+02
-2.6400000001987547e+02
-3.5200000001979402e+02
-4.4000000001978685e+02
-4.4000249127000029e+02
-4.4000498252018195e+02
-4.4000747377056496e+02
-4.4000996502083518e+02
-4.4001245627120278e+02
-3.5200000003624035e+02
-2.6400000001433727e+02
-1.7600000001957719e+02
-8.8000000019564098e+01
4.2077851498166479e-10
4.2402558711403279e-10
4.6370401368956901e-10
4.8277148701462596e-10
4.2138637411411646e-10
5.1248318967206705e-10
8.7999999963827321e+01
1.7599999998044657e+02
2.6399999998033451e+02
3.5199999998048247e+02
4.3999937418795673e+02
4.3993702324954302e+02
4.3999997885740078e+02
4.3999998567722440e+02
4.3999999328750357e+02
4.3999999657540616e+02
3.5199999999015483e+02
2.6399999998064652e+02
1.7599999998068498e+02
8.7999999980676336e+01
8.5492725279453025e-10
8.2361959789333680e-10
7.1575256708760657e-10
7.5408910080799018e-10
8.0934681515155663e-10
8.4514142697139130e-10
-8.8000000036004707e+01
-1.7600000001936431e+02
-2.6400000001931841e+02
-3.5200000001942169e+02
-4.4000000001932733e+02
-4.4000396507875200e+02
-4.4000793013836085e+02
-4.4001189519804626e+02
-4.4001586025785275e+02
-4.4001982531778356e+02
-3.5200000003582159e+02
-2.6400000001120526e+02
-1.7600000001912161e+02
-8.8000000019121458e+01
8.2743049033744928e-10
9.4464978673014960e-10
9.3166414183605631e-10
9.6711288994950335e-10
9.4675808505630556e-10
1.0085584099386985e-09
8.7999999964188021e+01
1.7599999998084326e+02
2.6399999998079329e+02
3.5199999998080887e+02
4.3999998776442555e+02
4.3994022900385698e+02
4.3999999997551265e+02
4.3999999959534352e+02
4.4004752552771038e+02
4.3999999931184647e+02
3.5199999998969048e+02
2.6399999998059906e+02
1.7599999998055313e+02
8.7999999980487260e+01
6.4983249504440912e-10
6.9672694779141752e-10
6.4381813935281455e-10
6.0764234580281537e-10
5.5762845568631714e-10
4.6358892053681121e-10
-8.8000000036186350e+01
-1.7600000001967328e+02
-2.6400000001974661e+02
-3.5200000001979095e+02
-4.4000000001980055e+02
-4.4000418921550835e+02
-4.4000837841133796e+02
-4.4001256760728523e+02
-4.4001675680333807e+02
-4.4002094599956399e+02
-3.5200000003636234e+02
-2.6400000001139739e+02
-1.7600000001978802e+02
-8.8000000019740526e+01
2.9524181220068543e-10
3.2165312314420379e-10
5.0040855266634534e-10
6.0148187658112953e-10
6.2593395081941726e-10
7.0800431551162364e-10
8.7999999963806346e+01
1.7599999998044143e+02
2.6399999998043063e+02
3.5199999998052215e+02
4.3999999965299230e+02
4.3994065448898715e+02
4.3999999989971298e+02
4.4005384398171566e+02
4.3999999984791123e+02
4.3996213383394604e+02
3.5199999998951654e+02
2.6394984602701840e+02
1.7599999984731937e+02
8.8000000002589204e+01
5.5128151504313913e-10
4.9784149494448744e-10
5.8099811710445588e-10
5.0306369885253915e-10
3.6428738448699083e-10
2.7527048387922901e-10
