0.0000000000000000e+00
8.8000000037636184e+01
1.7600000003489035e+02
2.6400000003489691e+02
3.5200699356637722e+02
4.4001377277737959e+02
4.4000000014399905e+02
4.4000170226851935e+02
4.4000087126147565e+02
4.4000044319940770e+02
4.4000022584862302e+02
3.5202547917653368e+02
2.6400000013378371e+02
1.7600000000930129e+02
8.8000000034752347e+01
7.5420859405659681e-11
7.2626957438663579e-11
8.1731645600044660e-11
1.3800687571592483e-10
1.7338124190628486e-10
1.7310896142951444e-10
8.7999999962645646e+01
1.7599999996532961e+02
2.6399999996534791e+02
3.5199999996536633e+02
4.3998400691233275e+02
4.3999999990326825e+02
4.3999933441957046e+02
4.3999966267989691e+02
4.3999982757427210e+02
4.3999991196121221e+02
3.5196931205432634e+02
2.6399999983721602e+02
1.7599999999396573e+02
8.7999999965197645e+01
1.2671121835577042e-10
1.2978298207690085e-10
1.5146908761615827e-10
1.4502196332036068e-10
1.3536821725274402e-10
1.3328469883476691e-10
8.8000000037518731e+01
1.7600000003485388e+02
2.6400000003483922e+02
3.5200000003480403e+02
4.4000000003480534e+02
4.4000149191556721e+02
4.4000298379640401e+02
4.4000447567726400e+02
4.4000596755811699e+02
4.4000745943902081e+02
3.5200000003749528e+02
2.6400000002555220e+02
1.7600000003466886e+02
8.8000000034632833e+01
9.6848655516221874e-11
1.5089272385638790e-10
1.3188326153859105e-10
1.2273542209445342e-10
1.2049067404670200e-10
1.2016922841678364e-10
8.7999999962558135e+01
1.7599999996526805e+02
2.6399999996515857e+02
3.5199999996521484e+02
4.3999971102523699e+02
4.3995189804280119e+02
4.3999999105116376e+02
4.3999999317254856e+02
4.3999999693589155e+02
4.3999999843649272e+02
3.5199999998182557e+02
2.6399999996507398e+02
1.7599999996508780e+02
8.7999999965102745e+01
2.1791811176198033e-10
2.2623997847214923e-10
1.8819606029123122e-10
1.5557246853323572e-10
1.7488577486477991e-10
1.6517623444877064e-10
8.8000000037808746e+01
1.7600000003501941e+02
2.6400000003505102e+02
3.5200000003508910e+02
4.4000000003504545e+02
4.4000237510030240e+02
4.4000475016564383e+02
4.4000712523109394e+02
4.4000950029656281e+02
4.4001187536209761e+02
3.5200000003770930e+02
2.6400000002109118e+02
1.7600000003494259e+02
8.8000000034878141e+01
3.2246167380981573e-10
3.0875010634863961e-10
2.9014028175944522e-10
3.4475807796345826e-10
2.8720291236480312e-10
2.7551133094516194e-10
8.7999999962330335e+01
1.7599999996507995e+02
2.6399999996504562e+02
3.5199999996507660e+02
4.3999999395506109e+02
4.3995379847274108e+02
4.4000000002094521e+02
4.3999999976861812e+02
4.4007129121063980e+02
4.3999999968549889e+02
3.5199999998083484e+02
2.6399999996516556e+02
1.7599999996509786e+02
8.7999999965108088e+01
4.4913338357066790e-10
3.8794842052949577e-10
3.1874285417345221e-10
3.4192260702203367e-10
3.5761099505848788e-10
3.5187074098955780e-10
8.8000000037622542e+01
1.7600000003497695e+02
2.6400000003499537e+02
3.5200000003495472e+02
4.4000000003500401e+02
4.4000250942132629e+02
4.4000501880773476e+02
4.4000752819418068e+02
4.4001003758076320e+02
4.4001254696742137e+02
3.5200000003770987e+02
2.6400000002039837e+02
1.7600000003497243e+02
8.8000000034937528e+01
4.8174657227451625e-10
4.8646528345732146e-10
4.2377413202157448e-10
4.3072677981360855e-10
3.8100255624213901e-10
4.0019198492938198e-10
8.7999999962317602e+01
1.7599999996502066e+02
2.6399999996499849e+02
3.5199999996502027e+02
4.3999999976109211e+02
4.3995405163353763e+02
4.3999999990242281e+02
4.4003769637336211e+02
4.3999999986932659e+02
4.3998627055069664e+02
3.5199999998053454e+02
2.6396091943082661e+02
1.7599999981201822e+02
8.7999999996186517e+01
4.7878908743547854e-10
4.8518964306105186e-10
4.9993540745250277e-10
4.7259185949331582e-10
4.3453318931369165e-10
4.4057562054485784e-10
