0.0000000000000000e+00
8.7048282883939981e-10
1.4867776085481542e-08
1.4886036479351234e-08
-8.3621471921107443e-03
-1.6534834766831270e-02
-2.4380467910122281e-08
-2.0185441477562314e-03
-1.0305290562256067e-03
-5.2562027363042255e-04
-2.6813975659940805e-04
-1.7050162510790445e-02
5.6986599054212736e-08
4.0948279925750558e-09
1.4954582312277291e-08
1.6610397346091231e-10
1.4627093756340375e-10
8.4264990642459860e-11
-5.2169906051352991e-12
-6.1239337419883456e-11
-5.0415219728646268e-11
9.9543694507505999e-10
1.4867000308495229e-08
1.4839283253559816e-08
1.4876154388370196e-08
-1.8982678396872135e-02
-2.0001991679543676e-08
-7.9098537928877001e-04
-4.0320495282741809e-04
-2.0575699536859855e-04
-1.0498612423241379e-04
-2.0389180363845631e-02
6.8803375981261697e-08
2.6904924833742424e-09
1.4899522428068883e-08
1.2475000390018301e-10
1.4461083752889832e-10
1.7718464996277009e-10
1.5570335141721712e-10
1.8239044292478758e-10
1.1154461537812954e-10
1.0596934456005985e-09
1.4989965869860875e-08
1.4946460270726670e-08
1.4955524022652383e-08
1.4967096431883037e-08
-9.9935446011362649e-04
-1.9987238066883576e-03
-2.9980932939168152e-03
-3.9974627184030907e-03
-4.9968321838091767e-03
1.2617821356520320e-09
1.1191149491129814e-08
1.5107008487237353e-08
1.5080764959451447e-08
2.4483734165599588e-10
2.2274558274451492e-10
2.9455866295165359e-10
3.5179617646163547e-10
3.4420468141539725e-10
4.4122313351597683e-10
1.1863878016665532e-09
1.5060035983275145e-08
1.5067275820314537e-08
1.5154674514703744e-08
-3.3683738314085697e-04
-1.4874793335480458e-02
-1.2193839670556506e-05
-7.4953943685414363e-06
-3.6484487063428442e-06
-1.8611622908812720e-06
8.2566085169562348e-09
1.5454684857364533e-08
1.5485759920841171e-08
1.5456957885987622e-08
7.3100652451354818e-10
6.9559204153981197e-10
6.5617177119837806e-10
7.1214102874159558e-10
7.2701060710447575e-10
7.6919480510881386e-10
1.6408996557957041e-09
1.5455137511852404e-08
1.5548830556421897e-08
1.5493987243423325e-08
1.5558094220759682e-08
-1.5899786100758151e-03
-3.1799728704196622e-03
-4.7699671103742288e-03
-6.3599614426041997e-03
-7.9499558247093684e-03
1.7407628857145205e-09
9.7644296712098186e-09
1.5684342289749262e-08
1.5622438043354263e-08
8.0475546946630049e-10
8.3961237255075015e-10
8.1854307349852936e-10
7.6865271486889955e-10
7.3946166966996253e-10
7.6064129307873546e-10
1.7041740847083918e-09
1.5578339747845519e-08
1.5560991455408518e-08
1.5532112194839682e-08
-6.1907963104873299e-06
-1.3569469051162016e-02
-4.5612631488864137e-08
-1.7345657481905418e-07
-2.3765683115874396e-02
-3.7385005723502578e-07
8.6552234701698675e-09
1.5189829692166880e-08
1.5248218151283951e-08
1.5148958149508004e-08
4.3890978942559687e-10
4.5178610117743194e-10
4.3574000615014176e-10
4.0833454668651012e-10
3.6701540306658437e-10
3.1225333510515332e-10
1.2207738662692481e-09
1.5078371044168312e-08
1.5037348982050958e-08
1.4955872671530769e-08
1.4992957299766393e-08
-1.6797943781246038e-03
-3.3596037811526001e-03
-5.0394132774431053e-03
-6.7192227119083191e-03
-8.3990322619407719e-03
1.1795714461629229e-09
8.8261460623657812e-09
1.4985964566599375e-08
1.4978619536572551e-08
2.3989503817485079e-10
2.4072809313575110e-10
3.0842488745949898e-10
3.2781477135615360e-10
4.1487991882196052e-10
4.4707737120199527e-10
1.2430713693675992e-09
1.5169459300622673e-08
1.5184436838749500e-08
1.5285054024360871e-08
-1.0832190995069592e-07
-1.3397144758432462e-02
-2.9205833109999231e-09
1.6147608136339184e-02
-2.1641772457119399e-08
-2.4136716987723475e-02
8.7261724186842765e-09
-1.1073404058218130e-02
3.5029295028401511e-08
6.1512418523259642e-09
3.2922595193176959e-10
3.1220910548223342e-10
3.4581378222518580e-10
3.0264258169185212e-10
1.9247518332805477e-10
1.1257622702078766e-10
