0.0000000000000000e+00
8.7048282883939981e-10
1.4840656822002558e-08
1.4842085916000820e-08
-8.3621472264226414e-03
-1.6534834898156180e-02
-2.4458899608107050e-08
-2.0185442565168535e-03
-1.0305290660112157e-03
-5.2562035382751869e-04
-2.6813978744965819e-04
-1.7050162575530589e-02
5.6891863555425163e-08
4.0321180612077718e-09
1.4863214780140415e-08
8.1590575744299392e-11
1.0128085187485080e-10
6.4363864830773193e-11
1.0115377458696971e-11
-4.5863153874919786e-12
-1.5879124281544101e-11
1.0049720112298916e-09
1.4861127822918504e-08
1.4828958056683180e-08
1.4878731616504833e-08
-1.8982678395939378e-02
-2.0006244316463575e-08
-7.9098535751320179e-04
-4.0320491705612521e-04
-2.0575693573121769e-04
-1.0498607174190449e-04
-2.0389180255458349e-02
6.8875897174555211e-08
2.7989740327812867e-09
1.4935970404488387e-08
1.4265972308100019e-10
1.8030665617175770e-10
1.7956136573726184e-10
1.4188198442929610e-10
1.2067978204262069e-10
7.0415779177937898e-11
1.0626777558008712e-09
1.5022828141653392e-08
1.4981143114415655e-08
1.5064405014191764e-08
1.5070560596185055e-08
-9.9935440588376154e-04
-1.9987237485911669e-03
-2.9980933074357317e-03
-3.9974627180729876e-03
-4.9968321800844435e-03
1.2478489547088353e-09
1.1238736671870568e-08
1.5076466029779414e-08
1.5056746684710560e-08
2.7719357827827078e-10
2.7995461922090433e-10
3.5819454548444837e-10
3.8673269437356007e-10
3.3418364518560892e-10
4.5709052591848949e-10
1.3520778177038539e-09
1.5296883149401419e-08
1.5284468966566842e-08
1.5380588420957718e-08
-3.3683717716299769e-04
-1.4874793180663454e-02
-1.2193686346029628e-05
-7.4952535651516859e-06
-3.6483265249962547e-06
-1.8610108471618054e-06
8.4014226378628733e-09
1.5690459214450691e-08
1.5708696412327844e-08
1.5690265393506112e-08
1.0269024345402725e-09
9.8000176863814737e-10
8.5905350517365473e-10
9.0758642882140968e-10
9.8105719482682678e-10
1.0189792201812295e-09
1.9671825925617912e-09
1.5854983747035973e-08
1.5916677671377007e-08
1.5840619841374695e-08
1.5877518034294776e-08
-1.5899782892082046e-03
-3.1799725640960898e-03
-4.7699667941156539e-03
-6.3599611366192714e-03
-7.9499555465122624e-03
2.0351324172802498e-09
1.0008043276487270e-08
1.5957549368239069e-08
1.5891000511454246e-08
1.0956482080186354e-09
1.1826346593505271e-09
1.1569425589853480e-09
1.1834361545459696e-09
1.1065048746844202e-09
1.1731862144088715e-09
2.0112444264449438e-09
1.5948483394001240e-08
1.5934728129407652e-08
1.5932569462461040e-08
-6.1904745035204778e-06
-1.3569468717037656e-02
-4.5252179157606482e-08
-1.7309286982801862e-07
-2.3765682742279890e-02
-3.7345522922492485e-07
9.0556895211288667e-09
1.5677158355405363e-08
1.5662260488496006e-08
1.5609470114886187e-08
8.8410982242081312e-10
9.1461723541065472e-10
8.6962839864661633e-10
8.9836891856982356e-10
9.2029842524659074e-10
8.8296184875571945e-10
1.6515619145338163e-09
1.5529232059086918e-08
1.5460580960177571e-08
1.5371595215272716e-08
1.5414056422074770e-08
-1.6797939855440268e-03
-3.3596034249230933e-03
-5.0394129314990047e-03
-6.7192224373761981e-03
-8.3990320240437764e-03
1.5152828536442365e-09
9.1756571175586659e-09
1.5382751340215488e-08
1.5415363182414934e-08
6.5780311583791035e-10
6.6795545354662811e-10
6.8794216759019080e-10
7.0812563795195729e-10
7.4571382602109458e-10
7.4997728821320794e-10
1.7344739156823052e-09
1.5672129670553250e-08
1.5679853264702628e-08
1.5718236980791733e-08
-1.0787707935837206e-07
-1.3397144342402984e-02
-2.4993249955826669e-09
1.6147608570138031e-02
-2.1189182419702447e-08
-2.4136716513252159e-02
9.2380018156894642e-09
-1.1073403558507527e-02
3.5572907002716432e-08
6.6541592551697960e-09
8.6897067184290116e-10
8.3039227364845819e-10
8.7407202309438772e-10
8.2300554493922636e-10
6.8170663124290049e-10
6.3239149044622914e-10
