2.9999999999999983e+02
2.9999999999999983e+02
2.9999999999999983e+02
2.9999999999999983e+02
3.4829220831163605e+02
4.2735937096846544e+02
4.2096114169877518e+02
4.1640239607417942e+02
4.1314416174684169e+02
4.1081704760328267e+02
4.0915492714791770e+02
3.9253589610211520e+02
3.9253589610211520e+02
3.9253589610211520e+02
3.9253589610211520e+02
3.9253589610211520e+02
3.9253589610211520e+02
3.9253589610211520e+02
3.9253589610211520e+02
3.9253589610211520e+02
3.9253589610211520e+02
3.9253589610211520e+02
3.9253589610211520e+02
3.9253589610211520e+02
3.9253589610211520e+02
4.6523691921940059e+02
4.6125720814409942e+02
4.5840251586192591e+02
4.5636423010474618e+02
4.5490823035130438e+02
4.5386819110502194e+02
4.4346695477280065e+02
4.4346695477280065e+02
4.4346695477280065e+02
4.4346695477280065e+02
4.4346695477280065e+02
4.4346695477280065e+02
4.4346695477280065e+02
4.4346695477280065e+02
4.4346695477280065e+02
4.4346695477280065e+02
4.4346695477280065e+02
4.4346695477280065e+02
4.4346695477280065e+02
4.4346695477280065e+02
4.4346695477280065e+02
4.4346695477280065e+02
4.4346695477280065e+02
4.4346695477280065e+02
4.4346695477280065e+02
4.4346695477280065e+02
4.4346695477280065e+02
4.4346695477280065e+02
4.4346695477280065e+02
4.4346695477280065e+02
4.4346695477280065e+02
4.4346695477280065e+02
4.4346695477280065e+02
4.4346695477280065e+02
4.4346695477280065e+02
4.4346695477280065e+02
4.4346695477280065e+02
4.4346695477280065e+02
4.4346695477280065e+02
4.4346695477280065e+02
4.5312505906931551e+02
4.5254999622867348e+02
4.5221804698057747e+02
4.5194659019582093e+02
4.5175269447168188e+02
4.5161419623118178e+02
4.5022919882016458e+02
4.5022919882016458e+02
4.5022919882016458e+02
4.5022919882016458e+02
4.5022919882016458e+02
4.5022919882016458e+02
4.5022919882016458e+02
4.5022919882016458e+02
4.5022919882016458e+02
4.5022919882016458e+02
4.5022919882016458e+02
4.5022919882016458e+02
4.5022919882016458e+02
4.5022919882016458e+02
4.5022919882016458e+02
4.5022919882016458e+02
4.5022919882016458e+02
4.5022919882016458e+02
4.5022919882016458e+02
4.5022919882016458e+02
4.5022919882016458e+02
4.5022919882016458e+02
4.5022919882016458e+02
4.5022919882016458e+02
4.5022919882016458e+02
4.5022919882016458e+02
4.5022919882016458e+02
4.5022919882016458e+02
4.5022919882016458e+02
4.5022919882016458e+02
4.5022919882016458e+02
4.5022919882016458e+02
4.5022919882016458e+02
4.5022919882016458e+02
4.5151526368335084e+02
4.5140170497376874e+02
4.5139648982048516e+02
4.5135976337083326e+02
4.5139972956890688e+02
4.5131115512131385e+02
4.5113832589678645e+02
4.5113832589678645e+02
4.5113832589678645e+02
4.5113832589678645e+02
4.5113832589678645e+02
4.5113832589678645e+02
4.5113832589678645e+02
4.5113832589678645e+02
4.5113832589678645e+02
4.5113832589678645e+02
4.5113832589678645e+02
4.5113832589678645e+02
4.5113832589678645e+02
4.5113832589678645e+02
4.5113832589678645e+02
4.5113832589678645e+02
4.5113832589678645e+02
4.5113832589678645e+02
4.5113832589678645e+02
4.5113832589678645e+02
4.5113832589678645e+02
4.5113832589678645e+02
4.5113832589678645e+02
4.5113832589678645e+02
4.5113832589678645e+02
4.5113832589678645e+02
4.5113832589678645e+02
4.5113832589678645e+02
4.5113832589678645e+02
4.5113832589678645e+02
4.5113832589678645e+02
4.5113832589678645e+02
4.5113832589678645e+02
4.5113832589678645e+02
4.5129881024689774e+02
4.5124732630702022e+02
4.5128603840503956e+02
4.5131587357743615e+02
4.5127525446758710e+02
4.5126041823899186e+02
4.5124934913934436e+02
4.5124934913934436e+02
4.5124934913934436e+02
4.5124934913934436e+02
4.5124934913934436e+02
4.5124934913934436e+02
4.5124934913934436e+02
4.5124934913934436e+02
4.5124934913934436e+02
4.5124934913934436e+02
