0.0000000000000000e+00
-4.0000000002112087e-04
-8.0000000001558002e-04
-1.2001600640379319e-03
-1.6000000001408577e-03
-1.9999998721695537e-03
-2.4001598081218583e-03
-2.8571463815479574e-03
-3.6123436226849965e-03
-4.5802481044843728e-03
-5.7001785629538686e-03
-5.5001155265678543e-03
-5.1001507520482374e-03
-4.7003458853953030e-03
-4.3001155234963298e-03
-3.9000452818576973e-03
-3.5001350324117965e-03
-3.1001155233329187e-03
-2.7001155232999896e-03
-2.3001155233034138e-03
-1.9001155233034266e-03
-1.5001155233033414e-03
-1.1001155233033629e-03
-7.0027545933124967e-04
-3.0011552342802938e-04
9.9884348550359508e-05
4.9972428460331162e-04
8.9988447657198098e-04
1.2998846044107953e-03
1.8426860528712482e-03
2.6589235158736616e-03
2.2589785061303538e-03
1.8588734763739087e-03
1.4586082985040354e-03
1.0589789223545009e-03
6.5918977871706329e-04
2.5924073979341559e-04
-1.4086832236638835e-04
-5.4102107722262872e-04
-9.4102107731194840e-04
-1.3410210772466088e-03
-1.7410210772461957e-03
-2.1410210772464921e-03
-2.5411811412737392e-03
-2.9410210773711315e-03
-3.3410209493934060e-03
-3.7411808853416058e-03
-4.1410210773712335e-03
-4.5410212055306013e-03
-4.9411813978205051e-03
-5.6384868117442411e-03
-5.2384337477047686e-03
-4.8385406621217642e-03
-4.4388074270979173e-03
-4.0384216860301107e-03
-3.6381961895456086e-03
-3.2384216856595569e-03
-2.8384216856934736e-03
-2.4384216856077404e-03
-2.0384216856075741e-03
-1.6384216856073495e-03
-1.2384216856075813e-03
-8.3842168560727083e-04
-4.3858162163429770e-04
-3.8421685731391304e-05
3.6157818624603681e-04
7.6141812229827755e-04
1.1615783142687377e-03
1.5615784421082006e-03
1.9614186338174932e-03
2.5739252579231263e-03
2.1739264310052147e-03
1.7737675409987869e-03
1.3739587575542177e-03
9.7399006311036946e-04
5.7386132969682372e-04
1.7395875763929873e-04
-2.2610380046719029e-04
-6.2604124233807022e-04
-1.0260412422839463e-03
-1.4260412422946525e-03
-1.8260412422955929e-03
-2.2260412422952982e-03
-2.6262013063232110e-03
-3.0260412424203166e-03
-3.4260411144435140e-03
-3.8262010503909670e-03
-4.2260412424205010e-03
-4.6260413705797362e-03
-5.0262015628693875e-03
-5.5777832786999236e-03
-5.1778165277218150e-03
-4.7780096861901478e-03
-4.3777663883600645e-03
-3.9776832211379917e-03
-3.5777600564443736e-03
-3.1777663881679876e-03
-2.7779326508580657e-03
-2.3777663882938978e-03
-1.9777601947157568e-03
-1.5777663881500509e-03
-1.1777663881578117e-03
-7.7776638815548664e-04
-3.7792632418071840e-04
2.2233611719552595e-05
4.2223348369470988e-04
8.2207341974418970e-04
1.2222336117199172e-03
1.6222337395644945e-03
2.0220739312788020e-03
2.5305873234238562e-03
2.1305279112795177e-03
1.7303083875463690e-03
1.3305960869924621e-03
9.3072395262505257e-04
5.3069185656828821e-04
1.3049967079008804e-04
-2.6940391285226127e-04
-6.6946748335243596e-04
-1.0694039127874392e-03
-1.4694039127388660e-03
-1.8694039127489708e-03
-2.2694039127486168e-03
-2.6695639767761372e-03
-3.0694039128736014e-03
-3.4694037848965282e-03
-3.8695637208441646e-03
-4.2694039128733218e-03
-4.6694040410317945e-03
-5.0695642333208743e-03
-5.5468165190443730e-03
-5.1468917509542647e-03
-4.7471268587479356e-03
-4.3468121532812031e-03
-3.9466576355535223e-03
-3.5466631774181243e-03
-3.1468286508794185e-03
-2.7468121530434884e-03
-2.3468121529870972e-03
-1.9468121529890015e-03
-1.5468121529887816e-03
-1.1468121529888547e-03
-7.4681215298879364e-04
-3.4697208901710496e-04
5.3187846886359899e-05
4.5318771886462741e-04
8.5302765491739887e-04
1.2531878468855120e-03
1.6531879747248746e-03
2.0530281664327917e-03
2.5084738626091497e-03
2.1083846064191697e-03
1.7081352147456262e-03
1.3084761654486082e-03
9.0865732493261965e-04
5.0867856537040754e-04
1.0853975878214778e-04
-2.9152383423932749e-04
-6.9152383423738120e-04
-1.0915238342215988e-03
-1.4915238342215588e-03
