0.0000000000000000e+00
1.0000000000576372e-04
2.0000000000826177e-04
2.9999000101181930e-04
4.0000000008097507e-04
4.9999999815124048e-04
5.9998999722175460e-04
7.2857148015137018e-04
1.0061248052791300e-03
1.3901001654314151e-03
1.8500771327780688e-03
1.8500577623067631e-03
1.7500555523234530e-03
1.6500433408965197e-03
1.5500577617650751e-03
1.4500621845173936e-03
1.3500566071550806e-03
1.2500577616681100e-03
1.1500577616492791e-03
1.0500577616511138e-03
9.5005776165107806e-04
8.5005776165081857e-04
7.5005776165104425e-04
6.5004776065106704e-04
5.5005776172418065e-04
4.5005776379776269e-04
3.5004776487167362e-04
2.5005776172451385e-04
1.5005775957712875e-04
-2.1353839164889348e-05
-3.2950139966468915e-04
-2.2948948097870815e-04
-1.2948756367585406e-04
-2.9495645757063272e-05
7.0510538821669209e-05
1.7050672316205960e-04
2.7049290926632711e-04
3.7046909913302043e-04
4.7051053862567482e-04
5.7051053863290757e-04
6.7051053862140630e-04
7.7051053862169528e-04
8.7051053862249135e-04
9.7050053962196778e-04
1.0705105386957967e-03
1.1705105367682904e-03
1.2705005358417507e-03
1.3705105386946129e-03
1.4705105405469509e-03
1.5705005433983576e-03
1.8191966705543743e-03
1.7192100573212329e-03
1.6192134457652608e-03
1.5192068338868705e-03
1.4192108430050399e-03
1.3192048519241448e-03
1.2192108428115533e-03
1.1192108428370964e-03
1.0192108428004778e-03
9.1921084280045774e-04
8.1921084280035155e-04
7.1921084280021923e-04
6.1921084280001232e-04
5.1920084179943185e-04
4.1921084287323003e-04
3.1921084494652204e-04
2.1920084602042211e-04
1.1921084287390815e-04
1.9210840726460150e-05
-8.0799162422011858e-05
-2.8698657379768101e-04
-1.8698134931916473e-04
-8.6986124885258029e-05
1.3020621223386247e-05
1.1301736698368840e-04
2.1300411439394140e-04
3.1302062119410148e-04
4.1302712569389393e-04
5.1302062115856837e-04
6.1302062114027781e-04
7.1302062114521640e-04
8.1302062114470676e-04
9.1302062114506524e-04
1.0130106221451236e-03
1.1130206212189720e-03
1.2130206192919445e-03
1.3130106183662947e-03
1.4130206212190255e-03
1.5130206230709654e-03
1.6130106259230838e-03
1.7888794996477283e-03
1.6888800004545373e-03
1.5888705003604402e-03
1.4888831941893246e-03
1.3888858895570618e-03
1.2888785844638346e-03
1.1888831940854790e-03
1.0888778036285407e-03
9.8888319414670747e-04
8.8887858474225696e-04
7.8888319407369937e-04
6.8888319407343901e-04
5.8888319407343799e-04
4.8887319307287054e-04
3.8888319414599260e-04
2.8888319621916427e-04
1.8887319729264223e-04
8.8883194146262891e-05
-1.1116808001154432e-05
-1.1112681114890289e-04
-2.6529991238841654e-04
-1.6530223578829954e-04
-6.5314557724009925e-05
3.4701956518649001e-05
1.3470846845864615e-04
2.3470498009604688e-04
3.3469149343106296e-04
4.3470195643552497e-04
5.3470241834811349e-04
6.3470195638788587e-04
7.3470195636386574e-04
8.3470195636970053e-04
9.3470195636995038e-04
1.0346919573693729e-03
1.1347019564426752e-03
1.2347019545163758e-03
1.3346919535904230e-03
1.4347019564426872e-03
1.5347019582945840e-03
1.6346919611462392e-03
1.7734051118277142e-03
1.6734010287985021e-03
1.5733869439535741e-03
1.4734060766588421e-03
1.3734152121903037e-03
1.2734143485491271e-03
1.1734034837357983e-03
1.0734060765215016e-03
9.7340607648559521e-04
8.7340607648752884e-04
7.7340607648733375e-04
6.7340607648796514e-04
5.7340607648810637e-04
4.7339607548851920e-04
3.7340607656081678e-04
2.7340607863493913e-04
1.7339607970783089e-04
7.3406076561739311e-05
-2.6593925585331630e-05
-1.2660392873300118e-04
-2.5423856709241366e-04
-1.5424372758787610e-04
-5.4258886051577847e-05
4.5761917295838982e-05
1.4577271748323961e-04
2.4577351650964513e-04
3.4576431637713524e-04
4.4576191711488943e-04
5.4576191711204426e-04
6.4576191710343542e-04
7.4576191710358964e-04
