0.0000000000000000e+00
1.0000000000497821e-04
2.0000000000899816e-04
2.9999000101259922e-04
4.0000000008217208e-04
4.9999999815235623e-04
5.9998999722321133e-04
7.2857148015232590e-04
1.0061248052800819e-03
1.3901001654325806e-03
1.8500771327792569e-03
1.8500577623079932e-03
1.7500555523248785e-03
1.6500433408995091e-03
1.5500577617674511e-03
1.4500621845194165e-03
1.3500566071570183e-03
1.2500577616706126e-03
1.1500577616519363e-03
1.0500577616542094e-03
9.5005776165415297e-04
8.5005776165399149e-04
7.5005776165406831e-04
6.5004776065363020e-04
5.5005776172729090e-04
4.5005776380149375e-04
3.5004776487564267e-04
2.5005776172786273e-04
1.5005775957886843e-04
-2.1353839162279856e-05
-3.2950139966231296e-04
-2.2948948097621880e-04
-1.2948756367339565e-04
-2.9495645754747907e-05
7.0510538823664100e-05
1.7050672316487245e-04
2.7049290926890247e-04
3.7046909913550173e-04
4.7051053862943814e-04
5.7051053863652794e-04
6.7051053862456989e-04
7.7051053862449404e-04
8.7051053862458234e-04
9.7050053962466408e-04
1.0705105386975020e-03
1.1705105367712547e-03
1.2705005358451095e-03
1.3705105386979739e-03
1.4705105405500751e-03
1.5705005434008905e-03
1.8191966705583909e-03
1.7192100573251254e-03
1.6192134457696122e-03
1.5192068338918661e-03
1.4192108430096891e-03
1.3192048519295148e-03
1.2192108428164864e-03
1.1192108428427518e-03
1.0192108428059463e-03
9.1921084280600386e-04
8.1921084280571206e-04
7.1921084280591931e-04
6.1921084280583513e-04
5.1920084180578452e-04
4.1921084287858040e-04
3.1921084495217984e-04
2.1920084602658691e-04
1.1921084287934029e-04
1.9210840731011994e-05
-8.0799162417408404e-05
-2.8698657379338599e-04
-1.8698134931486850e-04
-8.6986124881118274e-05
1.3020621228674680e-05
1.1301736698909571e-04
2.1300411439959630e-04
3.1302062119948812e-04
4.1302712569863688e-04
5.1302062116320886e-04
6.1302062114387075e-04
7.1302062114872466e-04
8.1302062114835933e-04
9.1302062114833812e-04
1.0130106221479095e-03
1.1130206212218324e-03
1.2130206192958806e-03
1.3130106183695605e-03
1.4130206212210664e-03
1.5130206230712941e-03
1.6130106259221264e-03
1.7888794996495359e-03
1.6888800004553806e-03
1.5888705003613466e-03
1.4888831941909909e-03
1.3888858895590780e-03
1.2888785844661456e-03
1.1888831940872510e-03
1.0888778036296282e-03
9.8888319414917598e-04
8.8887858474705986e-04
7.8888319407665220e-04
6.8888319407665974e-04
5.8888319407729808e-04
4.8887319307702444e-04
3.8888319415012271e-04
2.8888319622366924e-04
1.8887319729808032e-04
8.8883194150511175e-05
-1.1116807997678424e-05
-1.1112681114623105e-04
-2.6529991238400584e-04
-1.6530223578404158e-04
-6.5314557719290677e-05
3.4701956523770054e-05
1.3470846846288037e-04
2.3470498010101689e-04
3.3469149343555183e-04
4.3470195644009635e-04
5.3470241835169429e-04
6.3470195639240060e-04
7.3470195636961408e-04
8.3470195637538576e-04
9.3470195637537497e-04
1.0346919573750101e-03
1.1347019564482154e-03
1.2347019545211175e-03
1.3346919535951165e-03
1.4347019564480796e-03
1.5347019583015745e-03
1.6346919611529404e-03
1.7734051118331031e-03
1.6734010288048519e-03
1.5733869439594999e-03
1.4734060766642438e-03
1.3734152121963835e-03
1.2734143485550057e-03
1.1734034837419186e-03
1.0734060765279149e-03
9.7340607649206616e-04
8.7340607649416904e-04
7.7340607649420314e-04
6.7340607649432095e-04
5.7340607649429402e-04
4.7339607549325271e-04
3.7340607656708108e-04
2.7340607864131895e-04
1.7339607971513286e-04
7.3406076567249592e-05
-2.6593925581418883e-05
-1.2660392873038452e-04
-2.5423856708697726e-04
-1.5424372758176757e-04
-5.4258886045415465e-05
4.5761917302080531e-05
1.4577271748917464e-04
2.4577351651674124e-04
3.4576431638380965e-04
4.4576191712265422e-04
5.4576191711982244e-04
6.4576191711190152e-04
7.4576191711137269e-04
