0.0000000000000000e+00
0.0000000000000000e+00
0.0000000000000000e+00
0.0000000000000000e+00
0.0000000000000000e+00
0.0000000000000000e+00
0.0000000000000000e+00
5.7144014079400806e-05
4.1227802598838904e-04
9.8021489099813820e-04
1.7001617291334270e-03
1.9001155232881675e-03
1.9001155232881675e-03
1.9001155232881675e-03
1.9001155232881675e-03
1.9001155232881675e-03
1.9001155232881675e-03
1.9001155232881675e-03
1.9001155232881675e-03
1.9001155232881675e-03
1.9001155232881675e-03
1.9001155232881675e-03
1.9001155232881675e-03
1.9001155232881675e-03
1.9001155232881675e-03
1.9001155232881675e-03
1.9001155232881675e-03
1.9001155232881675e-03
1.9001155232881675e-03
2.0429322094704379e-03
2.4592099693470423e-03
2.4592099693470423e-03
2.4592099693470423e-03
2.4592099693470423e-03
2.4592099693470423e-03
2.4592099693470423e-03
2.4592099693470423e-03
2.4592099693470423e-03
2.4592099693470423e-03
2.4592099693470423e-03
2.4592099693470423e-03
2.4592099693470423e-03
2.4592099693470423e-03
2.4592099693470423e-03
2.4592099693470423e-03
2.4592099693470423e-03
2.4592099693470423e-03
2.4592099693470423e-03
2.4592099693470423e-03
2.4592099693470423e-03
2.7566105777084653e-03
2.7566105777084653e-03
2.7566105777084653e-03
2.7566105777084653e-03
2.7566105777084653e-03
2.7566105777084653e-03
2.7566105777084653e-03
2.7566105777084653e-03
2.7566105777084653e-03
2.7566105777084653e-03
2.7566105777084653e-03
2.7566105777084653e-03
2.7566105777084653e-03
2.7566105777084653e-03
2.7566105777084653e-03
2.7566105777084653e-03
2.7566105777084653e-03
2.7566105777084653e-03
2.7566105777084653e-03
2.7566105777084653e-03
2.9689910210207123e-03
2.9689910210207123e-03
2.9689910210207123e-03
2.9689910210207123e-03
2.9689910210207123e-03
2.9689910210207123e-03
2.9689910210207123e-03
2.9689910210207123e-03
2.9689910210207123e-03
2.9689910210207123e-03
2.9689910210207123e-03
2.9689910210207123e-03
2.9689910210207123e-03
2.9689910210207123e-03
2.9689910210207123e-03
2.9689910210207123e-03
2.9689910210207123e-03
2.9689910210207123e-03
2.9689910210207123e-03
2.9689910210207123e-03
3.1207161668777529e-03
3.1207161668777529e-03
3.1207161668777529e-03
3.1207161668777529e-03
3.1207161668777529e-03
3.1207161668777529e-03
3.1207161668777529e-03
3.1207161668777529e-03
3.1207161668777529e-03
3.1207161668777529e-03
3.1207161668777529e-03
3.1207161668777529e-03
3.1207161668777529e-03
3.1207161668777529e-03
3.1207161668777529e-03
3.1207161668777529e-03
3.1207161668777529e-03
3.1207161668777529e-03
3.1207161668777529e-03
3.1207161668777529e-03
3.2290786422820772e-03
3.2290786422820772e-03
3.2290786422820772e-03
3.2290786422820772e-03
3.2290786422820772e-03
3.2290786422820772e-03
3.2290786422820772e-03
3.2290786422820772e-03
3.2290786422820772e-03
3.2290786422820772e-03
3.2290786422820772e-03
3.2290786422820772e-03
3.2290786422820772e-03
3.2290786422820772e-03
3.2290786422820772e-03
3.2290786422820772e-03
3.2290786422820772e-03
3.2290786422820772e-03
3.2290786422820772e-03
3.2290786422820772e-03
3.3064868825220034e-03
3.3064868825220034e-03
3.3064868825220034e-03
3.3064868825220034e-03
3.3064868825220034e-03
3.3064868825220034e-03
3.3064868825220034e-03
3.3064868825220034e-03
3.3064868825220034e-03
3.3064868825220034e-03
3.3064868825220034e-03
3.3064868825220034e-03
3.3064868825220034e-03
3.3064868825220034e-03
3.3064868825220034e-03
3.3064868825220034e-03
3.3064868825220034e-03
3.3064868825220034e-03
3.3064868825220034e-03
3.3064868825220034e-03
3.3617752012895684e-03
3.3617752012895684e-03
3.3617752012895684e-03
3.3617752012895684e-03
3.3617752012895684e-03
3.3617752012895684e-03
3.3617752012895684e-03
3.3617752012895684e-03
3.3617752012895684e-03
3.3617752012895684e-03
3.3617752012895684e-03
