0.0000000000000000e+00
5.0535810150800434e-11
7.9867001703737321e-10
-8.8026395317879636e-03
8.1494034044474758e-09
5.2992053962227998e-06
-8.7920462722918952e-03
-1.9690089221103494e-04
-5.3868124356829198e-03
-2.7426852163543606e-03
-1.3974827952070458e-03
-2.7584219176508740e-08
-1.9389057715965268e-03
-1.2673984089502339e-02
1.2318723262158866e-08
3.8690488368939317e-03
-1.0615913440141448e-03
2.4682925507917996e-09
6.4224093646321816e-10
8.5767794688333932e-10
8.4856923079364690e-10
7.9551626574282832e-10
8.2107163769593153e-10
-8.7973604028805750e-03
8.2355325683840651e-09
-5.2597418842918144e-06
-8.8078843817322849e-03
8.3338313295920733e-09
5.2551976597627118e-06
-1.2381990773676092e-03
-4.5390403725474905e-03
-2.1780327030748715e-05
-4.3056443208161774e-03
-1.7395916873270849e-02
1.8419825870847559e-08
8.6061423368456267e-03
8.4171840349464271e-03
-5.7213446715641042e-04
2.6488960645505026e-09
-3.5885846722596094e-11
7.9856790745655389e-10
8.5241326126379074e-10
9.2098408928480215e-10
-8.8026403405822070e-03
8.3199964971473022e-09
5.3001805134659990e-06
-8.7920446182508660e-03
8.1730633859859608e-09
-5.3048503105513145e-06
-8.8132638061638978e-03
-5.3598648270417257e-03
-6.6897612057529774e-04
-4.7768442760605006e-03
-1.7678193790611512e-02
1.8004757653961366e-08
8.8674331199873214e-03
2.5869873528469488e-10
3.2860755888459307e-09
5.8655949613919956e-10
6.3680746113565638e-10
6.2345774758319998e-10
5.8617071115712963e-10
5.4973354364681058e-10
-8.7973607168793481e-03
7.9631274229823621e-09
-5.2601240785264701e-06
-8.8078847964725097e-03
8.0751755834114016e-09
5.2550209591779193e-06
-8.7868639011177783e-03
-2.7402996523264432e-03
-1.7691758366955518e-03
-9.6008357545211680e-03
7.8248952609987289e-09
8.0470612784500583e-04
-7.1920198504823460e-03
6.4712286208355594e-09
-1.6077582885049772e-03
1.1785345726334709e-09
2.6453353191734456e-10
6.8762676640898161e-10
5.4933185850848832e-10
6.1219800694237881e-10
-8.8026406195270794e-03
8.1071395212185914e-09
5.2999922117151786e-06
-8.7920446421857531e-03
8.0814534895192150e-09
-5.3050468100494864e-06
-8.8132638571501148e-03
-1.3934024250267924e-03
-2.7682174756168045e-03
-1.2939206608334110e-02
1.1861960584126723e-08
4.1337543955727489e-03
-5.3269545232375844e-04
2.1129014367810835e-09
-8.2642766894066178e-03
7.3582699401421061e-09
-5.3873030799404071e-04
8.6480982004186801e-10
5.1243421093087318e-10
6.4824216711308494e-10
-8.7973604976597057e-03
7.9763189838329672e-09
-5.2602443130221450e-06
-8.8078850805469854e-03
8.0683375617152737e-09
5.2552456547418373e-06
-8.7868633636547337e-03
-7.1450927488312115e-04
-3.7375620201241700e-03
-1.5565266913538224e-02
1.5444239342428778e-08
6.7722046884384993e-03
4.7460264391379261e-03
-6.0838008935757450e-03
7.6431706505062312e-09
-2.7157978080963050e-03
2.1136723290298822e-09
7.1453417469497115e-11
6.7461399717162923e-10
6.9949356955182932e-10
-8.8026405942388582e-03
8.0381213755513001e-09
5.2999630632716066e-06
-8.7920447050784719e-03
8.0380731557795125e-09
-5.3049001372535735e-06
-8.8132637608071135e-03
-3.6188626878104523e-04
-4.3907033999483246e-03
-1.7214379052960270e-02
1.7569039790537076e-08
8.4066511731160330e-03
8.0108082796192387e-03
-1.1822311910005762e-03
3.8651709133866254e-09
6.6484654208771828e-11
3.0761543796932709e-10
3.0213858563144497e-10
3.9732637082462863e-10
4.2115250185883072e-10
-8.7973608057368025e-03
7.7629028203721236e-09
-5.2601694446676633e-06
-8.8078849580568597e-03
7.8259824432045544e-09
5.2547964230815145e-06
-8.7868640961843471e-03
-1.8655766908520663e-04
-5.0220772081286278e-03
-1.8663200440632525e-02
1.9592469060788297e-08
9.8718698337996545e-03
1.0947077815306022e-02
3.2203646279349860e-03
1.5654451091459188e-09
1.1733322399159605e-09
4.0150724456015862e-10
3.7933198968021678e-10
