2.9999999999999983e+02
2.9999999999999983e+02
2.9999999999999983e+02
2.9999999999999983e+02
2.9999999999999983e+02
2.9999999999999983e+02
2.9999999999999983e+02
3.0800016197111586e+02
3.5200452223043402e+02
3.9600228214089998e+02
4.4000115297886555e+02
3.9600000034700059e+02
3.7600462093152646e+02
3.7600462093152646e+02
3.7600462093152646e+02
3.7600462093152646e+02
3.7600462093152646e+02
3.7600462093152646e+02
3.7600462093152646e+02
3.7600462093152646e+02
3.7600462093152646e+02
3.7600462093152646e+02
3.7600462093152646e+02
3.7600462093152646e+02
3.7600462093152646e+02
3.7600462093152646e+02
3.7600462093152646e+02
3.7600462093152646e+02
3.7600462093152646e+02
3.9599895699704427e+02
4.3999617476154208e+02
3.9836839877388149e+02
3.9836839877388149e+02
3.9836839877388149e+02
3.9836839877388149e+02
3.9836839877388149e+02
3.9836839877388149e+02
3.9836839877388149e+02
3.9836839877388149e+02
3.9836839877388149e+02
3.9836839877388149e+02
3.9836839877388149e+02
3.9836839877388149e+02
3.9836839877388149e+02
3.9836839877388149e+02
3.9836839877388149e+02
3.9836839877388149e+02
3.9836839877388149e+02
3.9836839877388149e+02
3.9836839877388149e+02
4.4000448394448057e+02
4.1026442310833841e+02
4.1026442310833841e+02
4.1026442310833841e+02
4.1026442310833841e+02
4.1026442310833841e+02
4.1026442310833841e+02
4.1026442310833841e+02
4.1026442310833841e+02
4.1026442310833841e+02
4.1026442310833841e+02
4.1026442310833841e+02
4.1026442310833841e+02
4.1026442310833841e+02
4.1026442310833841e+02
4.1026442310833841e+02
4.1026442310833841e+02
4.1026442310833841e+02
4.1026442310833841e+02
4.1026442310833841e+02
4.3999768517205302e+02
4.1875964084082830e+02
4.1875964084082830e+02
4.1875964084082830e+02
4.1875964084082830e+02
4.1875964084082830e+02
4.1875964084082830e+02
4.1875964084082830e+02
4.1875964084082830e+02
4.1875964084082830e+02
4.1875964084082830e+02
4.1875964084082830e+02
4.1875964084082830e+02
4.1875964084082830e+02
4.1875964084082830e+02
4.1875964084082830e+02
4.1875964084082830e+02
4.1875964084082830e+02
4.1875964084082830e+02
4.1875964084082830e+02
4.4000116126081423e+02
4.2482864667510989e+02
4.2482864667510989e+02
4.2482864667510989e+02
4.2482864667510989e+02
4.2482864667510989e+02
4.2482864667510989e+02
4.2482864667510989e+02
4.2482864667510989e+02
4.2482864667510989e+02
4.2482864667510989e+02
4.2482864667510989e+02
4.2482864667510989e+02
4.2482864667510989e+02
4.2482864667510989e+02
4.2482864667510989e+02
4.2482864667510989e+02
4.2482864667510989e+02
4.2482864667510989e+02
4.2482864667510989e+02
4.3999939323171537e+02
4.2916314569128281e+02
4.2916314569128281e+02
4.2916314569128281e+02
4.2916314569128281e+02
4.2916314569128281e+02
4.2916314569128281e+02
4.2916314569128281e+02
4.2916314569128281e+02
4.2916314569128281e+02
4.2916314569128281e+02
4.2916314569128281e+02
4.2916314569128281e+02
4.2916314569128281e+02
4.2916314569128281e+02
4.2916314569128281e+02
4.2916314569128281e+02
4.2916314569128281e+02
4.2916314569128281e+02
4.2916314569128281e+02
4.4000029932487251e+02
4.3225947530088001e+02
4.3225947530088001e+02
4.3225947530088001e+02
4.3225947530088001e+02
4.3225947530088001e+02
4.3225947530088001e+02
4.3225947530088001e+02
4.3225947530088001e+02
4.3225947530088001e+02
4.3225947530088001e+02
4.3225947530088001e+02
4.3225947530088001e+02
4.3225947530088001e+02
4.3225947530088001e+02
4.3225947530088001e+02
4.3225947530088001e+02
4.3225947530088001e+02
4.3225947530088001e+02
4.3225947530088001e+02
4.3999983992833916e+02
4.3447100805158266e+02
4.3447100805158266e+02
4.3447100805158266e+02
4.3447100805158266e+02
4.3447100805158266e+02
4.3447100805158266e+02
4.3447100805158266e+02
4.3447100805158266e+02
4.3447100805158266e+02
4.3447100805158266e+02
