0.0000000000000000e+00
-1.8587725300331075e-11
8.6574434861052237e-10
-8.8026394550750637e-03
8.2453956485920211e-09
5.2993090043763218e-06
-8.7920461549642007e-03
-1.9690082268232430e-04
-5.3868123625074871e-03
-2.7426851146404368e-03
-1.3974827265051636e-03
-2.7503154017699535e-08
-1.9389056947769995e-03
-1.2673983916941408e-02
1.2464368834357733e-08
3.8690489523079503e-03
-1.0615912285239263e-03
2.6298115250307303e-09
8.1091527068426929e-10
1.0355908106608570e-09
1.0223441645331972e-09
9.8457276652454397e-10
1.0204885868700633e-09
-8.7973602482196885e-03
8.3977978474593489e-09
-5.2595438925830837e-06
-8.8078841730735210e-03
8.4608466232841527e-09
5.2551973755365077e-06
-1.2381989966696613e-03
-4.5390403233924667e-03
-2.1780269700515808e-05
-4.3056442680323471e-03
-1.7395916834886432e-02
1.8442565720873242e-08
8.6061424246778821e-03
8.4171840946040185e-03
-5.7213439733579639e-04
2.7977075506396516e-09
1.0756056767821453e-10
8.9376513746697317e-10
9.2940361687518659e-10
9.4978428515817571e-10
-8.8026402736797078e-03
8.3093116593284510e-09
5.3002642140280799e-06
-8.7920444985786356e-03
8.3177506280152726e-09
-5.3047266418174365e-06
-8.8132637051574429e-03
-5.3598646288149643e-03
-6.6897593681494066e-04
-4.7768440439482718e-03
-1.7678193531936545e-02
1.8208005917194048e-08
8.8674333731049004e-03
4.9531771783595281e-10
3.5980993692901997e-09
9.1111953593611249e-10
9.2215000350457438e-10
9.1667912843075621e-10
9.4311667373830464e-10
9.2129079000793580e-10
-8.7973603109598245e-03
8.2837007363328617e-09
-5.2597929934541438e-06
-8.8078844337632634e-03
8.3620380972624206e-09
5.2552076983212676e-06
-8.7868637009103009e-03
-2.7402994951272871e-03
-1.7691756759711488e-03
-9.6008356156437932e-03
8.0933009979321908e-09
8.0470640966593993e-04
-7.1920195297374241e-03
6.7566757303617022e-09
-1.6077580617133280e-03
1.3940024511120280e-09
3.9483017061581906e-10
7.9845380320392253e-10
6.8586362137275580e-10
7.1371722718683376e-10
-8.8026405420181791e-03
8.1983825689120144e-09
5.3001633908650672e-06
-8.7920445390359137e-03
8.0869355293939284e-09
-5.3051746856945128e-06
-8.8132641057996931e-03
-1.3934024362694602e-03
-2.7682175299020839e-03
-1.2939206695134379e-02
1.1866053106112723e-08
4.1337544439019784e-03
-5.3269539289334950e-04
2.0841876809195234e-09
-8.2642767811836534e-03
7.4222777075734914e-09
-5.3873004419777593e-04
9.6301668414559198e-10
6.0368418758183641e-10
7.8924178845313076e-10
-8.7973603539176250e-03
8.1584553195284179e-09
-5.2600341176306614e-06
-8.8078848025927563e-03
8.2279275661877213e-09
5.2553539077975919e-06
-8.7868633390308041e-03
-7.1450909288799341e-04
-3.7375618398330750e-03
-1.5565266700730305e-02
1.5673021926922935e-08
6.7722048501930171e-03
4.7460266598185743e-03
-6.0838007244481476e-03
7.8050958394920643e-09
-2.7157977178287416e-03
2.2674159399988326e-09
3.2308032899953958e-10
9.2966179899365851e-10
9.3557092809269285e-10
-8.8026403444454743e-03
8.2774752305924357e-09
5.3001422078579129e-06
-8.7920445409248090e-03
8.2875476393736491e-09
-5.3045568404240274e-06
-8.8132634038471380e-03
-3.6188601717685159e-04
-4.3907030561464574e-03
-1.7214378754491735e-02
1.7843368451702466e-08
8.4066514767723623e-03
8.0108085755086402e-03
-1.1822308748459368e-03
4.2090343957755184e-09
3.9559588457258340e-10
6.5207171953832746e-10
6.8718505614206271e-10
7.4058295235473831e-10
7.3446019366551831e-10
-8.7973606226617179e-03
8.0698183926636165e-09
-5.2598355218761349e-06
-8.8078845319701660e-03
8.1140768123447098e-09
5.2549438387887963e-06
-8.7868640654733595e-03
-1.8655739241083908e-04
-5.0220768921231135e-03
-1.8663200112225262e-02
1.9930219667225165e-08
9.8718701565169483e-03
1.0947078224467520e-02
3.2203649896871433e-03
2.0533136880024307e-09
1.6561470666302576e-09
9.3617439724976575e-10
8.4967631923276574e-10
