0.0000000000000000e+00
-4.4000000002315339e+01
-8.8000000001306120e+01
-1.3202200836391737e+02
-1.7600000001139034e+02
-2.1999998328901694e+02
-2.6402197491651168e+02
-3.0800035887197350e+02
-3.5200990904283327e+02
-3.9600502482606549e+02
-4.4000255046162658e+02
-3.9600000037454413e+02
-3.5200484461648250e+02
-3.0803167682379251e+02
-2.6400000001670122e+02
-2.1999033891820915e+02
-1.7600267679924593e+02
-1.3200000000364716e+02
-8.8000000000944340e+01
-4.4000000001206097e+01
-1.2153108070534159e-09
4.3999999998775031e+01
8.7999999998791196e+01
1.3197800835510429e+02
1.7599999998878093e+02
2.1999998327243068e+02
2.6397797492593702e+02
3.0799999998884147e+02
3.5200001667451909e+02
3.9599771879800721e+02
4.3999163572119431e+02
3.9599994327947809e+02
3.5198624807425841e+02
3.0795053337230576e+02
2.6399999996351625e+02
2.2002749722536103e+02
1.7603300846457563e+02
1.3201651696775571e+02
8.8000000002151793e+01
4.3999999990987000e+01
-1.4173501345827541e-09
-4.4000000001362054e+01
-8.8000000001377018e+01
-1.3202200836500052e+02
-1.7600000001139915e+02
-2.1999998328788936e+02
-2.6402197491458622e+02
-3.0800000001143974e+02
-3.5200001676548499e+02
-3.9602204189686199e+02
-4.4000984380920892e+02
-3.9600166132051663e+02
-3.5201547584044380e+02
-3.0805127066257080e+02
-2.6400000003921889e+02
-2.1997076171834661e+02
-1.7600000000731737e+02
-1.3200000000950914e+02
-8.8000000001426741e+01
-4.4000000001392721e+01
-1.3665278974025782e-09
4.3999999998605972e+01
8.7999999998622314e+01
1.3197800835502611e+02
1.7599999998866573e+02
2.1999998327213683e+02
2.6397797492556657e+02
3.0799999998873909e+02
3.5200001667453461e+02
3.9597804170310559e+02
4.3999494487247921e+02
3.9599555947340031e+02
3.5197416574272501e+02
3.0799999998564147e+02
2.6400384594597847e+02
2.1998568690752336e+02
1.7599999999434561e+02
1.3199231472022851e+02
8.7999999994161826e+01
4.3999999999631406e+01
-1.3345295953064335e-09
-4.4000000001503423e+01
-8.8000000001452932e+01
-1.3202200836514652e+02
-1.7600000001145889e+02
-2.1999998328804611e+02
-2.6402197491461243e+02
-3.0800000001151909e+02
-3.5200001676564108e+02
-3.9602204189693549e+02
-4.4000255466324484e+02
-3.9600689946318585e+02
-3.5203323238928806e+02
-3.0800000001870615e+02
-2.6398878475299551e+02
-2.1999956986161291e+02
-1.7600000000245117e+02
-1.3202242103776942e+02
-8.8000000013661534e+01
-4.3999588088861245e+01
-1.0751704039657653e-09
4.3999999997893532e+01
8.7999999998230962e+01
1.3197800835488133e+02
1.7599999998816128e+02
2.1999998327132602e+02
2.6397797492436462e+02
3.0799999998825012e+02
3.5200001667473589e+02
3.9597804170398513e+02
4.3999867872253134e+02
3.9599063186029036e+02
3.5196057039721552e+02
3.0799999997747386e+02
2.6401745129167523e+02
2.2001290763631565e+02
1.7598635228704316e+02
1.3199999999064519e+02
8.7991649332888144e+01
4.3999999995019380e+01
-6.3663600180175742e-10
-4.4000000001438977e+01
-8.8000000001405070e+01
-1.3202200836507956e+02
-1.7600000001147367e+02
-2.1999998328804898e+02
-2.6402197491462840e+02
-3.0800000001145366e+02
-3.5200001676532736e+02
-3.9602204189655197e+02
-4.4000066121101599e+02
-3.9601095112965209e+02
-3.5204322482479097e+02
-3.0800000002515299e+02
-2.6397879975829721e+02
-2.1997960728483895e+02
-1.7600240588531182e+02
-1.3200000000581983e+02
-8.8000000001519822e+01
-4.4000000001599616e+01
-1.5747095365399604e-09
4.3999999998455515e+01
8.7999999998469661e+01
1.3197800835471452e+02
1.7599999998842515e+02
2.1999998327208880e+02
2.6397797492551911e+02
3.0799999998837154e+02
3.5200001667414227e+02
3.9597804170253994e+02
4.3999965337080812e+02
3.9598741743015080e+02
3.5195316378444181e+02
3.0799999997176411e+02
2.6402486344011027e+02
2.2002773749226898e+02
1.7600860541097751e+02
1.3199999999711704e+02
8.7999999997126508e+01
4.3999999998497096e+01
-1.5293678128890820e-09
