0.0000000000000000e+00
4.4000000002331312e+01
8.8000000002138293e+01
1.3201320572442393e+02
1.7600000001958779e+02
2.1999998858827405e+02
2.6401318287029801e+02
3.0800016197111574e+02
3.5200452223043430e+02
3.9600228214090004e+02
4.4000115297886555e+02
3.9600000034700037e+02
3.5200290571074913e+02
3.0801900283978944e+02
2.6400000002909246e+02
2.1999420796710370e+02
1.7600161520795970e+02
1.3200000000619616e+02
8.8000000001670870e+01
4.4000000002152724e+01
2.1502053553883425e-09
4.3999999997884991e+01
8.7999999997870390e+01
1.3198680571542988e+02
1.7599999998046425e+02
2.1999998853207376e+02
2.6398678281021455e+02
3.0799999998044427e+02
3.5200001141932154e+02
3.9599895699704405e+02
4.3999617476154231e+02
3.9599996505977663e+02
3.5199055371855275e+02
3.0796792928915994e+02
2.6399999994508516e+02
2.2001889108298025e+02
1.7602459128051078e+02
1.3201708910218795e+02
8.7999999999428439e+01
4.3999999990951160e+01
2.2616565424226893e-09
4.4000000002252968e+01
8.8000000002312419e+01
1.3201320572469348e+02
1.7600000001971375e+02
2.1999998858811176e+02
2.6401318287002795e+02
3.0800000001968510e+02
3.5200001146069661e+02
3.9601322863310605e+02
4.4000448394448091e+02
3.9600099234448794e+02
3.5201069899628374e+02
3.0803359246890949e+02
2.6400000005732534e+02
2.1997962915159320e+02
1.7600000000769438e+02
1.3200000001295120e+02
8.8000000002175568e+01
4.4000000002172193e+01
2.1356509787431139e-09
4.3999999997841307e+01
8.7999999997886761e+01
1.3198680571554010e+02
1.7599999998054233e+02
2.1999998853209524e+02
2.6398678281018175e+02
3.0799999998052078e+02
3.5200001141942016e+02
3.9598682856690704e+02
4.3999768517205297e+02
3.9599732864915654e+02
3.5198376657841015e+02
3.0799999997768259e+02
2.6400304123970972e+02
2.1999287892721335e+02
1.7599999998773160e+02
1.3199392247840370e+02
8.7999999992875573e+01
4.3999999999301721e+01
2.0768294301761716e-09
4.4000000002121041e+01
8.8000000002115911e+01
1.3201320572456569e+02
1.7600000001961155e+02
2.1999998858812381e+02
2.6401318287002169e+02
3.0800000001960336e+02
3.5200001146053046e+02
3.9601322863295417e+02
4.4000116126081411e+02
3.9600413124568297e+02
3.5202029318263629e+02
3.0800000003057011e+02
2.6399291850741537e+02
2.1999903716619025e+02
1.7600000000454978e+02
1.3201415676103397e+02
8.8000000021051818e+01
4.3999049358685120e+01
1.9858378426922638e-09
4.3999999997335486e+01
8.7999999997512205e+01
1.3198680571530707e+02
1.7599999998009403e+02
2.1999998853146536e+02
2.6398678280930608e+02
3.0799999998010207e+02
3.5200001141943625e+02
3.9598682856733654e+02
4.3999939323171526e+02
3.9599436942222030e+02
3.5197613566402265e+02
3.0799999996191536e+02
2.6401067908690595e+02
2.2000816160976623e+02
1.7599243608785218e+02
1.3199999998292100e+02
8.7994365130651161e+01
4.3999999992828833e+01
7.9892933229642405e-10
4.4000000002241151e+01
8.8000000002222649e+01
1.3201320572461023e+02
1.7600000001963144e+02
2.1999998858810153e+02
2.6401318287000521e+02
3.0800000001961649e+02
3.5200001146059913e+02
3.9601322863296957e+02
4.4000029932487303e+02
3.9600656042642413e+02
3.5202601044588761e+02
3.0800000004285926e+02
2.6398720640962233e+02
2.1998761809326658e+02
1.7600122365427876e+02
1.3200000000985693e+02
8.8000000001750848e+01
4.4000000002079460e+01
2.0569584166894407e-09
4.3999999997886562e+01
8.7999999997891933e+01
1.3198680571542872e+02
1.7599999998050885e+02
2.1999998853209129e+02
2.6398678281026423e+02
3.0799999998040141e+02
3.5200001141927203e+02
3.9598682856662066e+02
4.3999983992833916e+02
3.9599243950720086e+02
3.5197182698471806e+02
3.0799999995200295e+02
2.6401499157011517e+02
2.2001679041424910e+02
1.7600538504616873e+02
1.3199999999530769e+02
8.7999999995711775e+01
4.3999999997828226e+01
2.1384517268229898e-09
