0.0000000000000000e+00
-4.0000000002112087e-04
-8.0000000001558002e-04
-1.2001600640379319e-03
-1.6000000001408577e-03
-1.9999998721695537e-03
-2.4001598081218583e-03
-3.0000413928124724e-03
-4.5000000017196198e-03
-6.0000000117761392e-03
-7.5000000122507297e-03
-7.1000000115186241e-03
-6.7001599468155008e-03
-6.3000000104291246e-03
-5.9000001379682469e-03
-5.5001602014331206e-03
-5.1000000104298709e-03
-4.6999998835560572e-03
-4.3000000103043780e-03
-3.9000000103043548e-03
-3.5000000103046092e-03
-3.1000000103042699e-03
-2.7000000103040130e-03
-2.3001599463315682e-03
-1.9000000104291205e-03
-1.5000001384516985e-03
-1.1001602023995678e-03
-7.0000001042951282e-04
-2.9999988258914468e-04
9.9840309120674526e-05
4.9952069254790362e-04
9.9999988401933734e-05
-2.9968039633464526e-04
-7.0000001042861781e-04
-1.1000000104291893e-03
-1.5001600744574846e-03
-1.9000000104292636e-03
-2.2999998823267009e-03
-2.7000000103052377e-03
-3.1000000103055905e-03
-3.5000000103051370e-03
-3.9000000103051342e-03
-4.3000000103052593e-03
-4.7001600743329817e-03
-5.1000000104297165e-03
-5.4999998824522668e-03
-5.9001598183995316e-03
-6.3000000104286970e-03
-6.7000001385888342e-03
-7.1001603308788238e-03
-7.5004807154528952e-03
-7.1002306079382179e-03
-6.7001406364796245e-03
-6.3002306066154822e-03
-5.9002306066522903e-03
-5.5003905427173060e-03
-5.1002306068164398e-03
-4.7002307348407825e-03
-4.3002306066919184e-03
-3.9002306066922079e-03
-3.5002306066919532e-03
-3.1002306066922249e-03
-2.7002306066921835e-03
-2.3003905427198554e-03
-1.9002306068163031e-03
-1.5002307348395201e-03
-1.1003907987867745e-03
-7.0023060681736007e-04
-3.0023047897694455e-04
9.9609712733702950e-05
4.9929009615899092e-04
9.9769392014167614e-05
-2.9991099272202402e-04
-7.0023060681543355e-04
-1.1002306068153341e-03
-1.5003906708435199e-03
-1.9002306068158174e-03
-2.3002304787133280e-03
-2.7002306066902845e-03
-3.1002306066907270e-03
-3.5002306066900415e-03
-3.9002306066903102e-03
-4.3002306066900649e-03
-4.7003906707178984e-03
-5.1002306068148057e-03
-5.5002304788377560e-03
-5.9003904147851881e-03
-6.3002306068152608e-03
-6.7002307349753589e-03
-7.1003909272649539e-03
-7.5007113118398059e-03
-7.1004075772577273e-03
-6.7002640216390266e-03
-6.3004075759359500e-03
-5.9004075759993661e-03
-5.5005675120903203e-03
-5.1004075761379355e-03
-4.7004077041097455e-03
-4.3004075760125745e-03
-3.9004075760130791e-03
-3.5004075760126652e-03
-3.1004075760127695e-03
-2.7004075760127949e-03
-2.3005675120400890e-03
-1.9004075761371161e-03
-1.5004077041592765e-03
-1.1005677681069921e-03
-7.0040757613674736e-04
-3.0040744829682836e-04
9.9432743413506786e-05
4.9911312684053637e-04
9.9592422692791946e-05
-3.0008796204680148e-04
-7.0040757613692387e-04
-1.1004075761374748e-03
-1.5005676401658495e-03
-1.9004075761374106e-03
-2.3004074480347299e-03
-2.7004075760124597e-03
-3.1004075760127773e-03
-3.5004075760122718e-03
-3.9004075760119584e-03
-4.3004075760120792e-03
-4.7005676400399049e-03
-5.1004075761371028e-03
-5.5004074481592481e-03
-5.9005673841071443e-03
-6.3004075761367538e-03
-6.7004077042964920e-03
-7.1005678965861650e-03
-7.5008882811608193e-03
-7.1005433909251420e-03
-6.7003587125833708e-03
-6.3005433896216106e-03
-5.9005433896891215e-03
-5.5007033257848418e-03
-5.1005433898011808e-03
-4.7005435177429914e-03
-4.3005433896766282e-03
-3.9005433896756397e-03
-3.5005433896757973e-03
-3.1005433896757559e-03
-2.7005433896761448e-03
-2.3007033257044654e-03
-1.9005433898016712e-03
-1.5005435178237533e-03
-1.1007035817715636e-03
-7.0054338980158780e-04
-3.0054326196185489e-04
9.9296929746786876e-05
4.9897731317369385e-04
9.9456609027292795e-05
-3.0022377570981232e-04
-7.0054338980087992e-04
-1.1005433898019854e-03
-1.5007034538300863e-03
-1.9005433898010154e-03
-2.3005432616981553e-03
-2.7005433896759466e-03
-3.1005433896760205e-03
-3.5005433896757483e-03
