0.0000000000000000e+00
1.0000000000576372e-04
2.0000000000826177e-04
2.9999000101181930e-04
4.0000000008097507e-04
4.9999999815124048e-04
5.9998999722175460e-04
8.0000295490095872e-04
1.4500000008261463e-03
2.1000000076007324e-03
2.7500000078611690e-03
2.6500000058718586e-03
2.5499900028814774e-03
2.4500000052276737e-03
2.3500000085734420e-03
2.2499900109205235e-03
2.1500000052275797e-03
2.0500000005340244e-03
1.9500000051543109e-03
1.8500000051543460e-03
1.7500000051545051e-03
1.6500000051543717e-03
1.5500000051546258e-03
1.4499900041539881e-03
1.3500000052284089e-03
1.2500000073023142e-03
1.1499900083766787e-03
1.0500000052283173e-03
9.5000000307943395e-04
8.4998999992996847e-04
7.4996999377942785e-04
8.5000000591027287e-04
9.5002001303852196e-04
1.0500000052273753e-03
1.1500000052270978e-03
1.2499900062269093e-03
1.3500000052270513e-03
1.4500000032276316e-03
1.5500000051538324e-03
1.6500000051535581e-03
1.7500000051536009e-03
1.8500000051541485e-03
1.9500000051537580e-03
2.0499900061542791e-03
2.1500000052279639e-03
2.2500000033015412e-03
2.3499900023756220e-03
2.4500000052281546e-03
2.5500000070803239e-03
2.6499900099316801e-03
2.7499700157827076e-03
2.6501153040828446e-03
2.5502506204238976e-03
2.4501153033655593e-03
2.3501153033988445e-03
2.2501053024316588e-03
2.1501153034230430e-03
2.0501153054153409e-03
1.9501153033501153e-03
1.8501153033504975e-03
1.7501153033503134e-03
1.6501153033504435e-03
1.5501153033502860e-03
1.4501053023499555e-03
1.3501153034235092e-03
1.2501153054969537e-03
1.1501053065711472e-03
1.0501153034235236e-03
9.5011530127559591e-04
8.5010529812661235e-04
7.5008529197582280e-04
8.5011530410656309e-04
9.5013531123498761e-04
1.0501153034241169e-03
1.1501153034240783e-03
1.2501053044233525e-03
1.3501153034245288e-03
1.4501153014249298e-03
1.5501153033516332e-03
1.6501153033514878e-03
1.7501153033510481e-03
1.8501153033518981e-03
1.9501153033518585e-03
2.0501053043516810e-03
2.1501153034254122e-03
2.2501153014987127e-03
2.3501053005728703e-03
2.4501153034245477e-03
2.5501153052756549e-03
2.6501053081264630e-03
2.7500853139759245e-03
2.6502037887458666e-03
2.5503122861995874e-03
2.4502037880437906e-03
2.3502037880661175e-03
2.2501937870885599e-03
2.1502037880837162e-03
2.0502037900796857e-03
1.9502037880099760e-03
1.8502037880097633e-03
1.7502037880098432e-03
1.6502037880098287e-03
1.5502037880097365e-03
1.4501937870093451e-03
1.3502037880829985e-03
1.2502037901566932e-03
1.1501937912311733e-03
1.0502037880830673e-03
9.5020378593396455e-04
8.5019378278471428e-04
7.5017377663463228e-04
8.5020378876577785e-04
9.5022379589439795e-04
1.0502037880819259e-03
1.1502037880819073e-03
1.2501937890812527e-03
1.3502037880813739e-03
1.4502037860823790e-03
1.5502037880083795e-03
1.6502037880080881e-03
1.7502037880079684e-03
1.8502037880083436e-03
1.9502037880082350e-03
2.0501937890089095e-03
2.1502037880831767e-03
2.2502037861577093e-03
2.3501937852326246e-03
2.4502037880832005e-03
2.5502037899329858e-03
2.6501937927835692e-03
2.7501737986323407e-03
2.6502716955772053e-03
2.5503596110949454e-03
2.4502716948867223e-03
2.3502716949032653e-03
2.2502616939193178e-03
2.1502716949158823e-03
2.0502716969132842e-03
1.9502716948429247e-03
1.8502716948432373e-03
1.7502716948430853e-03
1.6502716948434302e-03
1.5502716948429379e-03
1.4502616938428040e-03
1.3502716949155892e-03
1.2502716969898654e-03
1.1502616980641805e-03
1.0502716949172689e-03
9.5027169276938302e-04
8.5026168962073654e-04
7.5024168347151096e-04
8.5027169560129791e-04
9.5029170272807845e-04
1.0502716949162905e-03
1.1502716949165234e-03
1.2502616959163982e-03
1.3502716949170554e-03
1.4502716929176119e-03
1.5502716948438959e-03
1.6502716948434380e-03
1.7502716948439852e-03
