0.0000000000000000e+00
1.0000000000497821e-04
2.0000000000899816e-04
2.9999000101259922e-04
4.0000000008217208e-04
4.9999999815235623e-04
5.9998999722321133e-04
8.0000295490196009e-04
1.4500000008269645e-03
2.1000000076016943e-03
2.7500000078622389e-03
2.6500000058725247e-03
2.5499900028833765e-03
2.4500000052280484e-03
2.3500000085730946e-03
2.2499900109189527e-03
2.1500000052278975e-03
2.0500000005361945e-03
1.9500000051543708e-03
1.8500000051547105e-03
1.7500000051545108e-03
1.6500000051551927e-03
1.5500000051547613e-03
1.4499900041549049e-03
1.3500000052280932e-03
1.2500000073014689e-03
1.1499900083754098e-03
1.0500000052285740e-03
9.5000000308132577e-04
8.4998999993365486e-04
7.4996999378472103e-04
8.5000000591186980e-04
9.5002001303534254e-04
1.0500000052278775e-03
1.1500000052279064e-03
1.2499900062278530e-03
1.3500000052281355e-03
1.4500000032280913e-03
1.5500000051550868e-03
1.6500000051546586e-03
1.7500000051546886e-03
1.8500000051548560e-03
1.9500000051550618e-03
2.0499900061546087e-03
2.1500000052286066e-03
2.2500000033029116e-03
2.3499900023771715e-03
2.4500000052291230e-03
2.5500000070802081e-03
2.6499900099310404e-03
2.7499700157806767e-03
2.6501153040840737e-03
2.5502506204281724e-03
2.4501153033671071e-03
2.3501153034000844e-03
2.2501053024323900e-03
2.1501153034251363e-03
2.0501153054172114e-03
1.9501153033516063e-03
1.8501153033512413e-03
1.7501153033512621e-03
1.6501153033506746e-03
1.5501153033513737e-03
1.4501053023513466e-03
1.3501153034237820e-03
1.2501153054975127e-03
1.1501053065708971e-03
1.0501153034241596e-03
9.5011530127757306e-04
8.5010529812979416e-04
7.5008529198094327e-04
8.5011530410843128e-04
9.5013531123294931e-04
1.0501153034239998e-03
1.1501153034244617e-03
1.2501053044248036e-03
1.3501153034243579e-03
1.4501153014250515e-03
1.5501153033505070e-03
1.6501153033508147e-03
1.7501153033505031e-03
1.8501153033509043e-03
1.9501153033506303e-03
2.0501053043504875e-03
2.1501153034243778e-03
2.2501153014978991e-03
2.3501053005716950e-03
2.4501153034240998e-03
2.5501153052758701e-03
2.6501053081275931e-03
2.7500853139775846e-03
2.6502037887460922e-03
2.5503122861977126e-03
2.4502037880439315e-03
2.3502037880663352e-03
2.2501937870887741e-03
2.1502037880840813e-03
2.0502037900800882e-03
1.9502037880111049e-03
1.8502037880104155e-03
1.7502037880105467e-03
1.6502037880110512e-03
1.5502037880105728e-03
1.4501937870103547e-03
1.3502037880836772e-03
1.2502037901569061e-03
1.1501937912308440e-03
1.0502037880837061e-03
9.5020378593607701e-04
8.5019378278753744e-04
7.5017377663803635e-04
8.5020378876862345e-04
9.5022379589544030e-04
1.0502037880840882e-03
1.1502037880842340e-03
1.2501937890849063e-03
1.3502037880838383e-03
1.4502037860839232e-03
1.5502037880101836e-03
1.6502037880102257e-03
1.7502037880104105e-03
1.8502037880105348e-03
1.9502037880099277e-03
2.0501937890102227e-03
2.1502037880833072e-03
2.2502037861571729e-03
2.3501937852307628e-03
2.4502037880833587e-03
2.5502037899358550e-03
2.6501937927870963e-03
2.7501737986368297e-03
2.6502716955765044e-03
2.5503596110881366e-03
2.4502716948859899e-03
2.3502716949017448e-03
2.2502616939179564e-03
2.1502716949154651e-03
2.0502716969131971e-03
1.9502716948420591e-03
1.8502716948428134e-03
1.7502716948430896e-03
1.6502716948429597e-03
1.5502716948429256e-03
1.4502616938426431e-03
1.3502716949149664e-03
1.2502716969885013e-03
1.1502616980623537e-03
1.0502716949153219e-03
9.5027169276739709e-04
8.5026168961983622e-04
7.5024168347045375e-04
8.5027169559905708e-04
9.5029170272517777e-04
1.0502716949142025e-03
1.1502716949144721e-03
1.2502616959147541e-03
1.3502716949147723e-03
1.4502716929146637e-03
1.5502716948417854e-03
1.6502716948415986e-03
1.7502716948413432e-03
