0.0000000000000000e+00
0.0000000000000000e+00
0.0000000000000000e+00
0.0000000000000000e+00
0.0000000000000000e+00
0.0000000000000000e+00
0.0000000000000000e+00
2.0002268952803726e-04
1.3000000013027027e-03
2.4000000099140004e-03
3.5000000102900670e-03
3.5000000102900670e-03
3.5000000102900670e-03
3.5000000102900670e-03
3.5000000102900670e-03
3.5000000102900670e-03
3.5000000102900670e-03
3.5000000102900670e-03
3.5000000102900670e-03
3.5000000102900670e-03
3.5000000102900670e-03
3.5000000102900670e-03
3.5000000102900670e-03
3.5000000102900670e-03
3.5000000102900670e-03
3.5000000102900670e-03
3.5000000102900670e-03
3.5000000102900670e-03
3.5000000102900670e-03
3.5000000102900670e-03
3.5000000102900670e-03
3.5000000102900670e-03
3.5000000102900670e-03
3.5000000102900670e-03
3.5000000102900670e-03
3.5000000102900670e-03
3.5000000102900670e-03
3.5000000102900670e-03
3.5000000102900670e-03
3.5000000102900670e-03
3.5000000102900670e-03
3.5000000102900670e-03
3.5000000102900670e-03
3.5000000102900670e-03
3.5000000102900670e-03
3.5000000102900670e-03
3.5000000102900670e-03
3.5000000102900670e-03
3.5000000102900670e-03
3.5000000102900670e-03
3.5002306066786045e-03
3.5002306066786045e-03
3.5002306066786045e-03
3.5002306066786045e-03
3.5002306066786045e-03
3.5002306066786045e-03
3.5002306066786045e-03
3.5002306066786045e-03
3.5002306066786045e-03
3.5002306066786045e-03
3.5002306066786045e-03
3.5002306066786045e-03
3.5002306066786045e-03
3.5002306066786045e-03
3.5002306066786045e-03
3.5002306066786045e-03
3.5002306066786045e-03
3.5002306066786045e-03
3.5002306066786045e-03
3.5002306066786045e-03
3.5002306066786045e-03
3.5002306066786045e-03
3.5002306066786045e-03
3.5002306066786045e-03
3.5002306066786045e-03
3.5002306066786045e-03
3.5002306066786045e-03
3.5002306066786045e-03
3.5002306066786045e-03
3.5002306066786045e-03
3.5002306066786045e-03
3.5002306066786045e-03
3.5002306066786045e-03
3.5002306066786045e-03
3.5002306066786045e-03
3.5002306066786045e-03
3.5002306066786045e-03
3.5002306066786045e-03
3.5002306066786045e-03
3.5002306066786045e-03
3.5004075760001192e-03
3.5004075760001192e-03
3.5004075760001192e-03
3.5004075760001192e-03
3.5004075760001192e-03
3.5004075760001192e-03
3.5004075760001192e-03
3.5004075760001192e-03
3.5004075760001192e-03
3.5004075760001192e-03
3.5004075760001192e-03
3.5004075760001192e-03
3.5004075760001192e-03
3.5004075760001192e-03
3.5004075760001192e-03
3.5004075760001192e-03
3.5004075760001192e-03
3.5004075760001192e-03
3.5004075760001192e-03
3.5004075760001192e-03
3.5004075760001192e-03
3.5004075760001192e-03
3.5004075760001192e-03
3.5004075760001192e-03
3.5004075760001192e-03
3.5004075760001192e-03
3.5004075760001192e-03
3.5004075760001192e-03
3.5004075760001192e-03
3.5004075760001192e-03
3.5004075760001192e-03
3.5004075760001192e-03
3.5004075760001192e-03
3.5004075760001192e-03
3.5004075760001192e-03
3.5004075760001192e-03
3.5004075760001192e-03
3.5004075760001192e-03
3.5004075760001192e-03
3.5004075760001192e-03
3.5005433896640441e-03
3.5005433896640441e-03
3.5005433896640441e-03
3.5005433896640441e-03
3.5005433896640441e-03
3.5005433896640441e-03
3.5005433896640441e-03
3.5005433896640441e-03
3.5005433896640441e-03
3.5005433896640441e-03
3.5005433896640441e-03
3.5005433896640441e-03
3.5005433896640441e-03
3.5005433896640441e-03
3.5005433896640441e-03
3.5005433896640441e-03
3.5005433896640441e-03
3.5005433896640441e-03
3.5005433896640441e-03
3.5005433896640441e-03
3.5005433896640441e-03
3.5005433896640441e-03
3.5005433896640441e-03
3.5005433896640441e-03
3.5005433896640441e-03
3.5005433896640441e-03
3.5005433896640441e-03
3.5005433896640441e-03
3.5005433896640441e-03
3.5005433896640441e-03
3.5005433896640441e-03
