0.0000000000000000e+00
-4.4000000002315339e+01
-8.8000000001306120e+01
-1.3202200836391737e+02
-1.7600000001139034e+02
-2.1999998328901694e+02
-2.6402197491651168e+02
-3.0800320714145079e+02
-3.5200000003960992e+02
-3.9600000001311287e+02
-4.4000000001974763e+02
-3.9600000009816404e+02
-3.5202199182044978e+02
-3.0800000001104229e+02
-2.6400001655181063e+02
-2.2002202472269246e+02
-1.7600000001114438e+02
-1.3199998367677100e+02
-8.8000000001049131e+01
-4.4000000001030642e+01
-1.0610042719869403e-09
4.3999999998997822e+01
8.7999999999031786e+01
1.3197800835538641e+02
1.7599999998899918e+02
2.1999998327248420e+02
2.6397797492588745e+02
3.0799999998895294e+02
3.5200001667484707e+02
3.9597804170343682e+02
4.3993409177464719e+02
3.9599999989471098e+02
3.5204394973657298e+02
3.0799999998895134e+02
2.6399999998886079e+02
2.1997799162513056e+02
1.7599999998886716e+02
1.3200001672240379e+02
8.7999999998779600e+01
4.3999999998702243e+01
-1.2349476251030880e-09
-4.4000000001225800e+01
-8.8000000001258115e+01
-1.3202200836491173e+02
-1.7600000001119594e+02
-2.1999998328767816e+02
-2.6402197491417655e+02
-3.0800000001103518e+02
-3.5200001676521771e+02
-3.9602204189659665e+02
-4.4004579966337786e+02
-3.9600000010089855e+02
-3.5197621603022066e+02
-3.0799999998940268e+02
-2.6399999999136611e+02
-2.2002199163708281e+02
-1.7600000001085053e+02
-1.3200001673477675e+02
-8.8000000000867288e+01
-4.4000000000896208e+01
-8.5785196210385255e-10
4.3999999999097312e+01
8.7999999999115673e+01
1.3197800835542972e+02
1.7599999998913896e+02
2.1999998327255412e+02
2.6397797492599489e+02
3.0799999998901848e+02
3.5200001667497634e+02
3.9597804170374343e+02
4.3993409177467879e+02
3.9599999989495228e+02
3.5204394973689455e+02
3.0799999998929400e+02
2.6399999998932196e+02
2.1997799162559849e+02
1.7599999998930977e+02
1.3200001672289559e+02
8.7999999999442437e+01
4.3999999999388827e+01
-5.5200613100065555e-10
-4.4000000000537113e+01
-8.8000000000526512e+01
-1.3202200836420920e+02
-1.7600000001051575e+02
-2.1999998328707551e+02
-2.6402197491363205e+02
-3.0800000001062745e+02
-3.5200001676483134e+02
-3.9602204189614912e+02
-4.4005051884494776e+02
-3.9600000010044482e+02
-3.5197150298293013e+02
-3.0799999998772995e+02
-2.6399999999413126e+02
-2.2002199164415777e+02
-1.7600000001084862e+02
-1.3200001672748940e+02
-8.8000000000760906e+01
-4.4000000000850910e+01
-7.7239364875536034e-10
4.3999999999223220e+01
8.7999999999219042e+01
1.3197800835558894e+02
1.7599999998924272e+02
2.1999998327277191e+02
2.6397797492619378e+02
3.0799999998929997e+02
3.5200001667511492e+02
3.9597804170379794e+02
4.3993409177498887e+02
3.9599999989500736e+02
3.5204394973661130e+02
3.0799999998928052e+02
2.6399999998919537e+02
2.1997799162545380e+02
1.7599999998915834e+02
1.3200001672276272e+02
8.7999999999207077e+01
4.3999999999139888e+01
-7.9960907343854140e-10
-4.4000000000752557e+01
-8.8000000000807120e+01
-1.3202200836444760e+02
-1.7600000001077012e+02
-2.1999998328719553e+02
-2.6402197491377484e+02
-3.0800000001075841e+02
-3.5200001676493048e+02
-3.9602204189630288e+02
-4.4005414054299200e+02
-3.9600000010098324e+02
-3.5196788599455363e+02
-3.0799999998967041e+02
-2.6399999999713316e+02
-2.2002199164837882e+02
-1.7600000001080483e+02
-1.3200001672332607e+02
-8.8000000000797741e+01
-4.4000000000616978e+01
-6.2321712510178143e-10
4.3999999999387640e+01
8.7999999999307917e+01
1.3197800835554204e+02
1.7599999998910135e+02
2.1999998327267673e+02
2.6397797492607225e+02
3.0799999998918258e+02
3.5200001667502261e+02
3.9597804170351668e+02
4.3993409177471329e+02
3.9599999989477959e+02
3.5204394973661016e+02
3.0799999998918258e+02
2.6399999998904497e+02
2.1997799162534776e+02
1.7599999998920313e+02
1.3200001672279535e+02
8.7999999999256289e+01
4.3999999999223320e+01
-7.4991985054340326e-10
