0.0000000000000000e+00
-1.8587725300331075e-11
8.6574434861052237e-10
-8.8026394550750637e-03
8.2453956485920211e-09
5.2993090043763218e-06
-8.7920461549642007e-03
-2.2995602933758869e-03
1.2523516473118059e-08
3.8347380908454202e-07
3.9187262940027911e-07
7.3949968562642284e-08
-8.7976052441740248e-03
8.4823104690076592e-09
-5.0144551054936009e-06
-8.8073939862712974e-03
8.4627719009885597e-09
4.7650674691057427e-06
1.0518306540150942e-09
1.0913303794424877e-09
1.0548285803385134e-09
1.1263409949868247e-09
1.1225471147966721e-09
-8.7973600669855462e-03
8.5753202680827913e-09
-5.2594919257189984e-06
-8.8078841739636128e-03
8.6127582591090624e-09
5.2555910052551606e-06
-8.7868632949341750e-03
-2.6371074795214427e-02
7.7299430593393796e-08
1.7584402861690322e-02
8.4380162545689125e-09
8.4083833085534310e-09
-8.8026328166795099e-03
8.4609632280178352e-09
5.2929598442121949e-06
1.0200127529841001e-09
9.3064274855283516e-10
9.8238686944953164e-10
9.9202598672566123e-10
9.7720995326416943e-10
-8.8026402712749561e-03
8.4605557916930895e-09
5.3004774003981797e-06
-8.7920441229857663e-03
8.5575746683571417e-09
-5.3046203993175637e-06
-8.8132636130819255e-03
-3.6575396403445946e-02
7.5482600516336455e-08
2.7774496109623403e-02
7.5012415908882049e-09
1.1676123007984689e-08
-8.7973454943485498e-03
8.8051184316562581e-09
-5.2736847533389395e-06
1.3708954620784728e-09
1.3544318269406718e-09
1.3856297215871881e-09
1.3205863888586342e-09
1.4023587469002363e-09
-8.7973598513648929e-03
8.7333740808378032e-09
-5.2593487385882290e-06
-8.8078840972379575e-03
8.6962904413991792e-09
5.2557851394477079e-06
-8.7868629702979820e-03
-2.6371074566591931e-02
7.7679768478428981e-08
1.7584403377623195e-02
8.8236686356975091e-09
8.8690834932996418e-09
-8.8026323387182474e-03
8.9028556251002736e-09
5.2935212711072013e-06
1.5125426050245703e-09
1.5247526309841010e-09
1.4973346656321712e-09
1.5743070658330436e-09
1.5295269878025217e-09
-8.8026397011921019e-03
9.0145751908343245e-09
5.3009260240369161e-06
-8.7920437289732058e-03
8.9151065674950560e-09
-5.3042273358882662e-06
-8.8132631036283472e-03
-3.4215804957564072e-02
7.5931825353278935e-08
2.5412074767444323e-02
1.0565090757799644e-08
1.1710733466646222e-08
-8.7973483533704683e-03
8.7181490673103601e-09
-5.2707613881091534e-06
1.3615309325829264e-09
1.2595681790762386e-09
1.3164381697480275e-09
1.3481224371302602e-09
1.3161708309721775e-09
-8.7973599391339939e-03
8.7247874638688572e-09
-5.2593547332568018e-06
-8.8078840082616398e-03
8.7476834569941140e-09
5.2556307078555353e-06
-8.7868632867369924e-03
-2.6371074810196054e-02
7.7700522568800427e-08
1.7584403549655840e-02
8.7478789746264079e-09
8.7491461432550110e-09
-8.8026324451351279e-03
8.6702616973246282e-09
5.2932594658836083e-06
1.2595766256691902e-09
1.2317984067192046e-09
1.2537913811476072e-09
1.2863936119512759e-09
1.1932155455715893e-09
-8.8026399643602003e-03
8.7080811987595405e-09
5.3007054899812782e-06
-8.7920439550193668e-03
8.7023547040510754e-09
-5.3044112882313169e-06
-8.8132633616535977e-03
-3.2404956343708012e-02
7.5603496876752453e-08
2.3599052975069729e-02
1.1445025432209701e-08
1.1315970953415146e-08
-8.7973500803010304e-03
8.7057647786685239e-09
-5.2691364754098186e-06
1.2778152527766995e-09
1.4235105264392067e-09
1.4387208659842211e-09
1.4253555022636818e-09
1.3647895261571527e-09
-8.7973599301735539e-03
8.5726293067039558e-09
-5.2594169558115107e-06
-8.8078841448798080e-03
8.6976201660897449e-09
5.2556333327250072e-06
-8.7868632008802315e-03
-2.6371074732475703e-02
7.7540122572679873e-08
1.7584403346942716e-02
8.5681517736829210e-09
8.5632275095034649e-09
-8.8026326451377396e-03
8.6587591787373349e-09
5.2931792940232799e-06
1.2658461491521512e-09
1.2232720033579650e-09
1.2124341618204440e-09
