0.0000000000000000e+00
4.4000000002331312e+01
8.8000000002138293e+01
1.3201320572442393e+02
1.7600000001958779e+02
2.1999998858827405e+02
2.6401318287029801e+02
3.0800090758112111e+02
3.5200000005210779e+02
3.9600000039655976e+02
4.4000000041160257e+02
3.9600000017211119e+02
3.5201319421514557e+02
3.0800000001953697e+02
2.6400001153738862e+02
2.2001321732878947e+02
1.7600000001961408e+02
1.3199998844175909e+02
8.8000000002120771e+01
4.4000000002135167e+01
2.1553590749895651e-09
4.3999999997872990e+01
8.7999999997894292e+01
1.3198680571546581e+02
1.7599999998039485e+02
2.1999998853192028e+02
2.6398678280998871e+02
3.0799999998034372e+02
3.5200001141932540e+02
3.9598682856687981e+02
4.3996046284964621e+02
3.9599999981744458e+02
3.5202636533354780e+02
3.0799999998049987e+02
2.6399999998045956e+02
2.1998679425795982e+02
1.7599999998042475e+02
1.3200001142943171e+02
8.7999999997786659e+01
4.3999999997781977e+01
2.1986674544198529e-09
4.4000000002219842e+01
8.8000000002219537e+01
1.3201320572465406e+02
1.7600000001966566e+02
2.1999998858814433e+02
2.6401318287004005e+02
3.0800000001960393e+02
3.5200001146065358e+02
3.9601322863308769e+02
4.4000922426714396e+02
3.9600000017639837e+02
3.5200399052619991e+02
3.0799999999691079e+02
2.6400000000305204e+02
2.2001319429162959e+02
1.7600000001965020e+02
1.3200001146109702e+02
8.8000000002257977e+01
4.4000000002285120e+01
2.2802243394590017e-09
4.3999999997709168e+01
8.7999999997688334e+01
1.3198680571527356e+02
1.7599999998035057e+02
2.1999998853183484e+02
2.6398678280998377e+02
3.0799999998024072e+02
3.5200001141916925e+02
3.9598682856674583e+02
4.3996046284934954e+02
3.9599999981724113e+02
3.5202636533331417e+02
3.0799999998035332e+02
2.6399999998035469e+02
2.1998679425788532e+02
1.7599999998028972e+02
1.3200001142926865e+02
8.7999999997784144e+01
4.3999999997739913e+01
2.1904241484516139e-09
4.4000000002240363e+01
8.8000000002210953e+01
1.3201320572465943e+02
1.7600000001967840e+02
2.1999998858814183e+02
2.6401318287004062e+02
3.0800000001965128e+02
3.5200001146068502e+02
3.9601322863308314e+02
4.4001630304000457e+02
3.9600000017646528e+02
3.5199691505785472e+02
3.0799999999837144e+02
2.6400000000591945e+02
2.2001319429589131e+02
1.7600000001966302e+02
1.3200001145682961e+02
8.8000000002184237e+01
4.4000000002199101e+01
2.1990600512693075e-09
4.3999999997808075e+01
8.7999999997816232e+01
1.3198680571544173e+02
1.7599999998042270e+02
2.1999998853200410e+02
2.6398678281007750e+02
3.0799999998045047e+02
3.5200001141942721e+02
3.9598682856706637e+02
4.3996046284980838e+02
3.9599999981728865e+02
3.5202636533296965e+02
3.0799999998048276e+02
2.6399999998041602e+02
2.1998679425792321e+02
1.7599999998046599e+02
1.3200001142944544e+02
8.7999999997904638e+01
4.3999999997886128e+01
2.0795978763859009e-09
4.4000000002067480e+01
8.8000000002047258e+01
1.3201320572454168e+02
1.7600000001957943e+02
2.1999998858804906e+02
2.6401318286999981e+02
3.0800000001956352e+02
3.5200001146051483e+02
3.9601322863289533e+02
4.4002173558656153e+02
3.9600000017672846e+02
3.5199148504793709e+02
3.0800000000125578e+02
2.6400000000862514e+02
2.2001319429846501e+02
1.7600000001964128e+02
1.3200001145430033e+02
8.8000000002226386e+01
4.4000000002187541e+01
2.2161793947920091e-09
4.3999999997804579e+01
8.7999999997797303e+01
1.3198680571532918e+02
1.7599999998039391e+02
2.1999998853193784e+02
2.6398678281002293e+02
3.0799999998031365e+02
3.5200001141921570e+02
3.9598682856659070e+02
4.3996046284929992e+02
3.9599999981704525e+02
3.5202636533304701e+02
3.0799999998042517e+02
2.6399999998030296e+02
2.1998679425781637e+02
1.7599999998035744e+02
1.3200001142939104e+02
8.7999999997799023e+01
4.3999999997812210e+01
2.1970039998333233e-09
