0.0000000000000000e+00
5.0535810150800434e-11
7.9867001703737321e-10
-8.8026395317879636e-03
8.1494034044474758e-09
5.2992053962227998e-06
-8.7920462722918952e-03
-2.2995603661941982e-03
1.2472061261577228e-08
3.8342020578699735e-07
3.9183681452636547e-07
7.3944375368255661e-08
-8.7976053641777192e-03
8.5069032386174450e-09
-5.0143889705947978e-06
-8.8073938198991158e-03
8.4764529916722746e-09
4.7649086894217000e-06
1.0914007750423132e-09
1.1177245762236271e-09
1.1318827974163962e-09
1.1233464171147177e-09
1.1522798638074560e-09
-8.7973600919072185e-03
8.6329879486237623e-09
-5.2593802678468971e-06
-8.8078840290017977e-03
8.6055925228892922e-09
5.2554522911710640e-06
-8.7868635915202067e-03
-2.6371075202848131e-02
7.7233011000900437e-08
1.7584403188498063e-02
8.4645401666454529e-09
8.3944077014010387e-09
-8.8026328419019955e-03
8.4239784203863240e-09
5.2929843900955804e-06
9.6589347736215252e-10
9.0990059919210750e-10
9.4676946008667312e-10
9.9600774370179518e-10
9.4562564573835414e-10
-8.8026402441780706e-03
8.4789613083259437e-09
5.3004548138257849e-06
-8.7920441502686263e-03
8.5798569598711198e-09
-5.3045077752205527e-06
-8.8132634052711135e-03
-3.6575396064080910e-02
7.5517615885700102e-08
2.7774495848502608e-02
7.5150596058071890e-09
1.1695983250330920e-08
-8.7973454119649498e-03
8.7941038068780639e-09
-5.2736748157818239e-06
1.4103705058170764e-09
1.4233626364232995e-09
1.4530552872474583e-09
1.4557164338510967e-09
1.4523927662344002e-09
-8.7973598362975775e-03
8.8435226767128670e-09
-5.2592123976998724e-06
-8.8078838803278565e-03
8.8592687730547038e-09
5.2558287202909242e-06
-8.7868630344734543e-03
-2.6371074774324831e-02
7.7742438593403658e-08
1.7584403782969594e-02
9.0576638424866742e-09
9.0655934225717598e-09
-8.8026322348393853e-03
9.1373431127434911e-09
5.2937326312283678e-06
1.8041508109492184e-09
1.7731188380639434e-09
1.7386065048915704e-09
1.8322339984590763e-09
1.8392576680202829e-09
-8.8026393983611367e-03
9.3106995293429699e-09
5.3012069412392917e-06
-8.7920434535424946e-03
9.1326706419329904e-09
-5.3040657938140873e-06
-8.8132630285898284e-03
-3.4215804928646391e-02
7.6109180716566052e-08
2.5412075081677296e-02
1.0718061320910832e-08
1.1865602399546291e-08
-8.7973481797129945e-03
8.9108071258801761e-09
-5.2705580859363054e-06
1.4851901876540605e-09
1.4368559229369734e-09
1.5037598910318397e-09
1.4821731112879883e-09
1.4894222749258450e-09
-8.7973597666697219e-03
8.9150725505346547e-09
-5.2591097769129254e-06
-8.8078837591462709e-03
8.9514788032427075e-09
5.2557444834049716e-06
-8.7868632498918492e-03
-2.6371074828233129e-02
7.7737252263010444e-08
1.7584403733381940e-02
8.8479474365234112e-09
8.8096544882585234e-09
-8.8026324934459745e-03
8.7146242402467373e-09
5.2933752602685684e-06
1.3452725491310429e-09
1.2757635001379481e-09
1.3039262373617007e-09
1.3434375797003952e-09
1.2870605721271129e-09
-8.8026398474426795e-03
8.9105464952303448e-09
5.3010012340935630e-06
-8.7920435948209003e-03
8.9079990349595602e-09
-5.3044206561802782e-06
-8.8132634536061388e-03
-3.2404956517215290e-02
7.5887621701410182e-08
2.3599053791563483e-02
1.1725834414073719e-08
1.1667622271015710e-08
-8.7973497470733679e-03
8.9673829813140113e-09
-5.2689153575016597e-06
1.5794939657720168e-09
1.7176406240909139e-09
1.7230231269470122e-09
1.7407680099170785e-09
1.6564201782029647e-09
-8.7973596441103617e-03
8.8423265517792173e-09
-5.2591054245060458e-06
-8.8078837566828577e-03
9.0399876413915649e-09
5.2559806920181036e-06
-8.7868629469049463e-03
-2.6371074441109719e-02
7.7928874939943662e-08
1.7584403779740305e-02
8.9464818358751235e-09
8.9209239923825399e-09
-8.8026322919557663e-03
9.0327002871000283e-09
5.2936293307055783e-06
1.6487581811777734e-09
1.5989439090094044e-09
1.6298870162536392e-09
