2.9999999999999983e+02
2.9999999999999983e+02
2.9999999999999983e+02
2.9999999999999983e+02
2.9999999999999983e+02
2.9999999999999983e+02
2.9999999999999983e+02
3.0800090758112140e+02
3.5200000005210779e+02
3.9600000039655981e+02
4.4000000041160257e+02
4.4000000041160257e+02
4.4000000041160257e+02
4.4000000041160257e+02
4.4000000041160257e+02
4.4000000041160257e+02
4.4000000041160257e+02
4.4000000041160257e+02
4.4000000041160257e+02
4.4000000041160257e+02
4.4000000041160257e+02
4.4000000041160257e+02
4.4000000041160257e+02
4.4000000041160257e+02
4.4000000041160257e+02
4.4000000041160257e+02
4.4000000041160257e+02
4.4000000041160257e+02
4.4000000041160257e+02
4.4000000041160257e+02
4.4000000041160257e+02
4.4000000041160257e+02
4.4000000041160257e+02
4.4000000041160257e+02
4.4000000041160257e+02
4.4000000041160257e+02
4.4000000041160257e+02
4.4000000041160257e+02
4.4000000041160257e+02
4.4000000041160257e+02
4.4000000041160257e+02
4.4000000041160257e+02
4.4000000041160257e+02
4.4000000041160257e+02
4.4000000041160257e+02
4.4000000041160257e+02
4.4000000041160257e+02
4.4000000041160257e+02
4.4000000041160257e+02
4.4000000041160257e+02
4.4000922426714385e+02
4.4000922426714385e+02
4.4000922426714385e+02
4.4000922426714385e+02
4.4000922426714385e+02
4.4000922426714385e+02
4.4000922426714385e+02
4.4000922426714385e+02
4.4000922426714385e+02
4.4000922426714385e+02
4.4000922426714385e+02
4.4000922426714385e+02
4.4000922426714385e+02
4.4000922426714385e+02
4.4000922426714385e+02
4.4000922426714385e+02
4.4000922426714385e+02
4.4000922426714385e+02
4.4000922426714385e+02
4.4000922426714385e+02
4.4000922426714385e+02
4.4000922426714385e+02
4.4000922426714385e+02
4.4000922426714385e+02
4.4000922426714385e+02
4.4000922426714385e+02
4.4000922426714385e+02
4.4000922426714385e+02
4.4000922426714385e+02
4.4000922426714385e+02
4.4000922426714385e+02
4.4000922426714385e+02
4.4000922426714385e+02
4.4000922426714385e+02
4.4000922426714385e+02
4.4000922426714385e+02
4.4000922426714385e+02
4.4000922426714385e+02
4.4000922426714385e+02
4.4000922426714385e+02
4.4001630304000446e+02
4.4001630304000446e+02
4.4001630304000446e+02
4.4001630304000446e+02
4.4001630304000446e+02
4.4001630304000446e+02
4.4001630304000446e+02
4.4001630304000446e+02
4.4001630304000446e+02
4.4001630304000446e+02
4.4001630304000446e+02
4.4001630304000446e+02
4.4001630304000446e+02
4.4001630304000446e+02
4.4001630304000446e+02
4.4001630304000446e+02
4.4001630304000446e+02
4.4001630304000446e+02
4.4001630304000446e+02
4.4001630304000446e+02
4.4001630304000446e+02
4.4001630304000446e+02
4.4001630304000446e+02
4.4001630304000446e+02
4.4001630304000446e+02
4.4001630304000446e+02
4.4001630304000446e+02
4.4001630304000446e+02
4.4001630304000446e+02
4.4001630304000446e+02
4.4001630304000446e+02
4.4001630304000446e+02
4.4001630304000446e+02
4.4001630304000446e+02
4.4001630304000446e+02
4.4001630304000446e+02
4.4001630304000446e+02
4.4001630304000446e+02
4.4001630304000446e+02
4.4001630304000446e+02
4.4002173558656153e+02
4.4002173558656153e+02
4.4002173558656153e+02
4.4002173558656153e+02
4.4002173558656153e+02
4.4002173558656153e+02
4.4002173558656153e+02
4.4002173558656153e+02
4.4002173558656153e+02
4.4002173558656153e+02
4.4002173558656153e+02
4.4002173558656153e+02
4.4002173558656153e+02
4.4002173558656153e+02
4.4002173558656153e+02
4.4002173558656153e+02
4.4002173558656153e+02
4.4002173558656153e+02
4.4002173558656153e+02
4.4002173558656153e+02
4.4002173558656153e+02
4.4002173558656153e+02
4.4002173558656153e+02
4.4002173558656153e+02
4.4002173558656153e+02
4.4002173558656153e+02
4.4002173558656153e+02
4.4002173558656153e+02
4.4002173558656153e+02
4.4002173558656153e+02
4.4002173558656153e+02
