0.0000000000000000e+00
-3.7500000000931493e-04
-7.5000000001074403e-04
-1.1251406777682627e-03
-1.5000000000956158e-03
-1.8749998946307562e-03
-2.2501404668434414e-03
-2.6254218223198695e-03
-2.7500000001598759e-03
-5.7776456052741378e-03
-8.4523960052570353e-03
-9.0795522563035889e-03
-1.1265863414193587e-02
-1.5762691783699923e-02
-1.8843756493384940e-02
-3.4428002105879388e-02
-5.0149248414660098e-02
-7.2552470090292365e-02
-1.1118498877239379e-01
-1.2419388468994859e-01
-1.4295288802072731e-01
-1.6960117127503629e-01
-1.8254683596627214e-01
-2.0126285380886683e-01
-2.2787205501902649e-01
-2.4084851367432869e-01
-2.5964582628708638e-01
-2.8638679158034697e-01
-2.9946316939893697e-01
-3.1843047672865699e-01
-3.4542460110535500e-01
-3.5864831054570695e-01
-3.7784516839094728e-01
-4.0517339129284108e-01
-4.1857472992045464e-01
-4.3803812688746813e-01
-4.6575022708034464e-01
-4.7934667044609564e-01
-4.9909691317994181e-01
-5.2721972511344861e-01
-5.4101950591725023e-01
-5.6106500349555977e-01
-5.8960904866768471e-01
-6.0361394253131317e-01
-6.2395487175346442e-01
-6.5291941622551009e-01
-6.6712681754292835e-01
-6.8775782611875569e-01
-7.1713459983442884e-01
-1.2902052358151903e+00
-1.3667742143765476e+00
-1.4433663659727098e+00
-1.4547463376938401e+00
-1.4718053093949282e+00
-1.4962832417091252e+00
-1.5315446466617730e+00
-1.5438718839009180e+00
-1.5620985726707717e+00
-1.5881720411766902e+00
-1.6012469299071275e+00
-1.6204261535159512e+00
-1.6478077880848261e+00
-1.6614056878107535e+00
-1.6812640851042284e+00
-1.7095814460579386e+00
-1.7235611681204870e+00
-1.7439194386253130e+00
-1.7729272201934136e+00
-1.7871922571048764e+00
-1.8079260728505224e+00
-1.8374534265137608e+00
-1.8519349999351222e+00
-1.8729549022599454e+00
-1.9028785294567570e+00
-1.9175262364207430e+00
-1.9387662274046196e+00
