0.0000000000000000e+00
1.2500000000434684e-04
2.5000000000894467e-04
3.7498437696651261e-04
5.0000000007987709e-04
6.2499999624126461e-04
7.4998436935638877e-04
8.7495312333041937e-04
9.1666666680102228e-04
3.6154940175196428e-03
6.1817339753719915e-03
6.7894679305244244e-03
8.9408279229636848e-03
1.3413137459535009e-02
1.6486676379073108e-02
3.2066271520546870e-02
4.7787259405320553e-02
7.0190395143082354e-02
1.0882301980825361e-01
1.2183167262678399e-01
1.4059047280880510e-01
1.6723926941323353e-01
1.8018422501930131e-01
1.9890034454042155e-01
2.2551010603963306e-01
2.3848579356379923e-01
2.5728323979904322e-01
2.8402481058774764e-01
2.9710035900340642e-01
3.1606782703096181e-01
3.4306259995233024e-01
3.5628542780131395e-01
3.7548246815744363e-01
4.0281137947607082e-01
4.1621179037147782e-01
4.3567538678177214e-01
4.6338821204803538e-01
4.7698368674993002e-01
4.9673414176331876e-01
5.2485771260057923e-01
5.3865648798058174e-01
5.5870220744899024e-01
5.8724704301883079e-01
6.0125089792695519e-01
6.2159205621083624e-01
6.5055742067900402e-01
6.6476375198816862e-01
6.8539499499994982e-01
7.1477261675868098e-01
1.2878423972838573e+00
1.3644112817078817e+00
1.4410026691781233e+00
1.4523842967631704e+00
1.4694415566590426e+00
1.4939207775713139e+00
1.5291819003890339e+00
1.5415086090835717e+00
1.5597351971099120e+00
1.5858097254435628e+00
1.5988833050437110e+00
1.6180629972858078e+00
1.6454455926748768e+00
1.6590422910411695e+00
1.6789010585474378e+00
1.7072193388218388e+00
1.7211979100559116e+00
1.7415564959923933e+00
1.7705651792946628e+00
1.7848290908112294e+00
1.8055631880168719e+00
1.8350914365801356e+00
1.8495718976315700e+00
1.8705920588526912e+00
1.9005165791223577e+00
1.9151631803072202e+00
1.9364034144949123e+00
