0.0000000000000000e+00
-3.1908261921638684e-30
-1.5165928555044070e-16
-1.5165928555039164e-16
4.1434087356339499e-16
4.1434087356346352e-16
2.6268158801306371e-16
4.1434087356345035e-16
1.1102230246252887e-16
1.1102230246255342e-16
7.0385319374655441e-17
-4.0636983087874431e-17
-4.0636983087916574e-17
-4.0636983087931765e-17
-1.9229626863835924e-16
-3.4395555418880066e-16
3.0331857110087475e-16
8.6931873021469641e-16
1.0209780157651298e-15
1.0209780157651292e-15
4.5497785665130265e-16
4.5497785665130196e-16
4.9561483973922221e-16
4.9561483973922132e-16
4.9561483973921905e-16
9.5059269639053087e-16
9.5059269639052969e-16
9.5059269639053147e-16
9.5059269639053226e-16
7.9893341084009606e-16
8.3957039392801769e-16
7.9893341084009705e-16
3.8459253727671168e-16
9.5059269639053541e-16
7.9893341084009981e-16
6.4727412528966500e-16
6.4727412528966540e-16
6.4727412528966530e-16
1.2132742844034876e-15
1.2539112674914076e-15
1.0616149988530530e-15
1.1022519819409709e-15
1.0913633351397266e-15
1.1320003182276467e-15
1.1320003182276483e-15
1.3242965868660044e-15
1.3242965868660044e-15
1.7495261072306363e-15
1.7901630903185560e-15
1.7901630903185441e-15
1.7901630903185461e-15
1.7901630903185469e-15
1.8010517371197920e-15
1.8010517371197935e-15
1.6900294346572753e-15
1.6900294346572767e-15
1.7306664177451961e-15
1.0130069730809389e-15
8.6134768753050496e-16
8.9109602381717836e-16
9.3173300690509860e-16
9.3173300690509702e-16
8.2071070444258166e-16
8.2071070444258137e-16
8.2071070444258216e-16
6.9879975517882006e-16
6.9879975517882065e-16
1.2647999142926446e-15
1.2647999142926442e-15
1.2132742844034783e-15
1.2132742844034783e-15
1.0616149988530444e-15
1.2430226206901533e-15
1.7981341330027303e-15
1.8278824692894063e-15
1.0695860415372298e-15
