0.0000000000000000e+00
0.0000000000000000e+00
0.0000000000000000e+00
0.0000000000000000e+00
0.0000000000000000e+00
0.0000000000000000e+00
0.0000000000000000e+00
0.0000000000000000e+00
0.0000000000000000e+00
3.1980853361020887e-03
6.2148201584546437e-03
6.9270106289446021e-03
9.4301413705012872e-03
1.4607992997996372e-02
1.8161306315799580e-02
3.6153742720546618e-02
5.4306924822048713e-02
8.0175887332127493e-02
1.2478493864261334e-01
1.3980617740923137e-01
1.6146709136685353e-01
1.9223817477070970e-01
2.0718613137028799e-01
2.2879758595337807e-01
2.5952356840015667e-01
2.7450704698461159e-01
2.9621239112540049e-01
3.2709054772988805e-01
3.4218936938300010e-01
3.6409102214691919e-01
3.9526152653591839e-01
4.1053044196122102e-01
4.3269716942274583e-01
4.6425348057889021e-01
4.7972747788313574e-01
5.0220198798797244e-01
5.3420158362249137e-01
5.4990084484118795e-01
5.7270658331842117e-01
6.0518044755300682e-01
6.2111448139769387e-01
6.4426115635143155e-01
6.7722143701654569e-01
6.9339229566245331e-01
7.1688010983491990e-01
7.5032595835675142e-01
7.6673063454040047e-01
7.9055340660152829e-01
8.2447527264587617e-01
1.4861997506446720e+00
1.5746139370624110e+00
1.6630544945781800e+00
1.6761959100744321e+00
1.6958929255747177e+00
1.7241583511705612e+00
1.7648745515625910e+00
1.7791085138849643e+00
1.8001548230560305e+00
1.8302624830709147e+00
1.8453593083052295e+00
1.8675058386971566e+00
1.8991239816069228e+00
1.9148247901398430e+00
1.9377555059280345e+00
1.9704541086382044e+00
1.9865958368025827e+00
2.0101037248291540e+00
2.0435995464407957e+00
2.0600707424987075e+00
2.0840122532035070e+00
2.1181080210473882e+00
2.1348292594497149e+00
2.1591011014543620e+00
2.1936544455058664e+00
2.2105675222044425e+00
2.2350934916421363e+00
