0.0000000000000000e+00
-1.1000000000218598e+01
-2.2000000000101242e+01
-3.3006877235296443e+01
-4.4000000000628894e+01
-5.4999995529077154e+01
-6.6006868289391278e+01
-7.7020622755480062e+01
-8.0666666667775345e+01
-1.3221006303002105e+02
-1.5382673978754721e+02
-1.5784467804360628e+02
-1.6521080089463965e+02
-1.7046704645873535e+02
-1.7205113962446006e+02
-1.7308840070497027e+02
-1.7319998134391912e+02
-1.7321761266067472e+02
-1.7321114909198047e+02
-1.7322795956113725e+02
-1.7324312849655388e+02
-1.7320712726633576e+02
-1.7325552177379845e+02
-1.7325071472549052e+02
-1.7321072617670751e+02
-1.7326331169361342e+02
-1.7325644575606222e+02
-1.7321316419478114e+02
-1.7326973957816196e+02
-1.7326113681233272e+02
-1.7321472151932426e+02
-1.7327488635224111e+02
-1.7326488578124830e+02
-1.7321557012502166e+02
-1.7327892398595216e+02
-1.7326784108553750e+02
-1.7321586159162871e+02
-1.7328205813340324e+02
-1.7327015889855488e+02
-1.7321572369690807e+02
-1.7328448436072458e+02
-1.7327197930286280e+02
-1.7321526051167132e+02
-1.7328636864915995e+02
-1.7327341771415075e+02
-1.7321455490300383e+02
-1.7328784313936521e+02
-1.7327456474077607e+02
-1.7321367197920492e+02
-1.7327474514866319e+02
-1.7328165781510978e+02
-1.7333720158324132e+02
-1.7322341351741048e+02
-1.7333740513301333e+02
-1.7324985110910598e+02
-1.7326775363442505e+02
-1.7330464308804486e+02
-1.7331370762008001e+02
-1.7323863402558780e+02
-1.7332774628256689e+02
-1.7329896145114992e+02
-1.7322960961381639e+02
-1.7331155316736937e+02
-1.7328921379746717e+02
-1.7322298880546546e+02
-1.7330164611413366e+02
-1.7328292762643520e+02
-1.7321804298728208e+02
-1.7329506622254968e+02
-1.7327860788166188e+02
-1.7321425973158608e+02
-1.7329046381250680e+02
-1.7327551618700591e+02
-1.7321132847965271e+02
-1.7328713325768595e+02
-1.7327324231427883e+02
