0.0000000000000000e+00
1.6392576185353381e-10
6.9667350125678567e-10
-8.2520622278967025e-03
6.3794769990039863e-09
4.1401302542991181e-06
-8.2437860452470833e-03
-2.4747902434770444e-02
1.0708773779347041e-08
-3.6132901815302647e-02
-3.2937185711658431e-03
-2.6292410878696153e-03
-4.0620794105406229e-03
-1.9650992580985630e-02
-4.9552512677230168e-02
-4.1107226944985351e-02
-1.3719939229917872e-02
-1.4357108962690381e-02
-5.9307524344248347e-03
-2.4266412300757531e-02
-3.9028307061723298e-02
-5.6041021822101494e-04
-5.4362537626947940e-02
-4.5581409170147198e-02
-3.9438906701319614e-03
-6.2475571695456603e-02
-5.1210049690892080e-02
-6.2463346970589688e-03
-6.9192981999307346e-02
-5.5817583290587287e-02
-7.6853196448404036e-03
-7.4577971929930598e-02
-5.9502037801371983e-02
-8.4340291412605840e-03
-7.8807661058050163e-02
-6.2410326789822390e-02
-8.6420054876555526e-03
-8.2096779598137701e-02
-6.4695622218310309e-02
-8.4338147064978389e-03
-8.4650122504825273e-02
-6.6494714292818280e-02
-7.9103658971029327e-03
-8.6641425271687569e-02
-6.7920075074188749e-02
-7.1519122411845748e-03
-8.8208725307941077e-02
-6.9059941274480827e-02
-6.2215909442923569e-03
-6.9785115216416269e-02
-7.6683888467926051e-02
-1.3296585638996206e-01
-7.7149661517476754e-03
-1.3901766665330478e-01
-4.1048860780339383e-02
-6.3132426940271963e-02
-1.0282761701674603e-01
-1.0937712766527939e-01
-3.0332883973190897e-02
-1.2978112617430976e-01
-9.2623834528079402e-02
-2.1609538425904372e-02
-1.1278735156382302e-01
-8.3233591722822658e-02
-1.5220817928295483e-02
-1.0248332263239321e-01
-7.7145051211490012e-02
-1.0396617980911219e-02
-9.5678463905180075e-02
-7.2947003780749656e-02
-6.6820816700792277e-03
-9.0940756861757996e-02
-6.9935947474479315e-02
-3.7917925835400570e-03
-8.7525130074449092e-02
-6.7718153425058145e-02
