0.0000000000000000e+00
-4.4000000001038316e+01
-8.8000000001034934e+01
-1.3201925687889116e+02
-1.7600000000907738e+02
-2.1999998625662118e+02
-2.6401922937163516e+02
-3.0805774311966752e+02
-3.2266666668185837e+02
-3.4342715337414330e+02
-3.4571561306861486e+02
-3.4597124438670738e+02
-3.4629294509656609e+02
-3.4641525386498034e+02
-3.4645693301150823e+02
-3.4645122084129878e+02
-3.4642388077143272e+02
-3.4642451861632708e+02
-3.4641609226617112e+02
-3.4643442792237045e+02
-3.4644918981898559e+02
-3.4641072191974445e+02
-3.4646452402180620e+02
-3.4645574292294066e+02
-3.4641410539887289e+02
-3.4647263705079831e+02
-3.4646137156341933e+02
-3.4641640784197762e+02
-3.4647935445621033e+02
-3.4646597909695618e+02
-3.4641784682606198e+02
-3.4648473944187384e+02
-3.4646966355140137e+02
-3.4641859553478844e+02
-3.4648896912740298e+02
-3.4647257184032827e+02
-3.4641880351045916e+02
-3.4649225824293444e+02
-3.4647485713571120e+02
-3.4641859531908932e+02
-3.4649481158330622e+02
-3.4647665622775520e+02
-3.4641807186976064e+02
-3.4649680288388964e+02
-3.4647808158851507e+02
-3.4641731341563639e+02
-3.4649837018199815e+02
-3.4647922145470363e+02
-3.4641638309391516e+02
-3.4647994662897412e+02
-3.4648684540222922e+02
-3.4654312736879547e+02
-3.4641787626295866e+02
-3.4654917909421300e+02
-3.4645121034790293e+02
-3.4647329394030930e+02
-3.4651298911027237e+02
-3.4651953864035687e+02
-3.4644049437778921e+02
-3.4653994254250989e+02
-3.4650278534526285e+02
-3.4643177103579904e+02
-3.4652294878859328e+02
-3.4649339510394179e+02
-3.4642538231780657e+02
-3.4651264476900786e+02
-3.4648730656403819e+02
-3.4642055811908995e+02
-3.4650583991530755e+02
-3.4648310851690945e+02
-3.4641684358344628e+02
-3.4650110221119371e+02
-3.4648009746077025e+02
-3.4641395329475029e+02
-3.4649768658621161e+02
-3.4647787966682182e+02
