0.0000000000000000e+00
3.9661064031164834e+01
7.9322128061667357e+01
1.1899425611916126e+02
1.5864425613347612e+02
1.9830531092014803e+02
2.3797742969405027e+02
2.7766062186873171e+02
2.9084780290929348e+02
2.9999999999999966e+02
2.9999999999999960e+02
2.9999999999999966e+02
2.9999999999999972e+02
2.9999999999999972e+02
2.9999999999999983e+02
3.0000000000000017e+02
2.9999999999999943e+02
3.0000000000000017e+02
2.9999999999999790e+02
2.9999999999999972e+02
2.9999999999999903e+02
3.0000000000000074e+02
2.9999999999999909e+02
3.0000000000000023e+02
2.9999999999999915e+02
3.0000000000000085e+02
2.9999999999999943e+02
3.0000000000000011e+02
3.0000000000000023e+02
2.9999999999999972e+02
3.0000000000000040e+02
2.9999999999999989e+02
3.0000000000000091e+02
3.0000000000000148e+02
2.9999999999999972e+02
2.9999999999999892e+02
2.9999999999999977e+02
2.9999999999999852e+02
2.9999999999999898e+02
2.9999999999999932e+02
2.9999999999999932e+02
3.0000000000000085e+02
2.9999999999999960e+02
2.9999999999999881e+02
3.0000000000000000e+02
2.9999999999999818e+02
2.9999999999999983e+02
2.9999999999999983e+02
3.0000000000000159e+02
3.0000000000000881e+02
3.0000000000000688e+02
3.0000000000000375e+02
2.9999999999999949e+02
3.0000000000000080e+02
3.0000000000000068e+02
3.0000000000000006e+02
2.9999999999999920e+02
2.9999999999999966e+02
2.9999999999999949e+02
2.9999999999999966e+02
2.9999999999999966e+02
2.9999999999999926e+02
2.9999999999999955e+02
3.0000000000000034e+02
3.0000000000000011e+02
2.9999999999999972e+02
2.9999999999999943e+02
3.0000000000000114e+02
2.9999999999999989e+02
3.0000000000000080e+02
2.9999999999999932e+02
2.9999999999999989e+02
3.0000000000000028e+02
2.9999999999999903e+02
2.9999999999999932e+02
2.9999999999999977e+02
