0.0000000000000000e+00
1.0000000000000001e-01
2.0000000000000001e-01
3.0000000000000004e-01
4.0000000000000002e-01
5.0000000000000000e-01
5.9999999999999998e-01
6.9999999999999996e-01
7.3333333333333328e-01
7.8047378541243639e-01
7.8571161342122564e-01
7.8629359431109114e-01
7.8702107042342295e-01
7.8726356246086693e-01
7.8729050602058293e-01
7.8731744958029892e-01
7.8734439314001492e-01
7.8738249708758390e-01
7.8738848454529853e-01
7.8739048036453674e-01
7.8739330287917153e-01
7.8739729451764795e-01
7.8739917619407107e-01
7.8740183728638868e-01
7.8740560063923504e-01
7.8740737470078015e-01
7.8740988360267772e-01
7.8741343172576794e-01
7.8741510432703299e-01
7.8741746974242643e-01
7.8742081494495653e-01
7.8742239188855212e-01
7.8742462202357211e-01
7.8742777591076341e-01
7.8742926266744340e-01
7.8743136525890423e-01
7.8743433877226432e-01
7.8743574049990483e-01
7.8743772284214486e-01
7.8744052629742600e-01
7.8744184785891935e-01
7.8744371682910674e-01
7.8744635995209344e-01
7.8744760593221841e-01
7.8744936801420951e-01
7.8745185997445943e-01
7.8745303469578687e-01
7.8745469600262008e-01
7.8745704544527495e-01
7.8746036805894148e-01
7.8746078666891595e-01
7.8746096108973862e-01
7.8746098709085965e-01
7.8746102386199768e-01
7.8746107586423986e-01
7.8746108403560389e-01
7.8746108675939186e-01
7.8746109061140979e-01
7.8746109605898584e-01
7.8746109862699776e-01
7.8746110225871513e-01
7.8746110739473907e-01
7.8746110981588391e-01
7.8746111323989987e-01
7.8746111808218966e-01
7.8746112036486693e-01
7.8746112359306009e-01
7.8746112815841462e-01
7.8746113031054343e-01
7.8746113335411316e-01
7.8746113765837078e-01
7.8746113968741727e-01
7.8746114255692234e-01
7.8746114661501532e-01
7.8746114852801874e-01
7.8746115123341409e-01
