0.0000000000000000e+00
-3.6820753458353915e-03
-4.1819183298794430e-03
-4.6820112818812716e-03
-5.1819464245614474e-03
-5.6821316274063335e-03
-6.1820053986501103e-03
-6.6821291686532478e-03
-7.1820510943317178e-03
-7.6822230669515131e-03
-8.1821025379003251e-03
-8.6822320133130571e-03
-9.1821514810919713e-03
-9.6823209933516105e-03
-1.0182201524183261e-02
-1.0682332060538039e-02
-1.1182251071325044e-02
-1.1682420126135871e-02
-1.2182300853964862e-02
-1.2682431587513990e-02
-1.3182350513424756e-02
-1.3682519483274699e-02
-1.4182400247627638e-02
-1.4682531017736953e-02
-1.5182449927974944e-02
-1.5682618882137549e-02
-1.6182499653170014e-02
-1.6682630429965487e-02
-1.7182549337401591e-02
-1.7682718288759572e-02
-1.8182599060921831e-02
-1.8682729838848187e-02
-1.9182648745875990e-02
-1.9682817696824149e-02
-2.0182698469083615e-02
-2.0682829247108375e-02
-2.1182748154172534e-02
-2.1682917105156230e-02
-2.2182797877321976e-02
-2.2682928655251716e-02
-2.3182847562435514e-02
-2.3683016513539448e-02
-2.4182897285576016e-02
-2.4683028063376713e-02
-2.5182946970695230e-02
-2.5683115921934063e-02
-2.6182996693832700e-02
-2.6683127471497103e-02
-2.7183046378952577e-02
-2.7683215330328914e-02
-2.8183096102090823e-02
-2.8683226879615664e-02
-2.9183145787209437e-02
-2.9683314738724272e-02
-3.0183195510346220e-02
-3.0683326287732966e-02
-3.1183245195465573e-02
-3.1683414147117894e-02
-3.2183294918601994e-02
-3.2683425695851247e-02
-3.3183344603721666e-02
-3.3683513555513529e-02
-3.4183394326860128e-02
-3.4683525103969694e-02
-3.5183444011979155e-02
-3.5683612963910635e-02
-3.6183493735117839e-02
-3.6683624512089161e-02
-3.7183543420236463e-02
-3.7683712372305944e-02
-3.8183593143374994e-02
-3.8683723920207566e-02
-3.9183642828493487e-02
-3.9683811780701482e-02
-4.0183692551632344e-02
-4.0683823328326034e-02
-4.1183742236750150e-02
-4.1683911189096576e-02
-4.2183791959888930e-02
-4.2683922736444661e-02
-4.3183841645006771e-02
-4.3684010597491288e-02
-4.4183891368145260e-02
-4.4684022144562310e-02
-4.5183941053264468e-02
-4.5684110005887332e-02
-4.6183990776402860e-02
-4.6684121552681555e-02
-4.7184040461520839e-02
-4.7684209414282613e-02
-4.8184090184659856e-02
-4.8684220960801043e-02
-4.9184139869778820e-02
-4.9684308822678477e-02
-5.0184189592916838e-02
-5.0684320368919206e-02
-5.1184239278035518e-02
-5.1684408231073453e-02
-5.2184289001174528e-02
-5.2684419777038360e-02
-5.3184338686291771e-02
-5.3684507639468054e-02
-5.4184388409431419e-02
-5.4684519185156634e-02
-5.5184438094548260e-02
-5.5684607047863703e-02
-5.6184487817688394e-02
-5.6684618593274824e-02
-5.7184537502804896e-02
-5.7684706456259380e-02
-5.8184587225945515e-02
-5.8684718001392945e-02
-5.9184636911061891e-02
-5.9684805864654758e-02
-6.0184686634202011e-02
-6.0684817409511815e-02
-6.1184736319319366e-02
-6.1684905273050698e-02
-6.2184786042460180e-02
-6.2684916817631803e-02
-6.3184835727577118e-02
-6.3685004681446930e-02
-6.4184885450717183e-02
-6.4685016225748765e-02
-6.5184935135833386e-02
-6.5685104089840851e-02
-6.6184984858973214e-02
-6.6685115633867309e-02
-6.7185034544090055e-02
-6.7685203498237256e-02
-6.8185084267231105e-02
-6.8685215041986047e-02
-6.9185133952347377e-02
-6.9685302906632024e-02
-7.0185183675487275e-02
-7.0685314450103509e-02
-7.1185233360603173e-02
-7.1685402315026917e-02
-7.2185283083743848e-02
-7.2685413858221956e-02
-7.3185332768860051e-02
-7.3685501723421587e-02
-7.4185382492000684e-02
-7.4685513266340417e-02
-7.5185432177116762e-02
-7.5685601131817701e-02
-7.6185481900257909e-02
-7.6685612674459461e-02
-7.7185531585374431e-02
-7.7685700540212982e-02
-7.8185581308514648e-02
-7.8685712082578047e-02
-7.9185630993630768e-02
-7.9685799948608860e-02
-8.0185680716771582e-02
-8.0685811490695619e-02
-8.1185730401886952e-02
-8.1685899357003003e-02
-8.2185780125028182e-02
-8.2685910898813691e-02
-8.3185829810143705e-02
