0.0000000000000000e+00
1.0454607094093464e-03
1.2955045542348605e-03
1.5454858927651026e-03
1.7955186669062588e-03
2.0454889402888765e-03
2.2955481540193651e-03
2.5455448537712593e-03
2.7955710017840080e-03
3.0455346523471766e-03
3.2955967236502860e-03
3.5455962795455129e-03
3.7956211951604866e-03
4.0455836139422245e-03
4.2956462167915623e-03
4.5456463039675937e-03
4.7956709902757409e-03
5.0456331798664203e-03
5.2956958816810654e-03
5.5456960677738821e-03
5.7957207113254420e-03
6.0456828581805268e-03
6.2957455785129391e-03
6.5457457831135397e-03
6.7957704186016607e-03
7.0457325573960346e-03
7.2957952812849960e-03
7.5457954894396590e-03
7.7958201233152133e-03
8.0457822604983881e-03
8.2958449851604794e-03
8.5458451940892723e-03
8.7958698275524064e-03
9.0458319643227005e-03
9.2958946892422473e-03
9.5458948984282130e-03
9.7959195317011260e-03
1.0045881668282387e-02
1.0295944393361751e-02
1.0545944602707587e-02
1.0795969235833137e-02
1.1045931372267715e-02
1.1295994097489073e-02
1.1545994306976991e-02
1.1796018939962107e-02
1.2045981076256859e-02
1.2296043801617470e-02
1.2546044011243380e-02
1.2796068644090115e-02
1.3046030780247051e-02
1.3296093505744861e-02
1.3546093715509515e-02
1.3796118348219394e-02
1.4046080484237425e-02
1.4296143209874285e-02
1.4546143419776877e-02
1.4796168052348426e-02
1.5046130188228955e-02
1.5296192914003047e-02
1.5546193124042151e-02
1.5796217756476008e-02
1.6046179892218820e-02
1.6296242618130508e-02
1.6546242828308650e-02
1.6796267460605040e-02
1.7046229596208565e-02
1.7296292322258874e-02
1.7546292532575537e-02
1.7796317164732647e-02
1.8046279300198757e-02
1.8296342026387677e-02
1.8546342236842314e-02
1.8796366868861356e-02
1.9046329004188709e-02
1.9296391730516366e-02
1.9546391941108982e-02
1.9796416572990302e-02
2.0046378708179005e-02
2.0296441434644687e-02
2.0546441645375810e-02
2.0796466277118342e-02
2.1046428412169794e-02
2.1296491138772900e-02
2.1546491349641456e-02
2.1796515981245441e-02
2.2046478116159375e-02
2.2296540842900749e-02
2.2546541053907451e-02
2.2796565685373582e-02
2.3046527820149404e-02
2.3296590547029958e-02
2.3546590758174144e-02
2.3796615389502188e-02
2.4046577524139325e-02
2.4296640251158359e-02
2.4546640462441590e-02
2.4796665093631390e-02
2.5046627228130086e-02
2.5296689955287544e-02
2.5546690166708616e-02
2.5796714797760318e-02
2.6046676932120559e-02
2.6296739659415300e-02
2.6546739870975621e-02
2.6796764501889385e-02
2.7046726636112094e-02
2.7296789363545730e-02
2.7546789575243931e-02
2.7796814206019475e-02
2.8046776340103809e-02
2.8296839067675088e-02
2.8546839279510586e-02
2.8796863910147963e-02
2.9046826044094098e-02
2.9296888771803944e-02
2.9546888983777594e-02
2.9796913614276090e-02
3.0046875748084484e-02
3.0296938475931769e-02
3.0546938688042841e-02
3.0796963318403606e-02
3.1046925452073319e-02
3.1296988180059652e-02
3.1546988392310238e-02
3.1797013022532711e-02
3.2046975156064625e-02
3.2297037884188431e-02
3.2547038096577122e-02
3.2797062726661053e-02
3.3047024860054536e-02
3.3297087588316690e-02
3.3547087800843547e-02
3.3797112430789630e-02
3.4047074564044884e-02
3.4297137292445261e-02
3.4547137505110535e-02
3.4797162134918645e-02
3.5047124268035884e-02
3.5297186996574026e-02
3.5547187209376968e-02
3.5797211839046807e-02
3.6047173972025982e-02
3.6297236700702375e-02
3.6547236913643727e-02
3.6797261543174808e-02
3.7047223676016455e-02
3.7297286404831279e-02
3.7547286617910104e-02
3.7797311247303129e-02
3.8047273380006998e-02
3.8297336108959662e-02
3.8547336322176863e-02
3.8797360951432422e-02
3.9047323083997783e-02
3.9297385813089149e-02
3.9547386026444593e-02
3.9797410655561125e-02
4.0047372787988048e-02
4.0297435517217428e-02
4.0547435730711262e-02
4.0797460359689924e-02
