0.0000000000000000e+00
1.0454607094090903e-03
1.2955045542339320e-03
1.5454858927636803e-03
1.7955186669060250e-03
2.0454889402884441e-03
2.2955481540193399e-03
2.5455448537711912e-03
2.7955710017839464e-03
3.0455346523472785e-03
3.2955967236501715e-03
3.5455962795462774e-03
3.7956211951608227e-03
4.0455836139435446e-03
4.2956462167924566e-03
4.5456463039679311e-03
4.7956709902772831e-03
5.0456331798680327e-03
5.2956958816828600e-03
5.5456960677747720e-03
5.7957207113273086e-03
6.0456828581820056e-03
6.2957455785143208e-03
6.5457457831151053e-03
6.7957704186038768e-03
7.0457325573992377e-03
7.2957952812873778e-03
7.5457954894425500e-03
7.7958201233184954e-03
8.0457822605021975e-03
8.2958449851638586e-03
8.5458451940914545e-03
8.7958698275546615e-03
9.0458319643264007e-03
9.2958946892451478e-03
9.5458948984296806e-03
9.7959195317036795e-03
1.0045881668286365e-02
1.0295944393365413e-02
1.0545944602710328e-02
1.0795969235837061e-02
1.1045931372272486e-02
1.1295994097493180e-02
1.1545994306979283e-02
1.1796018939966449e-02
1.2045981076261484e-02
1.2296043801621597e-02
1.2546044011247096e-02
1.2796068644096442e-02
1.3046030780252672e-02
1.3296093505750508e-02
1.3546093715514476e-02
1.3796118348224173e-02
1.4046080484243309e-02
1.4296143209879184e-02
1.4546143419780715e-02
1.4796168052352988e-02
1.5046130188233245e-02
1.5296192914007578e-02
1.5546193124046573e-02
1.5796217756479838e-02
1.6046179892221960e-02
1.6296242618135309e-02
1.6546242828313643e-02
1.6796267460608125e-02
1.7046229596211025e-02
1.7296292322262895e-02
1.7546292532579538e-02
1.7796317164736262e-02
1.8046279300200613e-02
1.8296342026389984e-02
1.8546342236845065e-02
1.8796366868863233e-02
1.9046329004190229e-02
1.9296391730517216e-02
1.9546391941110415e-02
1.9796416572991887e-02
2.0046378708181118e-02
2.0296441434646751e-02
2.0546441645377261e-02
2.0796466277119924e-02
2.1046428412171879e-02
2.1296491138775072e-02
2.1546491349643263e-02
2.1796515981248564e-02
2.2046478116161807e-02
2.2296540842903726e-02
2.2546541053909595e-02
2.2796565685376604e-02
2.3046527820152880e-02
2.3296590547031776e-02
2.3546590758174748e-02
2.3796615389504824e-02
2.4046577524144196e-02
2.4296640251160920e-02
2.4546640462442294e-02
2.4796665093632830e-02
2.5046627228133771e-02
2.5296689955288613e-02
2.5546690166707811e-02
2.5796714797760498e-02
2.6046676932123217e-02
2.6296739659416354e-02
2.6546739870974528e-02
2.6796764501889725e-02
2.7046726636113832e-02
2.7296789363545512e-02
2.7546789575241589e-02
2.7796814206017990e-02
2.8046776340103413e-02
2.8296839067673059e-02
2.8546839279507946e-02
2.8796863910146391e-02
2.9046826044093799e-02
2.9296888771801272e-02
2.9546888983774042e-02
2.9796913614274730e-02
3.0046875748084099e-02
3.0296938475929611e-02
3.0546938688039881e-02
3.0796963318401135e-02
3.1046925452072029e-02
3.1296988180056995e-02
3.1546988392306685e-02
3.1797013022529061e-02
3.2046975156061766e-02
3.2297037884184657e-02
3.2547038096572500e-02
3.2797062726656945e-02
3.3047024860050872e-02
3.3297087588312825e-02
3.3547087800838121e-02
3.3797112430784794e-02
3.4047074564041171e-02
3.4297137292440862e-02
3.4547137505105602e-02
3.4797162134913309e-02
3.5047124268030840e-02
3.5297186996568197e-02
3.5547187209370945e-02
3.5797211839041089e-02
3.6047173972019793e-02
3.6297236700696275e-02
3.6547236913636566e-02
3.6797261543167870e-02
3.7047223676009204e-02
3.7297286404823667e-02
3.7547286617902430e-02
3.7797311247295497e-02
3.8047273379998754e-02
3.8297336108951766e-02
3.8547336322168252e-02
3.8797360951423915e-02
3.9047323083989477e-02
3.9297385813080045e-02
3.9547386026435108e-02
3.9797410655551563e-02
4.0047372787978389e-02
4.0297435517206749e-02
4.0547435730700333e-02
4.0797460359678510e-02
