0.0000000000000000e+00
5.0009988302381959e-04
1.0001000090706451e-03
1.5001282425684049e-03
2.0001282426981939e-03
2.5001872164955754e-03
3.0001872167433850e-03
3.5002329122745045e-03
4.0002329124380100e-03
4.5002843557848549e-03
5.0002843560126697e-03
5.5003332990209075e-03
6.0003332991910600e-03
6.5003833420733802e-03
7.0003833422981419e-03
7.5004328892514490e-03
8.0004328894228514e-03
8.5004826718560050e-03
9.0004826720798872e-03
9.5005323313507549e-03
1.0000532331522346e-02
1.0500582065518882e-02
1.1000582065742823e-02
1.1500631745901813e-02
1.2000631746073444e-02
1.2500681471062267e-02
1.3000681471286142e-02
1.3500731155329401e-02
1.4000731155500865e-02
1.4500780878814627e-02
1.5000780879038287e-02
1.5500830563803698e-02
1.6000830563975093e-02
1.6500880286976889e-02
1.7000880287200572e-02
1.7500929972100791e-02
1.8000929972272060e-02
1.8500979695215594e-02
1.9000979695439360e-02
1.9501029380364229e-02
2.0001029380535672e-02
2.0501079103469225e-02
2.1001079103693407e-02
2.1501128788623366e-02
2.2001128788794958e-02
2.2501178511726637e-02
2.3001178511950559e-02
2.3501228196881122e-02
2.4001228197052613e-02
2.4501277919983817e-02
2.5001277920207888e-02
2.5501327605138333e-02
2.6001327605309668e-02
2.6501377328241017e-02
2.7001377328464665e-02
2.7501427013394659e-02
2.8001427013566307e-02
2.8501476736497531e-02
2.9001476736720901e-02
2.9501526421650763e-02
3.0001526421822036e-02
3.0501576144753722e-02
3.1001576144977696e-02
3.1501625829907592e-02
3.2001625830079143e-02
3.2501675553011061e-02
3.3001675553234827e-02
3.3501725238164658e-02
3.4001725238335972e-02
3.4501774961267918e-02
3.5001774961491698e-02
3.5501824646421244e-02
3.6001824646592608e-02
3.6501874369524762e-02
3.7001874369748652e-02
3.7501924054678039e-02
3.8001924054849659e-02
3.8501973777781945e-02
3.9001973778005766e-02
3.9502023462935083e-02
4.0002023463106315e-02
4.0502073186038753e-02
4.1002073186262318e-02
4.1502122871191094e-02
4.2002122871362922e-02
4.2502172594295722e-02
4.3002172594519390e-02
4.3502222279447965e-02
4.4002222279619377e-02
4.4502272002552516e-02
4.5002272002776206e-02
4.5502321687704773e-02
4.6002321687876525e-02
4.6502371410809804e-02
4.7002371411033445e-02
4.7502421095961915e-02
4.8002421096133521e-02
4.8502470819066709e-02
4.9002470819290656e-02
4.9502520504218959e-02
5.0002520504390267e-02
5.0502570227323226e-02
5.1002570227547173e-02
5.1502619912475636e-02
5.2002619912647090e-02
5.2502669635580562e-02
5.3002669635804647e-02
5.3502719320732930e-02
5.4002719320904190e-02
5.4502769043837891e-02
5.5002769044061900e-02
5.5502818728989767e-02
5.6002818729161394e-02
5.6502868452095199e-02
5.7002868452318958e-02
5.7502918137246797e-02
5.8002918137418369e-02
5.8502967860352383e-02
5.9002967860576169e-02
5.9503017545503932e-02
6.0003017545675198e-02
6.0503067268609032e-02
6.1003067268832707e-02
6.1503116953760227e-02
6.2003116953931653e-02
6.2503166676865507e-02
6.3003166677089162e-02
6.3503216362016834e-02
6.4003216362188239e-02
6.4503266085122593e-02
6.5003266085346414e-02
6.5503315770273754e-02
6.6003315770445228e-02
6.6503365493379277e-02
6.7003365493602918e-02
6.7503415178530132e-02
6.8003415178701593e-02
6.8503464901635946e-02
6.9003464901859407e-02
6.9503514586786413e-02
7.0003514586957985e-02
7.0503564309892117e-02
7.1003564310115702e-02
7.1503613995042625e-02
7.2003613995214072e-02
7.2503663718148786e-02
7.3003663718372455e-02
7.3503713403299378e-02
7.4003713403470950e-02
7.4503763126405748e-02
7.5003763126629347e-02
7.5503812811556076e-02
7.6003812811727661e-02
7.6503862534662848e-02
7.7003862534886419e-02
7.7503912219812759e-02
7.8003912219984095e-02
7.8503961942918990e-02
7.9003961943142464e-02
7.9504011628068846e-02
8.0004011628240404e-02
