0.0000000000000000e+00
-3.5002461351616438e+02
-3.5000001797326615e+02
-3.5001144529907214e+02
-3.4999999999695189e+02
-3.5002187302063129e+02
-3.4999999999470896e+02
-3.5001260685022015e+02
-3.5000000000026773e+02
-3.5002137212199784e+02
-3.4999999999252276e+02
-3.5001282284346860e+02
-3.5000000000120087e+02
-3.5002127899298540e+02
-3.4999999999224303e+02
-3.5001286298772118e+02
-3.5000000000133377e+02
-3.5002126169829785e+02
-3.4999999999232136e+02
-3.5001287042884610e+02
-3.5000000000138573e+02
-3.5002125850665021e+02
-3.4999999999227686e+02
-3.5001287178784872e+02
-3.5000000000118416e+02
-3.5002125793768403e+02
-3.4999999999209592e+02
-3.5001287201565094e+02
-3.5000000000106479e+02
-3.5002125785656438e+02
-3.4999999999205738e+02
-3.5001287203329434e+02
-3.5000000000110953e+02
-3.5002125786625857e+02
-3.4999999999194898e+02
-3.5001287201169180e+02
-3.5000000000102915e+02
-3.5002125789262203e+02
-3.4999999999183342e+02
-3.5001287198277720e+02
-3.5000000000084776e+02
-3.5002125792213951e+02
-3.4999999999178380e+02
-3.5001287195277865e+02
-3.5000000000094849e+02
-3.5002125795253164e+02
-3.4999999999175077e+02
-3.5001287192251363e+02
-3.5000000000093104e+02
-3.5002125798290695e+02
-3.4999999999192607e+02
-3.5001287189207420e+02
-3.5000000000093195e+02
-3.5002125801328850e+02
-3.4999999999172030e+02
-3.5001287186152740e+02
-3.5000000000078694e+02
-3.5002125804347691e+02
-3.4999999999157689e+02
-3.5001287183119052e+02
-3.5000000000085811e+02
-3.5002125807407094e+02
-3.4999999999181432e+02
-3.5001287180076520e+02
-3.5000000000093456e+02
-3.5002125810475917e+02
-3.4999999999192721e+02
-3.5001287177046731e+02
-3.5000000000106166e+02
-3.5002125813525754e+02
-3.4999999999204124e+02
-3.5001287174011020e+02
-3.5000000000112561e+02
-3.5002125816572095e+02
-3.4999999999207864e+02
-3.5001287170968533e+02
-3.5000000000102807e+02
-3.5002125819608455e+02
-3.4999999999198343e+02
-3.5001287167925631e+02
-3.5000000000102420e+02
-3.5002125822637981e+02
-3.4999999999195677e+02
-3.5001287164887100e+02
-3.5000000000121281e+02
-3.5002125825696714e+02
-3.4999999999204027e+02
-3.5001287161854077e+02
-3.5000000000120275e+02
-3.5002125828733926e+02
-3.4999999999202601e+02
-3.5001287158830627e+02
-3.5000000000129995e+02
-3.5002125831775368e+02
-3.4999999999198337e+02
-3.5001287155772229e+02
-3.5000000000123214e+02
-3.5002125834814120e+02
-3.4999999999206057e+02
-3.5001287152743305e+02
-3.5000000000122179e+02
-3.5002125837856079e+02
-3.4999999999214845e+02
-3.5001287149699817e+02
-3.5000000000109759e+02
-3.5002125840893405e+02
-3.4999999999199156e+02
-3.5001287146634746e+02
-3.5000000000093019e+02
-3.5002125843926814e+02
-3.4999999999196308e+02
-3.5001287143587217e+02
-3.5000000000097293e+02
-3.5002125846971029e+02
-3.4999999999191596e+02
-3.5001287140553490e+02
-3.5000000000107332e+02
-3.5002125850021991e+02
-3.4999999999208700e+02
-3.5001287137537554e+02
-3.5000000000131888e+02
-3.5002125853094617e+02
-3.4999999999221603e+02
-3.5001287134475450e+02
-3.5000000000122969e+02
-3.5002125856122075e+02
-3.4999999999213708e+02
-3.5001287131435362e+02
-3.5000000000126568e+02
-3.5002125859183684e+02
-3.4999999999225491e+02
-3.5001287128401941e+02
-3.5000000000132269e+02
-3.5002125862217440e+02
-3.4999999999217880e+02
-3.5001287125339832e+02
-3.5000000000117262e+02
-3.5002125865254663e+02
-3.4999999999217061e+02
-3.5001287122308059e+02
-3.5000000000125448e+02
-3.5002125868302869e+02
-3.4999999999225196e+02
-3.5001287119275020e+02
-3.5000000000140108e+02
-3.5002125871363842e+02
-3.4999999999237343e+02
-3.5001287116248557e+02
-3.5000000000156865e+02
-3.5002125874412741e+02
-3.4999999999240674e+02
-3.5001287113213823e+02
-3.5000000000151624e+02
-3.5002125877456780e+02
-3.4999999999237866e+02
-3.5001287110156255e+02
-3.5000000000150220e+02
-3.5002125880495475e+02
-3.4999999999248553e+02
-3.5001287107120652e+02
-3.5000000000153022e+02
