0.0000000000000000e+00
-1.4625213792186086e-02
-5.3686095878942719e-06
-8.6219493355862067e-03
1.6031585583482276e-08
-1.5975640903935114e-02
3.0081708940682753e-08
-8.0372970999034038e-03
1.6087339042130806e-08
-1.6227787304331671e-02
3.0262561129794068e-08
-7.9285426055430569e-03
1.5836998678209657e-08
-1.6274704695227290e-02
3.0260900337131081e-08
-7.9082923864068483e-03
1.5846812241983555e-08
-1.6283454934847931e-02
3.0108775650291162e-08
-7.9045017590845569e-03
1.5811536747115330e-08
-1.6285106969657188e-02
3.0146271712476206e-08
-7.9037719282873484e-03
1.6033176223501987e-08
-1.6285438731044734e-02
3.0329225321068145e-08
-7.9036112856859502e-03
1.6128988732103931e-08
-1.6285525135290798e-02
3.0344350026455032e-08
-7.9035567636146376e-03
1.6037339179218357e-08
-1.6285566024734858e-02
3.0435377513933765e-08
-7.9035217168876917e-03
1.6101950102565841e-08
-1.6285598228768450e-02
3.0571236250895552e-08
-7.9034903102303787e-03
1.6316110680375894e-08
-1.6285628733538261e-02
3.0655135009887017e-08
-7.9034598267697549e-03
1.6261486882496836e-08
-1.6285659314125026e-02
3.0667571789664444e-08
-7.9034294726748142e-03
1.6295283115537831e-08
-1.6285689728281070e-02
3.0530442197460160e-08
-7.9033990002429933e-03
1.6207647178993204e-08
-1.6285720119264741e-02
3.0645780202604548e-08
-7.9033685749744127e-03
1.6378423259784309e-08
-1.6285750367977161e-02
3.0749445260871337e-08
-7.9033382151553720e-03
1.6236203242331477e-08
-1.6285780955241969e-02
3.0583577645677968e-08
-7.9033077514057103e-03
1.6168429574281993e-08
-1.6285811635581848e-02
3.0445164729877721e-08
-7.9032774709886493e-03
1.6056925293485311e-08
-1.6285842141798450e-02
3.0291344766494097e-08
-7.9032471852446447e-03
1.5951177374553739e-08
-1.6285872556259958e-02
3.0240404441438282e-08
-7.9032167897035606e-03
1.6100428861752334e-08
-1.6285902859483170e-02
3.0399101826459015e-08
-7.9031863487770415e-03
1.6071175640408582e-08
-1.6285933135597688e-02
3.0400752053768615e-08
-7.9031560003927914e-03
1.5996703254082417e-08
-1.6285963676083013e-02
3.0337368423574218e-08
-7.9031256965689297e-03
1.5960941309512169e-08
-1.6285993983991755e-02
3.0317999247396172e-08
-7.9030955178824042e-03
1.5893184466232780e-08
-1.6286024333629599e-02
3.0370206053247634e-08
-7.9030649602096700e-03
1.5889981227952927e-08
-1.6286054779763571e-02
3.0298798018857753e-08
-7.9030347102080085e-03
1.5854987916071901e-08
-1.6286085231345542e-02
3.0218856746144522e-08
-7.9030042597657574e-03
1.5999052733352020e-08
-1.6286115570829811e-02
3.0373229159440003e-08
-7.9029736325023602e-03
1.6138738559866390e-08
-1.6286145904043065e-02
3.0369189997021713e-08
-7.9029431679348821e-03
1.6156842689403513e-08
-1.6286176304436094e-02
3.0390604600720336e-08
-7.9029128421662879e-03
1.6079339537757468e-08
-1.6286206756297546e-02
3.0277039599224501e-08
-7.9028826338391686e-03
1.5787790476364793e-08
-1.6286237535938310e-02
3.0116152997338122e-08
-7.9028520745981247e-03
1.5857879022995958e-08
-1.6286267859350702e-02
3.0169222248547348e-08
-7.9028216616392182e-03
1.5809697626896479e-08
-1.6286298434032249e-02
3.0094286597804140e-08
-7.9027913730684435e-03
1.5777164302472652e-08
-1.6286328769743157e-02
3.0165094504247987e-08
-7.9027607156620279e-03
1.5940042495011050e-08
-1.6286359148602613e-02
3.0127276451594594e-08
-7.9027304317695196e-03
1.5867753216233589e-08
-1.6286389651670521e-02
3.0070557217188406e-08
-7.9027001121614020e-03
1.5708970073383135e-08
-1.6286420212692772e-02
2.9943898748267007e-08
-7.9026698375800584e-03
1.5561561987710273e-08
-1.6286450699670291e-02
2.9923728643129329e-08
-7.9026395095403001e-03
1.5605309013996007e-08
-1.6286481087693063e-02
2.9926416642250476e-08
-7.9026089688413580e-03
1.5573978523646208e-08
-1.6286511498966299e-02
2.9817224114048288e-08
-7.9025786199038162e-03
1.5559456950761482e-08
