2.9999999999999983e+02
3.5000998830238171e+02
3.5000001260468230e+02
3.5000282334977567e+02
3.5000000001297872e+02
3.5000589737973775e+02
3.5000000002478055e+02
3.5000456955311165e+02
3.5000000001635010e+02
3.5000514433468425e+02
3.5000000002278114e+02
3.5000489430082337e+02
3.5000000001701545e+02
3.5000500428823187e+02
3.5000000002247572e+02
3.5000495469533098e+02
3.5000000001713994e+02
3.5000497824331495e+02
3.5000000002238858e+02
3.5000496592708618e+02
3.5000000001715807e+02
3.5000497339965352e+02
3.5000000002239392e+02
3.5000496801589895e+02
3.5000000001716217e+02
3.5000497249888190e+02
3.5000000002238681e+02
3.5000496840432623e+02
3.5000000001714636e+02
3.5000497233137514e+02
3.5000000002236584e+02
3.5000496847654085e+02
3.5000000001713903e+02
3.5000497230017965e+02
3.5000000002236811e+02
3.5000496849002229e+02
3.5000000001712601e+02
3.5000497229435376e+02
3.5000000002237505e+02
3.5000496849248640e+02
3.5000000001714517e+02
3.5000497229335326e+02
3.5000000002241865e+02
3.5000496849299532e+02
3.5000000001716023e+02
3.5000497229316682e+02
3.5000000002239130e+02
3.5000496849305608e+02
3.5000000001715023e+02
3.5000497229311873e+02
3.5000000002240785e+02
3.5000496849304398e+02
3.5000000001713204e+02
3.5000497229313567e+02
3.5000000002236351e+02
3.5000496849299890e+02
3.5000000001716552e+02
3.5000497229312225e+02
3.5000000002233656e+02
3.5000496849298406e+02
3.5000000001712738e+02
3.5000497229316994e+02
3.5000000002239761e+02
3.5000496849298838e+02
3.5000000001715614e+02
3.5000497229319114e+02
3.5000000002237732e+02
3.5000496849298196e+02
3.5000000001713187e+02
3.5000497229319359e+02
3.5000000002237908e+02
3.5000496849295286e+02
3.5000000001713698e+02
3.5000497229321735e+02
3.5000000002238835e+02
3.5000496849293876e+02
3.5000000001716012e+02
3.5000497229322747e+02
3.5000000002238255e+02
3.5000496849293313e+02
3.5000000001712067e+02
3.5000497229324264e+02
3.5000000002235674e+02
3.5000496849287617e+02
3.5000000001718149e+02
3.5000497229327937e+02
3.5000000002236823e+02
3.5000496849285662e+02
3.5000000001714136e+02
3.5000497229331330e+02
3.5000000002236845e+02
3.5000496849285855e+02
3.5000000001717677e+02
3.5000497229332751e+02
3.5000000002236106e+02
3.5000496849284832e+02
3.5000000001715961e+02
3.5000497229332024e+02
3.5000000002239165e+02
3.5000496849283303e+02
3.5000000001712868e+02
3.5000497229329636e+02
3.5000000002239233e+02
3.5000496849284781e+02
3.5000000001714562e+02
3.5000497229334673e+02
3.5000000002240978e+02
3.5000496849282536e+02
3.5000000001713005e+02
3.5000497229336577e+02
3.5000000002239989e+02
3.5000496849278716e+02
3.5000000001716239e+02
3.5000497229338134e+02
3.5000000002237118e+02
3.5000496849278841e+02
3.5000000001715574e+02
3.5000497229340203e+02
3.5000000002237795e+02
3.5000496849277522e+02
3.5000000001712550e+02
3.5000497229338447e+02
3.5000000002236675e+02
3.5000496849275061e+02
3.5000000001714079e+02
3.5000497229338441e+02
3.5000000002236391e+02
3.5000496849276976e+02
3.5000000001713897e+02
3.5000497229343148e+02
3.5000000002238312e+02
3.5000496849273088e+02
3.5000000001715108e+02
3.5000497229340652e+02
3.5000000002236089e+02
3.5000496849272668e+02
3.5000000001714307e+02
3.5000497229343216e+02
3.5000000002234816e+02
3.5000496849269911e+02
3.5000000001715551e+02
3.5000497229341761e+02
3.5000000002235640e+02
3.5000496849269280e+02
3.5000000001714596e+02
3.5000497229347076e+02
3.5000000002236914e+02
3.5000496849268836e+02
3.5000000001715864e+02
3.5000497229347963e+02
3.5000000002235993e+02
3.5000496849267540e+02
3.5000000001715745e+02
3.5000497229351947e+02
3.5000000002235214e+02
3.5000496849263737e+02
3.5000000001713028e+02
3.5000497229349298e+02
3.5000000002234509e+02
3.5000496849263908e+02
3.5000000001713840e+02
