0.0000000000000000e+00
3.5000998830238166e+02
3.5000001260468230e+02
3.5000282334977561e+02
3.5000000001297866e+02
3.5000589737973775e+02
3.5000000002478072e+02
3.5000456955311165e+02
3.5000000001635021e+02
3.5000514433468425e+02
3.5000000002278102e+02
3.5000489430082291e+02
3.5000000001701534e+02
3.5000500428823182e+02
3.5000000002247560e+02
3.5000495469533098e+02
3.5000000001714028e+02
3.5000497824331501e+02
3.5000000002238863e+02
3.5000496592708629e+02
3.5000000001715819e+02
3.5000497339965352e+02
3.5000000002239415e+02
3.5000496801589907e+02
3.5000000001716222e+02
3.5000497249888201e+02
3.5000000002238698e+02
3.5000496840432618e+02
3.5000000001714619e+02
3.5000497233137514e+02
3.5000000002236584e+02
3.5000496847654074e+02
3.5000000001713897e+02
3.5000497230017942e+02
3.5000000002236794e+02
3.5000496849002246e+02
3.5000000001712601e+02
3.5000497229435382e+02
3.5000000002237539e+02
3.5000496849248651e+02
3.5000000001714534e+02
3.5000497229335315e+02
3.5000000002241865e+02
3.5000496849299520e+02
3.5000000001716023e+02
3.5000497229316682e+02
3.5000000002239130e+02
3.5000496849305620e+02
3.5000000001715023e+02
3.5000497229311884e+02
3.5000000002240779e+02
3.5000496849304392e+02
3.5000000001713204e+02
3.5000497229313555e+02
3.5000000002236379e+02
3.5000496849299890e+02
3.5000000001716518e+02
3.5000497229312236e+02
3.5000000002233668e+02
3.5000496849298406e+02
3.5000000001712760e+02
3.5000497229316966e+02
3.5000000002239739e+02
3.5000496849298861e+02
3.5000000001715620e+02
3.5000497229319114e+02
3.5000000002237755e+02
3.5000496849298179e+02
3.5000000001713192e+02
3.5000497229319393e+02
3.5000000002237903e+02
3.5000496849295274e+02
3.5000000001713710e+02
3.5000497229321729e+02
3.5000000002238835e+02
3.5000496849293859e+02
3.5000000001715989e+02
3.5000497229322758e+02
3.5000000002238238e+02
3.5000496849293330e+02
3.5000000001712067e+02
3.5000497229324282e+02
3.5000000002235686e+02
3.5000496849287629e+02
3.5000000001718155e+02
3.5000497229327948e+02
3.5000000002236817e+02
3.5000496849285639e+02
3.5000000001714136e+02
3.5000497229331341e+02
3.5000000002236862e+02
3.5000496849285832e+02
3.5000000001717689e+02
3.5000497229332734e+02
3.5000000002236106e+02
3.5000496849284826e+02
3.5000000001715961e+02
3.5000497229332012e+02
3.5000000002239165e+02
3.5000496849283326e+02
3.5000000001712880e+02
3.5000497229329648e+02
3.5000000002239233e+02
3.5000496849284769e+02
3.5000000001714562e+02
3.5000497229334695e+02
3.5000000002240984e+02
3.5000496849282547e+02
3.5000000001713028e+02
3.5000497229336548e+02
3.5000000002239989e+02
3.5000496849278727e+02
3.5000000001716234e+02
3.5000497229338151e+02
3.5000000002237118e+02
3.5000496849278841e+02
3.5000000001715574e+02
3.5000497229340203e+02
3.5000000002237789e+02
3.5000496849277488e+02
3.5000000001712539e+02
3.5000497229338447e+02
3.5000000002236686e+02
3.5000496849275061e+02
3.5000000001714096e+02
3.5000497229338453e+02
3.5000000002236374e+02
3.5000496849276965e+02
3.5000000001713926e+02
3.5000497229343148e+02
3.5000000002238301e+02
3.5000496849273100e+02
3.5000000001715097e+02
3.5000497229340635e+02
3.5000000002236089e+02
3.5000496849272668e+02
3.5000000001714329e+02
3.5000497229343250e+02
3.5000000002234805e+02
3.5000496849269916e+02
3.5000000001715551e+02
3.5000497229341784e+02
3.5000000002235629e+02
3.5000496849269280e+02
3.5000000001714596e+02
3.5000497229347070e+02
3.5000000002236931e+02
3.5000496849268859e+02
3.5000000001715858e+02
3.5000497229347957e+02
3.5000000002235976e+02
3.5000496849267529e+02
3.5000000001715767e+02
3.5000497229351947e+02
3.5000000002235220e+02
3.5000496849263737e+02
3.5000000001713028e+02
3.5000497229349293e+02
3.5000000002234515e+02
3.5000496849263908e+02
3.5000000001713840e+02
