0.0000000000000000e+00
-1.4625213773131406e-02
-5.3685582698396535e-06
-8.6219492575069188e-03
1.6021926117313953e-08
-1.5975640882839835e-02
3.0061437372858527e-08
-8.0372971169525142e-03
1.6077856119061714e-08
-1.6227787322904266e-02
3.0254021736675299e-08
-7.9285426853368327e-03
1.5791917898980366e-08
-1.6274704812024213e-02
3.0204160867804116e-08
-7.9082923937296521e-03
1.5766034203160195e-08
-1.6283455031187978e-02
3.0025514136412212e-08
-7.9045017608632799e-03
1.5733609990289560e-08
-1.6285107023625789e-02
3.0087921891057249e-08
-7.9037719711924862e-03
1.5922724292860878e-08
-1.6285438872442545e-02
3.0252948981612993e-08
-7.9036113633790730e-03
1.6034041694522521e-08
-1.6285525243427613e-02
3.0272506172101654e-08
-7.9035567432533642e-03
1.6021279553640571e-08
-1.6285566133519822e-02
3.0402662829106867e-08
-7.9035216218976186e-03
1.6091756955626304e-08
-1.6285598307869169e-02
3.0512385663593956e-08
-7.9034902712472408e-03
1.6279131303501380e-08
-1.6285628839322695e-02
3.0614469830884124e-08
-7.9034597402860354e-03
1.6162420813776320e-08
-1.6285659415572619e-02
3.0613420666563107e-08
-7.9034294426143965e-03
1.6142895420634719e-08
-1.6285689847878808e-02
3.0433061559508071e-08
-7.9033990606358403e-03
1.6192822648611335e-08
-1.6285720187198080e-02
3.0640755935554667e-08
-7.9033684819209190e-03
1.6378213307239117e-08
-1.6285750341406873e-02
3.0770155561622638e-08
-7.9033381983207879e-03
1.6302744011577857e-08
-1.6285780847321771e-02
3.0583117464588073e-08
-7.9033078015252906e-03
1.6274812222552171e-08
-1.6285811500557766e-02
3.0455242639206427e-08
-7.9032775000787009e-03
1.6083708701224897e-08
-1.6285841985747347e-02
3.0384269108841767e-08
-7.9032471296125017e-03
1.6071319605445675e-08
-1.6285872451130397e-02
3.0378792923116236e-08
-7.9032167035485885e-03
1.6163554797223117e-08
-1.6285902854605783e-02
3.0399156501449159e-08
-7.9031862973706554e-03
1.6121645471559239e-08
-1.6285933138440414e-02
3.0399353428159680e-08
-7.9031559889105908e-03
1.5940871487816163e-08
-1.6285963699460611e-02
3.0318501560012992e-08
-7.9031256722271459e-03
1.5916001019546703e-08
-1.6285994068063855e-02
3.0367090747706058e-08
-7.9030953777727113e-03
1.5860384614161128e-08
-1.6286024519098122e-02
3.0384760697789342e-08
-7.9030647877693597e-03
1.5964859514165069e-08
-1.6286054862373615e-02
3.0363596343930856e-08
-7.9030344899828596e-03
1.5959160926275737e-08
-1.6286085297888359e-02
3.0269043846829747e-08
-7.9030040411423533e-03
1.6097231192237733e-08
-1.6286115603758550e-02
3.0463279749150812e-08
-7.9029734114545551e-03
1.6260863861645389e-08
-1.6286145901042829e-02
3.0504030775273272e-08
-7.9029430025890236e-03
1.6222147383379614e-08
-1.6286176353375304e-02
3.0519745130359694e-08
-7.9029126505655873e-03
1.6085727884316398e-08
-1.6286206879529544e-02
3.0304736607022748e-08
-7.9028825671868443e-03
1.5824745004482077e-08
-1.6286237587519521e-02
3.0185880536033145e-08
-7.9028519333798446e-03
1.5964239968828989e-08
-1.6286267813016446e-02
3.0284384032345394e-08
-7.9028215058536445e-03
1.5937284846586495e-08
-1.6286298376360767e-02
3.0162000870480668e-08
-7.9027912038611269e-03
1.5879480243735326e-08
-1.6286328765741181e-02
3.0198818905703782e-08
-7.9027606271886135e-03
1.6001222270664220e-08
-1.6286359079778278e-02
3.0227592199114437e-08
-7.9027303308319419e-03
1.5934952509989771e-08
-1.6286389570016088e-02
3.0137916164613642e-08
-7.9027000028223174e-03
1.5780788492691162e-08
-1.6286420122835179e-02
3.0047724151747769e-08
-7.9026697565833717e-03
1.5618399381284588e-08
-1.6286450595952243e-02
2.9982446168794052e-08
-7.9026394160414525e-03
1.5677621284078219e-08
-1.6286481008942106e-02
3.0020477764390143e-08
-7.9026088814529907e-03
1.5682549817309530e-08
-1.6286511424620911e-02
2.9901924010279460e-08
-7.9025785153047801e-03
1.5656569748015104e-08
