0.0000000000000000e+00
0.0000000000000000e+00
0.0000000000000000e+00
0.0000000000000000e+00
0.0000000000000000e+00
0.0000000000000000e+00
0.0000000000000000e+00
-3.8096009386266882e-01
-2.7485201732559301e+00
-6.5347659399875839e+00
-1.1334411527556181e+01
-1.2667436821921115e+01
-1.2667436821921115e+01
-1.2667436821921115e+01
-1.2667436821921115e+01
-1.2667436821921115e+01
-1.2667436821921115e+01
-1.2667436821921115e+01
-1.2667436821921115e+01
-1.2667436821921115e+01
-1.2667436821921115e+01
-1.2667436821921115e+01
-1.2667436821921115e+01
-1.2667436821921115e+01
-1.2667436821921115e+01
-1.2667436821921115e+01
-1.2667436821921115e+01
-1.2667436821921115e+01
-1.2000904431943454e+01
-9.4297461578279904e+00
-5.4978701006616557e+00
-4.7845230103402079e+00
-4.7845230103402070e+00
-4.7845230103402070e+00
-4.7845230103402088e+00
-4.7845230103402088e+00
-4.7845230103402088e+00
-4.7845230103402105e+00
-4.7845230103402105e+00
-4.7845230103402105e+00
-4.7845230103402105e+00
-4.7845230103402105e+00
-4.7845230103402105e+00
-4.7845230103402105e+00
-4.7845230103402105e+00
-4.7845230103402088e+00
-4.7845230103402088e+00
-4.7845230103402088e+00
-4.7845230103402088e+00
-4.7845230103402088e+00
-6.7059919784412942e+00
-6.7059919784412942e+00
-6.7059919784412942e+00
-6.7059919784412942e+00
-6.7059919784412942e+00
-6.7059919784412942e+00
-6.7059919784412942e+00
-6.7059919784412942e+00
-6.7059919784412942e+00
-6.7059919784412942e+00
-6.7059919784412942e+00
-6.7059919784412942e+00
-6.7059919784412942e+00
-6.7059919784412942e+00
-6.7059919784412942e+00
-6.7059919784412942e+00
-6.7059919784412942e+00
-6.7059919784412942e+00
-6.7059919784412942e+00
-6.4709569540594920e+00
-4.2080585920050684e+00
-4.2080585920050684e+00
-4.2080585920050684e+00
-4.2080585920050666e+00
-4.2080585920050666e+00
-4.2080585920050666e+00
-4.2080585920050666e+00
-4.2080585920050666e+00
-4.2080585920050684e+00
-4.2080585920050684e+00
-4.2080585920050666e+00
-4.2080585920050657e+00
-4.2080585920050648e+00
-4.2080585920050648e+00
-4.2080585920050666e+00
-4.2080585920050639e+00
-4.2080585920050639e+00
-4.2080585920050639e+00
-4.2080585920050639e+00
-4.2080585920050639e+00
-5.2235440272458291e+00
-5.2235440272458291e+00
-5.2235440272458291e+00
-5.2235440272458291e+00
-5.2235440272458291e+00
-5.2235440272458291e+00
-5.2235440272458291e+00
-5.2235440272458291e+00
-5.2235440272458291e+00
-5.2235440272458291e+00
-5.2235440272458291e+00
-5.2235440272458291e+00
-5.2235440272458291e+00
-5.2235440272458291e+00
-5.2235440272458291e+00
-5.2235440272458291e+00
-5.2235440272458291e+00
-5.2235440272458291e+00
-5.2235440272458291e+00
-5.2235440272458291e+00
-3.7521514618276721e+00
-3.7521514618276721e+00
-3.7521514618276721e+00
-3.7521514618276721e+00
-3.7521514618276699e+00
-3.7521514618276699e+00
-3.7521514618276690e+00
-3.7521514618276699e+00
-3.7521514618276717e+00
-3.7521514618276721e+00
-3.7521514618276721e+00
-3.7521514618276721e+00
-3.7521514618276708e+00
-3.7521514618276681e+00
-3.7521514618276677e+00
-3.7521514618276672e+00
-3.7521514618276672e+00
-3.7521514618276672e+00
-3.7521514618276672e+00
-3.7521514618276672e+00
-4.2672577271898176e+00
-4.2672577271898176e+00
-4.2672577271898176e+00
-4.2672577271898176e+00
-4.2672577271898176e+00
-4.2672577271898176e+00
-4.2672577271898176e+00
-4.2672577271898176e+00
-4.2672577271898176e+00
-4.2672577271898176e+00
-4.2672577271898176e+00
-4.2672577271898176e+00
-4.2672577271898176e+00
-4.2672577271898176e+00
-4.2672577271898176e+00
-4.2672577271898176e+00
-4.2672577271898176e+00
-4.2672577271898176e+00
-4.2672577271898176e+00
-4.2672577271898176e+00
-3.2897833400241305e+00
-3.2897833400241305e+00
-3.2897833400241305e+00
-3.2897833400241305e+00
-3.2897833400241305e+00
-3.2897833400241301e+00
-3.2897833400241301e+00
-3.2897833400241301e+00
-3.2897833400241301e+00
-3.2897833400241301e+00
-3.2897833400241283e+00
