0.0000000000000000e+00
0.0000000000000000e+00
0.0000000000000000e+00
0.0000000000000000e+00
0.0000000000000000e+00
0.0000000000000000e+00
0.0000000000000000e+00
1.9048004693126930e-01
1.3742600866275270e+00
3.2673829699926165e+00
5.6672057637763453e+00
6.3337184109586069e+00
6.3337184109585909e+00
6.3337184109585918e+00
6.3337184109585989e+00
6.3337184109585989e+00
6.3337184109585891e+00
6.3337184109586007e+00
6.3337184109586122e+00
6.3337184109586140e+00
6.3337184109586140e+00
6.3337184109586087e+00
6.3337184109585998e+00
6.3337184109586069e+00
6.3337184109586122e+00
6.3337184109586033e+00
6.3337184109585971e+00
6.3337184109586033e+00
6.0004522159697320e+00
4.7148730789119320e+00
2.7489350503284880e+00
2.3922615051677361e+00
2.3922615051677343e+00
2.3922615051677294e+00
2.3922615051677325e+00
2.3922615051677325e+00
2.3922615051677303e+00
2.3922615051677329e+00
2.3922615051677374e+00
2.3922615051677369e+00
2.3922615051677334e+00
2.3922615051677338e+00
2.3922615051677347e+00
2.3922615051677312e+00
2.3922615051677263e+00
2.3922615051677290e+00
2.3922615051677298e+00
2.3922615051677312e+00
2.3922615051677352e+00
2.3922615051677352e+00
3.3529959892179448e+00
3.3529959892179431e+00
3.3529959892179448e+00
3.3529959892179448e+00
3.3529959892179360e+00
3.3529959892179351e+00
3.3529959892179333e+00
3.3529959892179342e+00
3.3529959892179328e+00
3.3529959892179306e+00
3.3529959892179306e+00
3.3529959892179346e+00
3.3529959892179391e+00
3.3529959892179355e+00
3.3529959892179373e+00
3.3529959892179346e+00
3.3529959892179284e+00
3.3529959892179320e+00
3.3529959892179306e+00
3.2354784770269225e+00
2.1040292959988984e+00
2.1040292959988980e+00
2.1040292959988993e+00
2.1040292959988962e+00
2.1040292959988971e+00
2.1040292959988953e+00
2.1040292959988953e+00
2.1040292959988935e+00
2.1040292959988922e+00
2.1040292959988918e+00
2.1040292959988904e+00
2.1040292959988900e+00
2.1040292959988882e+00
2.1040292959988891e+00
2.1040292959988918e+00
2.1040292959988891e+00
2.1040292959988887e+00
2.1040292959988895e+00
2.1040292959988927e+00
2.1040292959988922e+00
2.6117720136186389e+00
2.6117720136186353e+00
2.6117720136186380e+00
2.6117720136186335e+00
2.6117720136186335e+00
2.6117720136186300e+00
2.6117720136186287e+00
2.6117720136186255e+00
2.6117720136186264e+00
2.6117720136186224e+00
2.6117720136186224e+00
2.6117720136186207e+00
2.6117720136186189e+00
2.6117720136186149e+00
2.6117720136186131e+00
2.6117720136186158e+00
2.6117720136186140e+00
2.6117720136186078e+00
2.6117720136186078e+00
2.6117720136186038e+00
1.8760757309086995e+00
1.8760757309086986e+00
1.8760757309086975e+00
1.8760757309086977e+00
1.8760757309086984e+00
1.8760757309086991e+00
1.8760757309087002e+00
1.8760757309087011e+00
1.8760757309087048e+00
1.8760757309087051e+00
1.8760757309087079e+00
1.8760757309087062e+00
1.8760757309087062e+00
1.8760757309087051e+00
1.8760757309087033e+00
1.8760757309087024e+00
1.8760757309087057e+00
1.8760757309087062e+00
1.8760757309087048e+00
1.8760757309087075e+00
2.1336288635894811e+00
2.1336288635894816e+00
2.1336288635894829e+00
2.1336288635894789e+00
2.1336288635894793e+00
2.1336288635894780e+00
2.1336288635894802e+00
2.1336288635894816e+00
2.1336288635894807e+00
2.1336288635894807e+00
2.1336288635894780e+00
2.1336288635894776e+00
2.1336288635894758e+00
2.1336288635894731e+00
2.1336288635894713e+00
2.1336288635894682e+00
2.1336288635894656e+00
2.1336288635894651e+00
2.1336288635894665e+00
2.1336288635894651e+00
1.6448916700061114e+00
1.6448916700061129e+00
1.6448916700061131e+00
1.6448916700061127e+00
1.6448916700061105e+00
1.6448916700061114e+00
1.6448916700061147e+00
1.6448916700061147e+00
1.6448916700061109e+00
1.6448916700061114e+00
1.6448916700061120e+00
