0.0000000000000000e+00
0.0000000000000000e+00
0.0000000000000000e+00
0.0000000000000000e+00
0.0000000000000000e+00
0.0000000000000000e+00
0.0000000000000000e+00
1.9048004693139822e-01
1.3742600866283947e+00
3.2673829699949462e+00
5.6672057637797888e+00
6.3337184109624669e+00
6.3337184109624527e+00
6.3337184109624518e+00
6.3337184109624554e+00
6.3337184109624571e+00
6.3337184109624545e+00
6.3337184109624598e+00
6.3337184109624678e+00
6.3337184109624651e+00
6.3337184109624642e+00
6.3337184109624580e+00
6.3337184109624554e+00
6.3337184109624562e+00
6.3337184109624562e+00
6.3337184109624465e+00
6.3337184109624332e+00
6.3337184109624420e+00
6.0004522159736577e+00
4.7148730789159892e+00
2.7489350503330892e+00
2.3922615051723906e+00
2.3922615051723906e+00
2.3922615051723874e+00
2.3922615051723892e+00
2.3922615051723910e+00
2.3922615051723901e+00
2.3922615051723946e+00
2.3922615051723963e+00
2.3922615051723963e+00
2.3922615051723946e+00
2.3922615051723919e+00
2.3922615051723928e+00
2.3922615051723892e+00
2.3922615051723843e+00
2.3922615051723879e+00
2.3922615051723879e+00
2.3922615051723901e+00
2.3922615051723932e+00
2.3922615051723950e+00
3.3529959892232810e+00
3.3529959892232775e+00
3.3529959892232801e+00
3.3529959892232752e+00
3.3529959892232659e+00
3.3529959892232659e+00
3.3529959892232650e+00
3.3529959892232664e+00
3.3529959892232601e+00
3.3529959892232593e+00
3.3529959892232650e+00
3.3529959892232624e+00
3.3529959892232664e+00
3.3529959892232641e+00
3.3529959892232650e+00
3.3529959892232641e+00
3.3529959892232601e+00
3.3529959892232650e+00
3.3529959892232597e+00
3.2354784770324603e+00
2.1040292960060589e+00
2.1040292960060576e+00
2.1040292960060585e+00
2.1040292960060563e+00
2.1040292960060576e+00
2.1040292960060567e+00
2.1040292960060549e+00
2.1040292960060540e+00
2.1040292960060518e+00
2.1040292960060514e+00
2.1040292960060496e+00
2.1040292960060518e+00
2.1040292960060500e+00
2.1040292960060505e+00
2.1040292960060540e+00
2.1040292960060518e+00
2.1040292960060505e+00
2.1040292960060514e+00
2.1040292960060540e+00
2.1040292960060532e+00
2.6117720136270801e+00
2.6117720136270766e+00
2.6117720136270783e+00
2.6117720136270766e+00
2.6117720136270721e+00
2.6117720136270686e+00
2.6117720136270672e+00
2.6117720136270637e+00
2.6117720136270628e+00
2.6117720136270570e+00
2.6117720136270597e+00
2.6117720136270570e+00
2.6117720136270535e+00
2.6117720136270508e+00
2.6117720136270517e+00
2.6117720136270504e+00
2.6117720136270508e+00
2.6117720136270446e+00
2.6117720136270468e+00
2.6117720136270468e+00
1.8760757309187905e+00
1.8760757309187901e+00
1.8760757309187899e+00
1.8760757309187897e+00
1.8760757309187905e+00
1.8760757309187917e+00
1.8760757309187930e+00
1.8760757309187948e+00
1.8760757309187990e+00
1.8760757309187985e+00
1.8760757309188016e+00
1.8760757309188012e+00
1.8760757309188003e+00
1.8760757309187985e+00
1.8760757309187972e+00
1.8760757309187968e+00
1.8760757309187994e+00
1.8760757309188012e+00
1.8760757309187976e+00
1.8760757309188008e+00
2.1336288636001752e+00
2.1336288636001726e+00
2.1336288636001730e+00
2.1336288636001699e+00
2.1336288636001690e+00
2.1336288636001681e+00
2.1336288636001726e+00
2.1336288636001717e+00
2.1336288636001717e+00
2.1336288636001690e+00
2.1336288636001650e+00
2.1336288636001637e+00
2.1336288636001615e+00
2.1336288636001624e+00
2.1336288636001619e+00
2.1336288636001601e+00
2.1336288636001592e+00
2.1336288636001561e+00
2.1336288636001566e+00
2.1336288636001530e+00
1.6448916700178189e+00
1.6448916700178211e+00
1.6448916700178211e+00
1.6448916700178207e+00
1.6448916700178184e+00
1.6448916700178196e+00
1.6448916700178224e+00
1.6448916700178224e+00
1.6448916700178207e+00
1.6448916700178204e+00
1.6448916700178202e+00
