0.0000000000000000e+00
-4.0000000002112087e-04
-8.0000000001558002e-04
-1.2001600640379319e-03
-1.6000000001408577e-03
-1.9999998721695537e-03
-2.4001598081218583e-03
-2.8571463815479574e-03
-3.6123436226849965e-03
-4.5802481044843728e-03
-5.7001785629538686e-03
-5.5001155265678543e-03
-5.1001507520486537e-03
-4.7003458853945171e-03
-4.3001155234969413e-03
-3.9000452818582247e-03
-3.5001350324122033e-03
-3.1001155233309837e-03
-2.7001155232988360e-03
-2.3001155233027962e-03
-1.9001155233023983e-03
-1.5001155233027492e-03
-1.1001155233025784e-03
-7.0027545933060652e-04
-3.0011552342790431e-04
9.9884348549999716e-05
4.9972428460270035e-04
8.9988447657333840e-04
1.3998569486810099e-03
2.1854776379940689e-03
3.1752884476691514e-03
2.8823215455096147e-03
2.4823078205196431e-03
2.0821340205144472e-03
1.6823215482830054e-03
1.2823491621011332e-03
8.8221673399541513e-04
4.8232154835335352e-04
8.2266382574328609e-05
-3.1767845159482041e-04
-7.1767845155785699e-04
-1.1176784515665190e-03
-1.5176784515660742e-03
-1.9178385155938472e-03
-2.3176784516911178e-03
-2.7176783237144514e-03
-3.1178382596615574e-03
-3.5176784516907852e-03
-3.9176785798492935e-03
-4.3178387721381373e-03
-5.0059599570364370e-03
-4.6059124897161463e-03
-4.2060249963769497e-03
-3.8062973491269814e-03
-3.4058987972185786e-03
-3.0056605001476692e-03
-2.6058987968415135e-03
-2.2058987968714330e-03
-1.8058987967793016e-03
-1.4058987967792893e-03
-1.0058987967784755e-03
-6.0589879677916273e-04
-2.0589879677937172e-04
1.9394126719312970e-04
5.9410120309580686e-04
9.9410107507316887e-04
1.3939410111246714e-03
1.7941012030943872e-03
2.1941013309345505e-03
2.6293555290046026e-03
3.3687227455566245e-03
2.9687847354526423e-03
2.5686867109378339e-03
2.1684285439190019e-03
1.7687912107931031e-03
1.3689941038151200e-03
9.6903709518107186e-04
5.6892005693028774e-04
1.6879121121387888e-04
-2.3120878887183851e-04
-6.3120878881248979e-04
-1.0312087888128137e-03
-1.4312087888128930e-03
-1.8313688528407296e-03
-2.2312087889381489e-03
-2.6312086609603402e-03
-3.0313685969085482e-03
-3.4312087889378610e-03
-3.8312089170976253e-03
-4.2313691093883304e-03
-4.7835486284597776e-03
-4.3835815342406822e-03
-3.9837743497418360e-03
-3.5835316043050605e-03
-3.1834489890338710e-03
-2.7835263758512027e-03
-2.3835316041145747e-03
-1.9836967642256637e-03
-1.5835316042389577e-03
-1.1835265123549675e-03
-7.8353160409622309e-04
-3.8353160410257390e-04
1.6468395899729750e-05
4.1630845987370015e-04
8.1646839577407659e-04
1.2164682677499679e-03
1.6163082038002769e-03
2.0164683957751631e-03
2.4164685236184222e-03
2.8163087153321980e-03
3.4371411090475153e-03
3.0371472528309745e-03
2.6369933375050419e-03
2.2371772805690202e-03
1.8372013068143154e-03
1.4370652882634938e-03
1.0371772806367628e-03
6.3712929861705475e-04
2.3717728067897126e-04
-1.6282271927831369e-04
-5.6282271928837304e-04
-9.6282271928850463e-04
-1.3628227192882514e-03
-1.7629827833167122e-03
-2.1628227194139924e-03
-2.5628225914370909e-03
-2.9629825273848427e-03
-3.3628227194144387e-03
-3.7628228475744315e-03
-4.1629830398647715e-03
-4.6400930089961932e-03
-4.2401683199681803e-03
-3.8404035067602193e-03
-3.4400886593849100e-03
-3.0399339998629050e-03
-2.6399394000450132e-03
-2.2401047319380832e-03
-1.8400886591467555e-03
-1.4400886590902396e-03
-1.0400886590928948e-03
-6.4008865909293174e-04
-2.4008865909329913e-04
1.5991134090719686e-04
5.5975140488033828e-04
9.5991134078241610e-04
1.3599112127584622e-03
1.7597511488099196e-03
2.1599113407824366e-03
2.5599114686243756e-03
2.9597516603359132e-03
3.5065164960002065e-03
3.1064790452845071e-03
2.7062815005609894e-03
2.3065324987672576e-03
1.9066236338027519e-03
1.5065547777532780e-03
1.1063258025536527e-03
7.0653249879044455e-04
3.0657929641404237e-04
-9.3533932532002139e-05
-4.9346750108393729e-04
