0.0000000000000000e+00
1.0000000000576372e-04
2.0000000000826177e-04
2.9999000101181930e-04
4.0000000008097507e-04
4.9999999815124048e-04
5.9998999722175460e-04
7.2857148015137018e-04
1.0061248052791300e-03
1.3901001654314151e-03
1.8500771327780688e-03
1.8500577623067629e-03
1.7500555523233766e-03
1.6500433408980588e-03
1.5500577617663454e-03
1.4500621845196025e-03
1.3500566071574058e-03
1.2500577616697843e-03
1.1500577616515846e-03
1.0500577616536877e-03
9.5005776165290831e-04
8.5005776165350501e-04
7.5005776165334656e-04
6.5004776065258395e-04
5.5005776172608982e-04
4.5005776380036835e-04
3.5004776487420497e-04
2.5005776172679290e-04
1.0006623387597475e-04
-1.9278207379116172e-04
-5.8766636662370658e-04
-5.4116077364222543e-04
-4.4116163371868069e-04
-3.4117249262392857e-04
-2.4116077412634132e-04
-1.4115905697313318e-04
-4.1167339163094928e-05
5.8839225833765605e-05
1.5883579051611052e-04
2.5883922580270647e-04
3.5883922577976246e-04
4.5883922578505423e-04
5.5883922578512193e-04
6.5882922678509482e-04
7.5883922585809414e-04
8.5883922393094976e-04
9.5882922300474381e-04
1.0588392258574335e-03
1.1588392277106516e-03
1.2588292305629695e-03
1.5029360869351011e-03
1.4029485090721885e-03
1.3029509326936356e-03
1.2029433557993196e-03
1.1029493986097127e-03
1.0029454416291004e-03
9.0294939840960262e-04
8.0294939843355325e-04
7.0294939839308319e-04
6.0294939839305864e-04
5.0294939839323131e-04
4.0294939839398826e-04
3.0294939839363362e-04
2.0293939739286267e-04
1.0294939846567069e-04
2.9494005394330194e-06
-9.7060598386800961e-05
-1.9705060153411328e-04
-2.9705060368134649e-04
-4.1467842623796005e-04
-6.8441038930078550e-04
-5.8439598636181593e-04
-4.8439158530490798e-04
-3.8439718412731628e-04
-2.8439560540395229e-04
-1.8440402599626318e-04
-8.4422443905092398e-05
1.5549142868888957e-05
1.1560439442343410e-04
2.1560439441564862e-04
3.1560439441042547e-04
4.1560439440990629e-04
5.1560439441020753e-04
6.1559439541015201e-04
7.1560439448348592e-04
8.1560439255613890e-04
9.1559439162985923e-04
1.0156043944826846e-03
1.1156043963361207e-03
1.2155943991872795e-03
1.3917620785104147e-03
1.2917626216282967e-03
1.1917531638555173e-03
1.0917658021658918e-03
9.9176844200416316e-04
8.9176108137070664e-04
7.9176580206281573e-04
6.9176052269965594e-04
5.9176580212434899e-04
4.9176108160435680e-04
3.9176580205323175e-04
2.9176580205197750e-04
1.9176580205283289e-04
9.1755801052901235e-05
-8.2341978745487533e-06
-1.0823419580070469e-04
-2.0824419472731032e-04
-3.0823419787388080e-04
-4.0823420002126170e-04
-5.0824420316965865e-04
-7.1859641133655548e-04
-6.1859046874133765e-04
-5.1859452633445415e-04
-4.1858864027951356e-04
-3.1859275440099521e-04
-2.1860686670034660e-04
-1.1858864029661706e-04
-1.8580416538605737e-05
8.1411359654966342e-05
1.8141135964246154e-04
2.8141135964561599e-04
3.8141135964544327e-04
4.8141135964559244e-04
5.8140136064550570e-04
6.8141135971939157e-04
7.8141135779338951e-04
8.8140135686752010e-04
9.8141135971932135e-04
1.0814113615703730e-03
1.1814013644209885e-03
1.3200433684185920e-03
1.2200392779021651e-03
1.1200251855668531e-03
1.0200443297176266e-03
9.2005347669777467e-04
8.2005262450614226e-04
7.2004177114488811e-04
6.2004432957971003e-04
5.2004432954532202e-04
4.2004432954736488e-04
3.2004432954747217e-04
2.2004432954784216e-04
1.2004432954706769e-04
2.0034328546524274e-05
-7.9955670379909424e-05
-1.7995566830710357e-04
-2.7996566723372256e-04
-3.7995567038089475e-04
-4.7995567252861072e-04
-5.7996567567762257e-04
-7.5326967503179260e-04
-6.5326952822825014e-04
-5.5327938045408387e-04
-4.5326624937019476e-04
-3.5326311991267791e-04
-2.5326999008152472e-04
-1.5328685787615814e-04
-5.3266249367389545e-05
4.6744356020868438e-05
1.4674496028804340e-04
2.4673375053488116e-04
