0.0000000000000000e+00
1.0000000000497821e-04
2.0000000000899816e-04
2.9999000101259922e-04
4.0000000008217208e-04
4.9999999815235623e-04
5.9998999722321133e-04
7.2857148015232590e-04
1.0061248052800819e-03
1.3901001654325806e-03
1.8500771327792569e-03
1.8500577623079926e-03
1.7500555523236963e-03
1.6500433408981024e-03
1.5500577617674218e-03
1.4500621845208580e-03
1.3500566071586065e-03
1.2500577616700679e-03
1.1500577616519033e-03
1.0500577616537978e-03
9.5005776165442445e-04
8.5005776165453749e-04
7.5005776165441569e-04
6.5004776065383674e-04
5.5005776172747868e-04
4.5005776380169465e-04
3.5004776487615051e-04
2.5005776172754121e-04
1.0006623387705347e-04
-1.9278207378995625e-04
-5.8766636662211844e-04
-5.4116077364089045e-04
-4.4116163371765417e-04
-3.4117249262255987e-04
-2.4116077412526099e-04
-1.4115905697200309e-04
-4.1167339162028724e-05
5.8839225834527088e-05
1.5883579051798600e-04
2.5883922580463147e-04
3.5883922578234373e-04
4.5883922578737713e-04
5.5883922578805448e-04
6.5882922678765700e-04
7.5883922586161964e-04
8.5883922393499958e-04
9.5882922301004274e-04
1.0588392258610163e-03
1.1588392277119474e-03
1.2588292305636005e-03
1.5029360869376507e-03
1.4029485090747505e-03
1.3029509326960462e-03
1.2029433558024380e-03
1.1029493986119165e-03
1.0029454416295128e-03
9.0294939841253875e-04
8.0294939843731717e-04
7.0294939839661487e-04
6.0294939839652928e-04
5.0294939839681200e-04
4.0294939839642338e-04
3.0294939839678410e-04
2.0293939739679843e-04
1.0294939846947426e-04
2.9494005435294786e-06
-9.7060598382983892e-05
-1.9705060152938047e-04
-2.9705060367612166e-04
-4.1467842623305713e-04
-6.8441038929569994e-04
-5.8439598635746145e-04
-4.8439158530025979e-04
-3.8439718412285712e-04
-2.8439560539843782e-04
-1.8440402598949475e-04
-8.4422443896810910e-05
1.5549142878235000e-05
1.1560439442882037e-04
2.1560439442092408e-04
3.1560439441584328e-04
4.1560439441591071e-04
5.1560439441594036e-04
6.1559439541571006e-04
7.1560439448983761e-04
8.1560439256346561e-04
9.1559439163743433e-04
1.0156043944892022e-03
1.1156043963405789e-03
1.2155943991915006e-03
1.3917620785176487e-03
1.2917626216358692e-03
1.1917531638632067e-03
1.0917658021738646e-03
9.9176844201239551e-04
8.9176108137902508e-04
7.9176580207162694e-04
6.9176052270832501e-04
5.9176580213194697e-04
4.9176108161122012e-04
3.9176580206048869e-04
2.9176580205948614e-04
1.9176580205978983e-04
9.1755801059653579e-05
-8.2341978674312337e-06
-1.0823419579430835e-04
-2.0824419472052243e-04
-3.0823419786729222e-04
-4.0823420001489537e-04
-5.0824420316267953e-04
-7.1859641132934445e-04
-6.1859046873444972e-04
-5.1859452632701749e-04
-4.1858864027264031e-04
-3.1859275439526682e-04
-2.1860686669476393e-04
-1.1858864028923866e-04
-1.8580416529388172e-05
8.1411359662499487e-05
1.8141135965043799e-04
2.8141135965324460e-04
3.8141135965374961e-04
4.8141135965321823e-04
5.8140136065295937e-04
6.8141135972638891e-04
7.8141135780052020e-04
8.8140135687544432e-04
9.8141135972600936e-04
1.0814113615770526e-03
1.1814013644272047e-03
1.3200433684257128e-03
1.2200392779095103e-03
1.1200251855749278e-03
1.0200443297251492e-03
9.2005347670456438e-04
8.2005262451314957e-04
7.2004177115102903e-04
6.2004432958806391e-04
5.2004432955263333e-04
4.2004432955346466e-04
3.2004432955398454e-04
2.2004432955399897e-04
1.2004432955318222e-04
2.0034328552883496e-05
-7.9955670374073624e-05
-1.7995566830046128e-04
-2.7996566722659545e-04
-3.7995567037383399e-04
-4.7995567252187376e-04
-5.7996567567083492e-04
-7.5326967502585345e-04
-6.5326952822171718e-04
-5.5327938044846066e-04
-4.5326624936480427e-04
-3.5326311990672066e-04
-2.5326999007481394e-04
-1.5328685786921133e-04
-5.3266249361834046e-05
4.6744356024783451e-05
1.4674496029001933e-04
2.4673375053953927e-04
