0.0000000000000000e+00
0.0000000000000000e+00
0.0000000000000000e+00
0.0000000000000000e+00
0.0000000000000000e+00
0.0000000000000000e+00
0.0000000000000000e+00
5.7144014079400271e-05
4.1227802598838920e-04
9.8021489099813712e-04
1.7001617291334265e-03
1.9001155232881658e-03
1.9001155232881658e-03
1.9001155232881658e-03
1.9001155232881658e-03
1.9001155232881658e-03
1.9001155232881658e-03
1.9001155232881658e-03
1.9001155232881658e-03
1.9001155232881658e-03
1.9001155232881658e-03
1.9001155232881658e-03
1.9001155232881658e-03
1.9001155232881658e-03
1.9001155232881658e-03
1.9001155232881658e-03
1.9001155232881658e-03
1.9001155232881658e-03
2.0000953817848155e-03
2.3857691229021349e-03
2.9755505314770863e-03
3.0825525950253035e-03
3.0825525950253035e-03
3.0825525950253035e-03
3.0825525950253035e-03
3.0825525950253035e-03
3.0825525950253035e-03
3.0825525950253035e-03
3.0825525950253035e-03
3.0825525950253035e-03
3.0825525950253035e-03
3.0825525950253035e-03
3.0825525950253035e-03
3.0825525950253035e-03
3.0825525950253035e-03
3.0825525950253035e-03
3.0825525950253035e-03
3.0825525950253035e-03
3.0825525950253035e-03
3.0825525950253035e-03
3.3707729402404660e-03
3.3707729402404660e-03
3.3707729402404660e-03
3.3707729402404660e-03
3.3707729402404660e-03
3.3707729402404660e-03
3.3707729402404660e-03
3.3707729402404660e-03
3.3707729402404660e-03
3.3707729402404660e-03
3.3707729402404660e-03
3.3707729402404660e-03
3.3707729402404660e-03
3.3707729402404660e-03
3.3707729402404660e-03
3.3707729402404660e-03
3.3707729402404660e-03
3.3707729402404660e-03
3.3707729402404660e-03
3.4060281938977362e-03
3.7454629482059024e-03
3.7454629482059024e-03
3.7454629482059024e-03
3.7454629482059024e-03
3.7454629482059024e-03
3.7454629482059024e-03
3.7454629482059024e-03
3.7454629482059024e-03
3.7454629482059024e-03
3.7454629482059024e-03
3.7454629482059024e-03
3.7454629482059024e-03
3.7454629482059024e-03
3.7454629482059024e-03
3.7454629482059024e-03
3.7454629482059024e-03
3.7454629482059024e-03
3.7454629482059024e-03
3.7454629482059024e-03
3.7454629482059024e-03
3.8977857634920157e-03
3.8977857634920157e-03
3.8977857634920157e-03
3.8977857634920157e-03
3.8977857634920157e-03
3.8977857634920157e-03
3.8977857634920157e-03
3.8977857634920157e-03
3.8977857634920157e-03
3.8977857634920157e-03
3.8977857634920157e-03
3.8977857634920157e-03
3.8977857634920157e-03
3.8977857634920157e-03
3.8977857634920157e-03
3.8977857634920157e-03
3.8977857634920157e-03
3.8977857634920157e-03
3.8977857634920157e-03
3.8977857634920157e-03
4.1184946483047375e-03
4.1184946483047375e-03
4.1184946483047375e-03
4.1184946483047375e-03
4.1184946483047375e-03
4.1184946483047375e-03
4.1184946483047375e-03
4.1184946483047375e-03
4.1184946483047375e-03
4.1184946483047375e-03
4.1184946483047375e-03
4.1184946483047375e-03
4.1184946483047375e-03
4.1184946483047375e-03
4.1184946483047375e-03
4.1184946483047375e-03
4.1184946483047375e-03
4.1184946483047375e-03
4.1184946483047375e-03
4.1184946483047375e-03
4.1957605881090604e-03
4.1957605881090604e-03
4.1957605881090604e-03
4.1957605881090604e-03
4.1957605881090604e-03
4.1957605881090604e-03
4.1957605881090604e-03
4.1957605881090604e-03
4.1957605881090604e-03
4.1957605881090604e-03
4.1957605881090604e-03
4.1957605881090604e-03
4.1957605881090604e-03
4.1957605881090604e-03
4.1957605881090604e-03
4.1957605881090604e-03
4.1957605881090604e-03
4.1957605881090604e-03
4.1957605881090604e-03
4.1957605881090604e-03
4.3423817461839143e-03
4.3423817461839143e-03
4.3423817461839143e-03
4.3423817461839143e-03
4.3423817461839143e-03
4.3423817461839143e-03
4.3423817461839143e-03
4.3423817461839143e-03
4.3423817461839143e-03
4.3423817461839143e-03
4.3423817461839143e-03
