0.0000000000000000e+00
4.4000000002331312e+01
8.8000000002138293e+01
1.3201320572442393e+02
1.7600000001958779e+02
2.1999998858827405e+02
2.6401318287029801e+02
3.0800016197111586e+02
3.5200452223043430e+02
3.9600228214090009e+02
4.4000115297886549e+02
3.9600000034700037e+02
3.5200290571072003e+02
3.0801900283969968e+02
2.6400000002915027e+02
2.1999420796724519e+02
1.7600161520811622e+02
1.3200000000601662e+02
8.8000000001591999e+01
4.4000000002116153e+01
2.0664183497322130e-09
4.3999999997884750e+01
8.7999999997909171e+01
1.3198680571550335e+02
1.7599999998046965e+02
2.1999998853197769e+02
2.6398678281007926e+02
3.0799999998053460e+02
3.5199949065529404e+02
3.9599582856205382e+02
4.3999785165081488e+02
3.9599999969007047e+02
3.5199886757768184e+02
3.0798452876088436e+02
2.6399999997675974e+02
2.2000227888328337e+02
1.7599135404269171e+02
1.3199999998649824e+02
8.7995447705848733e+01
4.3999999993746130e+01
1.0123219549164916e-09
4.4000000002232653e+01
8.8000000002223942e+01
1.3201320572465437e+02
1.7600000001967587e+02
2.1999998858816960e+02
2.6401318287006075e+02
3.0800000001960473e+02
3.5200001146054638e+02
3.9601322863291819e+02
4.4000421069639174e+02
3.9600112672026324e+02
3.5201124058510203e+02
3.0803454086042530e+02
2.6400000005974829e+02
2.1997868170313831e+02
1.7600000000898655e+02
1.3200000001376887e+02
8.8000000002102425e+01
4.4000000002100087e+01
2.0521967829821447e-09
4.3999999997873665e+01
8.7999999997858581e+01
1.3198680571543119e+02
1.7599999998046377e+02
2.1999998853198565e+02
2.6398678281003208e+02
3.0799999998028619e+02
3.5200001141916090e+02
3.9599993575156969e+02
4.3999527598898578e+02
3.9599946364122479e+02
3.5199045019089340e+02
3.0796822418961443e+02
2.6399999994683304e+02
2.2001859554484082e+02
1.7602399956091782e+02
1.3201620055869714e+02
8.7999999999011237e+01
4.3999999992166309e+01
2.1469589083438774e-09
4.4000000002164853e+01
8.8000000002196117e+01
1.3201320572463635e+02
1.7600000001969414e+02
2.1999998858809022e+02
2.6401318287003176e+02
3.0800000001960734e+02
3.5200001146068530e+02
3.9601322863315914e+02
4.4000117047424044e+02
3.9600411397734553e+02
3.5202024945744120e+02
3.0800000003034791e+02
2.6399296219228290e+02
2.1999912449646615e+02
1.7600000000455151e+02
1.3201406951034357e+02
8.8000000020830328e+01
4.3999136529236608e+01
1.9888655365471210e-09
4.3999999997549857e+01
8.7999999997695198e+01
1.3198680571540436e+02
1.7599999998023043e+02
2.1999998853164612e+02
2.6398678280958831e+02
3.0799999998028375e+02
3.5200001141946444e+02
3.9598682856730454e+02
4.3999750073767308e+02
3.9599751844224988e+02
3.5198433096171925e+02
3.0799999997853712e+02
2.6400247633084047e+02
2.1999174858072678e+02
1.7599999998597366e+02
1.3199505387745762e+02
8.7999999993930089e+01
4.3999999998779487e+01
2.3724567237382138e-09
4.4000000002384517e+01
8.8000000002369092e+01
1.3201320572485477e+02
1.7600000001989474e+02
2.1999998858843003e+02
2.6401318287038697e+02
3.0800000001990844e+02
3.5200001146087374e+02
3.9601322863326652e+02
4.4000029821448857e+02
3.9600656561457959e+02
3.5202602192680661e+02
3.0800000004301546e+02
2.6398719493928422e+02
2.1998759516247264e+02
1.7600118927324448e+02
1.3200000000998818e+02
8.8000000001941288e+01
4.4000000002308226e+01
2.3290764426325770e-09
4.3999999997620151e+01
8.7999999997727912e+01
1.3198680571538910e+02
1.7599999998032416e+02
2.1999998853177817e+02
2.6398678280981608e+02
3.0799999998035435e+02
3.5200001141946029e+02
3.9598682856719148e+02
4.3999889318296636e+02
3.9599558460124484e+02
3.5197906766146781e+02
3.0799999996824374e+02
2.6400774445908064e+02
2.2000228970153671e+02
1.7598362424989017e+02
1.3199999997004650e+02
8.8003184886813443e+01
4.3993167564141359e+01
1.0279777415207704e-08
