0.0000000000000000e+00
-4.4000000002315339e+01
-8.8000000001306120e+01
-1.3202200836391737e+02
-1.7600000001139034e+02
-2.1999998328901694e+02
-2.6402197491651168e+02
-3.0800035887197350e+02
-3.5200990904283333e+02
-3.9600502482606549e+02
-4.4000255046162658e+02
-3.9600000037454413e+02
-3.5200484461660227e+02
-3.0803167682371043e+02
-2.6400000001677603e+02
-2.1999033891818294e+02
-1.7600267679917778e+02
-1.3200000000340384e+02
-8.8000000000771252e+01
-4.4000000001110955e+01
-1.0742878903715796e-09
4.3999999998905146e+01
8.7999999998924721e+01
1.3197800835517214e+02
1.7599999998880321e+02
2.1999998327244742e+02
2.6397797492593753e+02
3.0799999998905008e+02
3.5199888430869424e+02
3.9599087500498155e+02
4.3999532015825991e+02
3.9599999966334269e+02
3.5199811227790849e+02
3.0797421509357781e+02
2.6399999998680494e+02
2.2000379612030173e+02
1.7598558677759780e+02
1.3199999999256573e+02
8.7992415801800206e+01
4.3999999996716944e+01
-3.8590916392358720e-10
-4.4000000001075300e+01
-8.8000000000993737e+01
-1.3202200836468916e+02
-1.7600000001106318e+02
-2.1999998328770698e+02
-2.6402197491418633e+02
-3.0800000001106895e+02
-3.5200001676501120e+02
-3.9602204189613076e+02
-4.4000924456293626e+02
-3.9600188572859918e+02
-3.5201652332913994e+02
-3.0805314065883994e+02
-2.6400000003964124e+02
-2.1996889304065084e+02
-1.7600000000746005e+02
-1.3200000000927449e+02
-8.8000000000725109e+01
-4.4000000000729877e+01
-6.0106753792245294e-10
4.3999999999322348e+01
8.7999999999290310e+01
1.3197800835562134e+02
1.7599999998918611e+02
2.1999998327268816e+02
2.6397797492597516e+02
3.0799999998905605e+02
3.5200001667502977e+02
3.9599986011345203e+02
4.3998966156968032e+02
3.9599911169452963e+02
3.5198655975158954e+02
3.0795198900874038e+02
2.6399999996380348e+02
2.2002604083066262e+02
1.7603009491501680e+02
1.3201214550204060e+02
8.8000000004082040e+01
4.3999999992071530e+01
-5.5285352580415242e-10
-4.4000000000613902e+01
-8.8000000000609148e+01
-1.3202200836430148e+02
-1.7600000001067721e+02
-2.1999998328716714e+02
-2.6402197491384032e+02
-3.0800000001069287e+02
-3.5200001676480287e+02
-3.9602204189628213e+02
-4.4000257488795660e+02
-3.9600687065666591e+02
-3.5203315458681152e+02
-3.0800000001782155e+02
-2.6398886249623865e+02
-2.1999972529187681e+02
-1.7600000000171576e+02
-1.3202226572036210e+02
-8.8000000012789215e+01
-4.3999743289890318e+01
-2.2242089614087997e-10
4.3999999998843350e+01
8.7999999999214594e+01
1.3197800835579284e+02
1.7599999998905398e+02
2.1999998327233192e+02
2.6397797492545095e+02
3.0799999998923658e+02
3.5200001667556063e+02
3.9597804170473410e+02
4.3999454149299868e+02
3.9599587542077325e+02
3.5197520152954291e+02
3.0799999998679789e+02
2.6400280940841560e+02
2.1998361307736286e+02
1.7599999999425751e+02
1.3199439005844414e+02
8.7999999995571784e+01
4.4000000000113793e+01
-9.5901132270107606e-10
-4.4000000000971845e+01
-8.8000000000964604e+01
-1.3202200836475060e+02
-1.7600000001110985e+02
-2.1999998328764516e+02
-2.6402197491420424e+02
-3.0800000001119338e+02
-3.5200001676542155e+02
-3.9602204189692526e+02
-4.4000065876766422e+02
-3.9601095978141859e+02
-3.5204324456343471e+02
-3.0800000002467368e+02
-2.6397878003354828e+02
-2.1997956785043112e+02
-1.7600234675613871e+02
-1.3200000000530622e+02
-8.8000000000913772e+01
-4.4000000001143860e+01
-1.1291159869684846e-09
4.3999999998844785e+01
8.7999999998841005e+01
1.3197800835526556e+02
1.7599999998879034e+02
2.1999998327208220e+02
2.6397797492533829e+02
3.0799999998877831e+02
3.5200001667490091e+02
3.9597804170370932e+02
4.3999758615759174e+02
3.9599265558183896e+02
3.5196571268239205e+02
3.0799999998097826e+02
2.6401230519793887e+02
2.2000261162456502e+02
1.7597090253230596e+02
1.3199999998429837e+02
8.8007110544668492e+01
4.3992217499218526e+01
-7.7922119829293936e-09
