0.0000000000000000e+00
-1.8587725300331075e-11
8.6574434861052237e-10
-8.8026394550750637e-03
8.2453956485920211e-09
5.2993090043763218e-06
-8.7920461549642007e-03
-1.9690082269133358e-04
-5.3868123625359088e-03
-2.7426851146882718e-03
-1.3974827264895595e-03
-2.7503120394456279e-08
-1.9389058675081659e-03
-1.2673984010200159e-02
1.2425571419227400e-08
3.8690491338487028e-03
-1.0615909916127620e-03
2.6462428677505604e-09
8.4381678546844007e-10
1.0129961722092148e-09
1.0702479040360413e-09
1.0771785588225167e-09
1.0611636919495104e-09
-8.7973602871694295e-03
8.3716511685673105e-09
-5.2594946435837323e-06
-8.8078840849519415e-03
8.5219134284815828e-09
-6.0634658195251657e-04
-4.9535570634051222e-03
-2.5314925321005825e-03
-2.6714840293564768e-08
-7.5529977435592017e-04
-1.0313667297923471e-02
1.0035860670251417e-08
1.5172370004237149e-03
-5.7672651169098513e-03
6.0419645675062303e-09
-3.0319040122499408e-03
3.0027417520624219e-09
6.8884586654406635e-10
1.2103934157099110e-09
1.3064365687999089e-09
-8.8026399709017957e-03
8.7169818726946758e-09
5.3005815061129664e-06
-8.7920439582087253e-03
8.6420290211581930e-09
-5.3044571498129179e-06
-8.8132632354432326e-03
-5.0338664913539216e-03
-7.5900828220555822e-04
-5.2827439902156294e-03
-1.8599798344084480e-02
2.0125959095408588e-08
9.7886624247536091e-03
1.5625814631261476e-09
4.5756946018090830e-09
1.4370328565077234e-09
1.4233942516014114e-09
1.5171565599208055e-09
1.4788092635404755e-09
1.4753474932104439e-09
-8.7973597313981203e-03
8.7937968185673483e-09
-5.2592174444932312e-06
-8.8078839899667569e-03
8.8776231482733216e-09
5.2559950579751944e-06
-7.5637998991736970e-05
-5.6144191953348159e-03
-3.5194661528907973e-04
-3.8904392139954467e-03
-1.6235180789650042e-02
1.7088346064260570e-08
7.4452859872013288e-03
6.0953543304025967e-03
-4.0550563829726003e-03
5.1831968404174326e-09
1.9237250259754466e-11
1.7128947534641436e-09
1.6820303025794489e-09
1.7115759064203438e-09
-8.8026395482214657e-03
9.1580007794531548e-09
5.3011052748308015e-06
-8.7920436105397345e-03
9.0708375905186161e-09
-5.3040480511833804e-06
-8.8132630703014574e-03
-1.4044135301717103e-03
-2.7566791259218343e-03
-1.2905129184565326e-02
1.2718655105270435e-08
4.0996962536567049e-03
-6.0079519240605896e-04
3.0647977355089344e-09
-8.1962097907240135e-03
8.2338925063391449e-09
-6.0676049298751358e-04
1.9554639143664218e-09
1.4799947770493040e-09
1.6893665751055760e-09
-8.7973594484958544e-03
9.0004350571331871e-09
-5.2591679170082314e-06
-8.8078839796298589e-03
9.1023216862192845e-09
5.2562330031188770e-06
-8.7868623995033934e-03
-2.9592445029866768e-03
-1.6430213213672264e-03
-9.1294319986035700e-03
8.4020161435958626e-09
3.3307767389153631e-04
-8.1355032815087058e-03
8.4536632205990151e-09
-6.6381877405366171e-04
1.8237288948309586e-09
1.5350177253437951e-09
1.5954608563369621e-09
1.6271420979723736e-09
1.5991406379506578e-09
-8.8026397075913285e-03
8.9550294763092884e-09
5.3009569373896653e-06
-8.7920436118520805e-03
8.8633289313608162e-09
-5.3043993155374557e-06
-8.8132635333128383e-03
-3.6055300144699097e-04
-4.3941666367371644e-03
-1.7222636382200330e-02
1.8563478453853457e-08
8.4149059407421511e-03
8.0273122409194181e-03
-1.1574827403989668e-03
4.9316435907041861e-09
1.2266710245301455e-09
1.3273512110154455e-09
1.3722929879620759e-09
1.3830851470574112e-09
1.2652688473514295e-09
-8.7973599634120318e-03
8.6058704657605124e-09
-5.2595197903281764e-06
-8.8078842767893226e-03
8.6212711661755511e-09
5.2556239321195393e-06
-8.7868632926006423e-03
-1.3070252140237591e-03
-2.9290192329662701e-03
-1.3354978940511651e-02
1.2857743446938648e-08
4.5607390070157685e-03
3.2192320795696518e-04
-1.2721717391764243e-02
1.4381896482735417e-08
3.9256579152457862e-03
-9.5006495935516966e-04
2.5703248062228088e-09
