2.9999999999999983e+02
2.9999999999999983e+02
2.9999999999999983e+02
2.9999999999999983e+02
2.9999999999999983e+02
2.9999999999999983e+02
2.9999999999999983e+02
3.0742872183032193e+02
3.4788174197055031e+02
3.8620013323091871e+02
4.2299953568753153e+02
3.7699884511411898e+02
3.5700346569864473e+02
3.5700346569864473e+02
3.5700346569864473e+02
3.5700346569864473e+02
3.5700346569864473e+02
3.5700346569864473e+02
3.5700346569864473e+02
3.5700346569864473e+02
3.5700346569864473e+02
3.5700346569864473e+02
3.5700346569864473e+02
3.5700346569864473e+02
3.5700346569864473e+02
3.5700346569864473e+02
3.5700346569864473e+02
3.5700346569864473e+02
3.7000084730320907e+02
4.1014044779879600e+02
4.4824465680180737e+02
4.0317678420558025e+02
3.9247657785075893e+02
3.9247657785075893e+02
3.9247657785075893e+02
3.9247657785075893e+02
3.9247657785075893e+02
3.9247657785075893e+02
3.9247657785075893e+02
3.9247657785075893e+02
3.9247657785075893e+02
3.9247657785075893e+02
3.9247657785075893e+02
3.9247657785075893e+02
3.9247657785075893e+02
3.9247657785075893e+02
3.9247657785075893e+02
3.9247657785075893e+02
3.9247657785075893e+02
3.9247657785075893e+02
4.2994522272873007e+02
4.0112318820721384e+02
4.0112318820721384e+02
4.0112318820721384e+02
4.0112318820721384e+02
4.0112318820721384e+02
4.0112318820721384e+02
4.0112318820721384e+02
4.0112318820721384e+02
4.0112318820721384e+02
4.0112318820721384e+02
4.0112318820721384e+02
4.0112318820721384e+02
4.0112318820721384e+02
4.0112318820721384e+02
4.0112318820721384e+02
4.0112318820721384e+02
4.0112318820721384e+02
4.0112318820721384e+02
4.0570637118265887e+02
4.4630736387699301e+02
4.1236388844617676e+02
4.1236388844617676e+02
4.1236388844617676e+02
4.1236388844617676e+02
4.1236388844617676e+02
4.1236388844617676e+02
4.1236388844617676e+02
4.1236388844617676e+02
4.1236388844617676e+02
4.1236388844617676e+02
4.1236388844617676e+02
4.1236388844617676e+02
4.1236388844617676e+02
4.1236388844617676e+02
4.1236388844617676e+02
4.1236388844617676e+02
4.1236388844617676e+02
4.1236388844617676e+02
4.1236388844617676e+02
4.3216585443337192e+02
4.1693357290476018e+02
4.1693357290476018e+02
4.1693357290476018e+02
4.1693357290476018e+02
4.1693357290476018e+02
4.1693357290476018e+02
4.1693357290476018e+02
4.1693357290476018e+02
4.1693357290476018e+02
4.1693357290476018e+02
4.1693357290476018e+02
4.1693357290476018e+02
4.1693357290476018e+02
4.1693357290476018e+02
4.1693357290476018e+02
4.1693357290476018e+02
4.1693357290476018e+02
4.1693357290476018e+02
4.1693357290476018e+02
4.4562572793041431e+02
4.2355483944914198e+02
4.2355483944914198e+02
4.2355483944914198e+02
4.2355483944914198e+02
4.2355483944914198e+02
4.2355483944914198e+02
4.2355483944914198e+02
4.2355483944914198e+02
4.2355483944914198e+02
4.2355483944914198e+02
4.2355483944914198e+02
4.2355483944914198e+02
4.2355483944914198e+02
4.2355483944914198e+02
4.2355483944914198e+02
4.2355483944914198e+02
4.2355483944914198e+02
4.2355483944914198e+02
4.2355483944914198e+02
4.3359941162370365e+02
4.2587281764327179e+02
4.2587281764327179e+02
4.2587281764327179e+02
4.2587281764327179e+02
4.2587281764327179e+02
4.2587281764327179e+02
4.2587281764327179e+02
4.2587281764327179e+02
4.2587281764327179e+02
4.2587281764327179e+02
4.2587281764327179e+02
4.2587281764327179e+02
4.2587281764327179e+02
4.2587281764327179e+02
4.2587281764327179e+02
4.2587281764327179e+02
4.2587281764327179e+02
4.2587281764327179e+02
4.2587281764327179e+02
4.4493356819300232e+02
4.3027145238551719e+02
4.3027145238551719e+02
4.3027145238551719e+02
4.3027145238551719e+02
4.3027145238551719e+02
4.3027145238551719e+02
4.3027145238551719e+02
4.3027145238551719e+02
4.3027145238551719e+02
4.3027145238551719e+02
