0.0000000000000000e+00
5.0535810150800434e-11
7.9867001703737321e-10
-8.8026395317879636e-03
8.1494034044474758e-09
5.2992053962227998e-06
-8.7920462722918952e-03
-1.9690089217151339e-04
-5.3868124356485983e-03
-2.7426852163723800e-03
-1.3974827953283477e-03
-2.7584340478920548e-08
-1.9389058971438096e-03
-1.2673984011071801e-02
1.2322889073879023e-08
3.8690489906243880e-03
-1.0615911317031104e-03
2.5792227647828361e-09
7.9773689587470834e-10
9.9742516044174411e-10
9.1444749551899554e-10
9.6368582749157918e-10
9.7001435431017573e-10
-8.7973603752935850e-03
8.2954609879125459e-09
-5.2595660622265817e-06
-8.8078841987966616e-03
8.5090868216801572e-09
-6.0634661738392080e-04
-4.9535570810309258e-03
-2.5314925779089462e-03
-2.6740131669256933e-08
-7.5529977286548501e-04
-1.0313667314795692e-02
1.0054364938476517e-08
1.5172370364511766e-03
-5.7672650708370157e-03
6.0929581117151922e-09
-3.0319040847362685e-03
2.9388298416123181e-09
5.7950946201493708e-10
1.1043237395790270e-09
1.1538895156192411e-09
-8.8026400987767581e-03
8.5084453069999519e-09
5.3003436810687133e-06
-8.7920442930397632e-03
8.4291578178919973e-09
-5.3044725123647087e-06
-8.8132631902266036e-03
-5.0338665977575541e-03
-7.5900838933008242e-04
-5.2827440857182821e-03
-1.8599798485342215e-02
2.0088179271757060e-08
9.7886625502030082e-03
1.4904017438639857e-09
4.4129854242297024e-09
1.3176314516387788e-09
1.3170222401169742e-09
1.3970331369171988e-09
1.4185623485549565e-09
1.3881963454262399e-09
-8.7973598881470969e-03
8.6509845594398266e-09
-5.2593777310252829e-06
-8.8078841241340626e-03
8.6623117862406200e-09
5.2557428153229240e-06
-7.5638236791960683e-05
-5.6144194155349813e-03
-3.5194677490318557e-04
-3.8904393932775176e-03
-1.6235180958411501e-02
1.6852410986135334e-08
7.4452856565465032e-03
6.0953538676783419e-03
-4.0550569303371281e-03
4.9583996672097942e-09
-2.0880191608537718e-10
1.4821993966115191e-09
1.4198493301283293e-09
1.4624181767756985e-09
-8.8026397821564361e-03
8.8758909932826825e-09
5.3007409602506720e-06
-8.7920440062742352e-03
8.7578662019667312e-09
-5.3041872945022192e-06
-8.8132631755981940e-03
-1.4044139017137631e-03
-2.7566795149285553e-03
-1.2905129555944788e-02
1.2334255938630951e-08
4.0996958348726315e-03
-6.0079562864251987e-04
2.6065908176849007e-09
-8.1962102463163551e-03
7.8482513049543313e-09
-6.0676081444586234e-04
1.5764012197899237e-09
1.1070039275242219e-09
1.3494699940393395e-09
-8.7973597744380305e-03
8.6466677491941329e-09
-5.2594605645419011e-06
-8.8078842949310693e-03
8.8034931929866097e-09
5.2559593308093779e-06
-8.7868627417206201e-03
-2.9592448458925862e-03
-1.6430216320049544e-03
-9.1294323543256763e-03
8.1195824808957014e-09
3.3307747652033543e-04
-8.1355034464402880e-03
8.1139264837440949e-09
-6.6381925280874882e-04
1.4596949250040681e-09
1.1335324493747003e-09
1.2214306407422827e-09
1.1981369590418096e-09
1.2098361483422900e-09
-8.8026400841349772e-03
8.6146725699229962e-09
5.3006129964031130e-06
-8.7920440225245696e-03
8.5665249845924780e-09
-5.3046963327212588e-06
-8.8132637842219790e-03
-3.6055334992451981e-04
-4.3941670411439667e-03
-1.7222636873660276e-02
1.8119775036036676e-08
8.4149055310395147e-03
8.0273118423003671e-03
-1.1574830481012792e-03
4.4322352462073464e-09
8.2837421790742008e-10
1.0013703032655098e-09
1.0251979775383695e-09
1.0662711995774386e-09
9.6088344981163728e-10
-8.7973602836263435e-03
8.3264659675738641e-09
-5.2598722188823797e-06
-8.8078846788034529e-03
8.2268017701836175e-09
5.2552573267703094e-06
-8.7868636715428532e-03
-1.3070255351412432e-03
-2.9290195787982638e-03
-1.3354979211390198e-02
1.2611203755336514e-08
4.5607387096483010e-03
3.2192284851099344e-04
-1.2721717776515640e-02
1.4121946034663980e-08
3.9256577949734065e-03
-9.5006488634946803e-04
2.4052556996757042e-09
