0.0000000000000000e+00
0.0000000000000000e+00
0.0000000000000000e+00
0.0000000000000000e+00
0.0000000000000000e+00
0.0000000000000000e+00
0.0000000000000000e+00
0.0000000000000000e+00
-9.4127315329710015e+00
-3.1738768707218608e+01
-5.4537029658594314e+01
-5.4537029658594314e+01
-5.4537029658594314e+01
-5.4537029658594342e+01
-5.4537029658594342e+01
-5.4537029658594342e+01
-5.4537029658594342e+01
-5.4537029658594342e+01
-5.4537029658594342e+01
-5.4537029658594342e+01
-5.4537029658594342e+01
-5.4537029658594342e+01
-5.4537029658594342e+01
-5.4537029658594342e+01
-5.4537029658594342e+01
-5.4537029658594342e+01
-3.5068556759863803e+01
-1.3632468899571764e+01
8.7387597648846125e+00
3.1557259137711771e+01
5.4563227263738767e+01
5.4563227263738767e+01
5.4563227263738767e+01
5.4563227263738732e+01
5.4563227263738732e+01
5.4563227263738739e+01
5.4563227263738739e+01
5.4563227263738739e+01
5.4563227263738753e+01
5.4563227263738753e+01
5.4563227263738753e+01
5.4563227263738753e+01
5.4563227263738753e+01
5.4563227263738753e+01
5.4563227263738753e+01
5.3934346049059911e+01
3.4534306431399926e+01
1.3390199299024513e+01
-8.8226441014458565e+00
-3.1569674851020427e+01
-5.4548531257023498e+01
-5.4548531257023498e+01
-5.4548531257023498e+01
-5.4548531257023498e+01
-5.4548531257023498e+01
-5.4548531257023498e+01
-5.4548531257023498e+01
-5.4548531257023498e+01
-5.4548531257023498e+01
-5.4548531257023498e+01
-5.4548531257023498e+01
-5.4548531257023498e+01
-5.4548531257023498e+01
-5.4548531257023498e+01
-5.4548531257023498e+01
-5.4109807312318452e+01
-3.4630869568938550e+01
-1.3433801737004725e+01
8.8071403678160394e+00
3.1567101683344070e+01
5.4550929600751367e+01
5.4550929600751367e+01
5.4550929600751367e+01
5.4550929600751367e+01
5.4550929600751367e+01
5.4550929600751367e+01
5.4550929600751374e+01
5.4550929600751374e+01
5.4550929600751374e+01
5.4550929600751388e+01
5.4550929600751388e+01
5.4550929600751388e+01
5.4550929600751388e+01
5.4550929600751367e+01
5.4550929600751367e+01
5.4079087850340123e+01
3.4614106174309185e+01
1.3426713465178917e+01
-8.8094242684628661e+00
-3.1567294741276150e+01
-5.4550365058100780e+01
-5.4550365058100780e+01
-5.4550365058100780e+01
-5.4550365058100780e+01
-5.4550365058100780e+01
-5.4550365058100780e+01
-5.4550365058100780e+01
-5.4550365058100780e+01
-5.4550365058100780e+01
-5.4550365058100780e+01
-5.4550365058100780e+01
-5.4550365058100780e+01
-5.4550365058100780e+01
-5.4550365058100780e+01
-5.4550365058100780e+01
-5.4084418206996553e+01
-3.4616927834230559e+01
-1.3427445969441520e+01
8.8094276906608009e+00
3.1567500798930983e+01
5.4550597709133939e+01
5.4550597709133939e+01
5.4550597709133939e+01
5.4550597709133925e+01
5.4550597709133925e+01
5.4550597709133925e+01
5.4550597709133925e+01
5.4550597709133925e+01
5.4550597709133896e+01
5.4550597709133854e+01
5.4550597709133854e+01
5.4550597709133854e+01
5.4550597709133854e+01
5.4550597709133811e+01
5.4550597709133811e+01
5.4083551467852033e+01
3.4616559050267227e+01
1.3427832318182277e+01
-8.8090213387182494e+00
-3.1567224136289894e+01
-5.4550423167404922e+01
-5.4550423167404922e+01
-5.4550423167404922e+01
-5.4550423167404922e+01
-5.4550423167404922e+01
-5.4550423167404922e+01
-5.4550423167404922e+01
-5.4550423167404922e+01
-5.4550423167404922e+01
-5.4550423167404922e+01
-5.4550423167404922e+01
-5.4550423167404922e+01
-5.4550423167404922e+01
-5.4550423167404922e+01
-5.4550423167404922e+01
-5.4083633835208900e+01
-3.4616496870374888e+01
-1.3427249392596355e+01
8.8094985019516088e+00
3.1567513215676716e+01
5.4550587504008469e+01
5.4550587504008469e+01
5.4550587504008476e+01
5.4550587504008476e+01
5.4550587504008490e+01
5.4550587504008490e+01
5.4550587504008490e+01
5.4550587504008490e+01
5.4550587504008519e+01
5.4550587504008519e+01
5.4550587504008519e+01
