0.0000000000000000e+00
0.0000000000000000e+00
0.0000000000000000e+00
0.0000000000000000e+00
0.0000000000000000e+00
0.0000000000000000e+00
0.0000000000000000e+00
0.0000000000000000e+00
6.9895294895143891e+00
2.4665593566485647e+01
4.3547764757213457e+01
4.3547764757213457e+01
4.3547764757213443e+01
4.3547764757213443e+01
4.3547764757213450e+01
4.3547764757213450e+01
4.3547764757213450e+01
4.3547764757213450e+01
4.3547764757213450e+01
4.3547764757213450e+01
4.3547764757213464e+01
4.3547764757213464e+01
4.3547764757213436e+01
4.3547764757213450e+01
4.3547764757213429e+01
4.3547764757213415e+01
3.0253413623154184e+01
1.4270394622621158e+01
-3.4938121565992653e+00
-2.2432063817563225e+01
-4.2120797883084578e+01
-4.2120797883084578e+01
-4.2120797883084578e+01
-4.2120797883084578e+01
-4.2120797883084578e+01
-4.2120797883084578e+01
-4.2120797883084578e+01
-4.2120797883084578e+01
-4.2120797883084578e+01
-4.2120797883084578e+01
-4.2120797883084578e+01
-4.2120797883084578e+01
-4.2120797883084578e+01
-4.2120797883084578e+01
-4.2120797883084578e+01
-4.1752140193955569e+01
-2.8816696886198702e+01
-1.3321267851254676e+01
4.1023892874256003e+00
2.2820522433786412e+01
4.2370075503097496e+01
4.2370075503097496e+01
4.2370075503097496e+01
4.2370075503097496e+01
4.2370075503097468e+01
4.2370075503097468e+01
4.2370075503097475e+01
4.2370075503097475e+01
4.2370075503097475e+01
4.2370075503097468e+01
4.2370075503097453e+01
4.2370075503097453e+01
4.2370075503097432e+01
4.2370075503097418e+01
4.2370075503097439e+01
4.2111438881135889e+01
2.9069234732546800e+01
1.3487906636554335e+01
-3.9952903942491300e+00
-2.2752172712859426e+01
-4.2326248011652226e+01
-4.2326248011652226e+01
-4.2326248011652226e+01
-4.2326248011652226e+01
-4.2326248011652226e+01
-4.2326248011652226e+01
-4.2326248011652226e+01
-4.2326248011652226e+01
-4.2326248011652226e+01
-4.2326248011652226e+01
-4.2326248011652226e+01
-4.2326248011652226e+01
-4.2326248011652226e+01
-4.2326248011652226e+01
-4.2326248011652226e+01
-4.2048362417080270e+01
-2.9025032626930823e+01
-1.3459151766367071e+01
4.0136561689567820e+00
2.2763880144717003e+01
4.2333758110824178e+01
4.2333758110824178e+01
4.2333758110824178e+01
4.2333758110824178e+01
4.2333758110824192e+01
4.2333758110824206e+01
4.2333758110824206e+01
4.2333758110824206e+01
4.2333758110824206e+01
4.2333758110824178e+01
4.2333758110824192e+01
4.2333758110824192e+01
4.2333758110824178e+01
4.2333758110824178e+01
4.2333758110824164e+01
4.2059297239491769e+01
2.9032622885502946e+01
1.3463695735704320e+01
-4.0108667632521602e+00
-2.2762115961385593e+01
-4.2332624402650175e+01
-4.2332624402650175e+01
-4.2332624402650175e+01
-4.2332624402650175e+01
-4.2332624402650175e+01
-4.2332624402650175e+01
-4.2332624402650175e+01
-4.2332624402650175e+01
-4.2332624402650175e+01
-4.2332624402650175e+01
-4.2332624402650175e+01
-4.2332624402650175e+01
-4.2332624402650175e+01
-4.2332624402650175e+01
-4.2332624402650175e+01
-4.2057523600167016e+01
-2.9031467165141791e+01
-1.3463407368633641e+01
4.0109182849668077e+00
2.2762132445484895e+01
4.2332637387125821e+01
4.2332637387125814e+01
4.2332637387125814e+01
4.2332637387125814e+01
4.2332637387125814e+01
4.2332637387125814e+01
4.2332637387125828e+01
4.2332637387125814e+01
4.2332637387125814e+01
4.2332637387125800e+01
4.2332637387125807e+01
4.2332637387125807e+01
4.2332637387125786e+01
4.2332637387125772e+01
4.2332637387125772e+01
4.2057687194313658e+01
2.9031492108909152e+01
1.3462947876952974e+01
-4.0113479298095767e+00
-2.2762423116633020e+01
-4.2332821370026480e+01
-4.2332821370026480e+01
-4.2332821370026480e+01
-4.2332821370026480e+01
-4.2332821370026480e+01
-4.2332821370026480e+01
-4.2332821370026480e+01
-4.2332821370026480e+01
-4.2332821370026480e+01
-4.2332821370026480e+01
-4.2332821370026480e+01
