0.0000000000000000e+00
0.0000000000000000e+00
0.0000000000000000e+00
0.0000000000000000e+00
0.0000000000000000e+00
0.0000000000000000e+00
0.0000000000000000e+00
0.0000000000000000e+00
2.4232020434566159e+00
7.0731751407329595e+00
1.0989264901380805e+01
1.0989264901380805e+01
1.0989264901380805e+01
1.0989264901380805e+01
1.0989264901380805e+01
1.0989264901380805e+01
1.0989264901380805e+01
1.0989264901380805e+01
1.0989264901380805e+01
1.0989264901380805e+01
1.0989264901380805e+01
1.0989264901380805e+01
1.0989264901380805e+01
1.0989264901380805e+01
1.0989264901380805e+01
1.0989264901380805e+01
4.8151431367095068e+00
-6.3792572304950546e-01
-5.2449476082854529e+00
-9.1251953201486362e+00
-1.2442429380654293e+01
-1.2442429380654293e+01
-1.2442429380654293e+01
-1.2442429380654293e+01
-1.2442429380654293e+01
-1.2442429380654293e+01
-1.2442429380654293e+01
-1.2442429380654293e+01
-1.2442429380654293e+01
-1.2442429380654293e+01
-1.2442429380654293e+01
-1.2442429380654293e+01
-1.2442429380654293e+01
-1.2442429380654293e+01
-1.2442429380654293e+01
-1.2182205855104455e+01
-5.7176095452013405e+00
-6.8931447769945739e-02
4.7202548140201488e+00
8.7491524172339066e+00
1.2178455753925896e+01
1.2178455753925896e+01
1.2178455753925896e+01
1.2178455753925896e+01
1.2178455753925896e+01
1.2178455753925896e+01
1.2178455753925896e+01
1.2178455753925896e+01
1.2178455753925896e+01
1.2178455753925896e+01
1.2178455753925896e+01
1.2178455753925896e+01
1.2178455753925896e+01
1.2178455753925896e+01
1.2178455753925896e+01
1.1998368431182362e+01
5.5616348363915691e+00
-5.4104899549799947e-02
-4.8118499735671101e+00
-8.8149289704848410e+00
-1.2224681589099315e+01
-1.2224681589099315e+01
-1.2224681589099315e+01
-1.2224681589099315e+01
-1.2224681589099315e+01
-1.2224681589099315e+01
-1.2224681589099315e+01
-1.2224681589099315e+01
-1.2224681589099315e+01
-1.2224681589099315e+01
-1.2224681589099315e+01
-1.2224681589099315e+01
-1.2224681589099315e+01
-1.2224681589099315e+01
-1.2224681589099315e+01
-1.2030725433260056e+01
-5.5890735473785860e+00
3.2438301187941880e-02
4.7957680995058878e+00
8.8034145965589801e+00
1.2216606947276432e+01
1.2216606947276432e+01
1.2216606947276432e+01
1.2216606947276432e+01
1.2216606947276432e+01
1.2216606947276432e+01
1.2216606947276432e+01
1.2216606947276432e+01
1.2216606947276432e+01
1.2216606947276432e+01
1.2216606947276432e+01
1.2216606947276432e+01
1.2216606947276432e+01
1.2216606947276432e+01
1.2216606947276432e+01
1.2025120967504646e+01
5.5843049487274783e+00
-3.6249766262955667e-02
-4.7985609274087988e+00
-8.8053848375455406e+00
-1.2217973306483916e+01
-1.2217973306483916e+01
-1.2217973306483916e+01
-1.2217973306483916e+01
-1.2217973306483916e+01
-1.2217973306483916e+01
-1.2217973306483916e+01
-1.2217973306483916e+01
-1.2217973306483916e+01
-1.2217973306483916e+01
-1.2217973306483916e+01
-1.2217973306483916e+01
-1.2217973306483916e+01
-1.2217973306483916e+01
-1.2217973306483916e+01
-1.2026027867685283e+01
-5.5850918851257090e+00
3.5575050451111756e-02
4.7981030537511868e+00
8.8050916908047636e+00
1.2217785780278863e+01
1.2217785780278863e+01
1.2217785780278863e+01
1.2217785780278863e+01
1.2217785780278863e+01
1.2217785780278863e+01
1.2217785780278863e+01
1.2217785780278863e+01
1.2217785780278863e+01
1.2217785780278863e+01
1.2217785780278863e+01
1.2217785780278863e+01
1.2217785780278863e+01
1.2217785780278863e+01
1.2217785780278863e+01
1.2025946640894976e+01
5.5850047614654486e+00
-3.5698484356914834e-02
-4.7981505721423394e+00
-8.8050900990440208e+00
-1.2217766133982309e+01
-1.2217766133982309e+01
-1.2217766133982309e+01
-1.2217766133982309e+01
-1.2217766133982309e+01
-1.2217766133982309e+01
-1.2217766133982309e+01
-1.2217766133982309e+01
-1.2217766133982309e+01
-1.2217766133982309e+01
-1.2217766133982309e+01
