0.0000000000000000e+00
-3.7500000000931493e-04
-7.5000000001074403e-04
-1.1251406777682627e-03
-1.5000000000956158e-03
-1.8749998946307562e-03
-2.2501404668434414e-03
-2.6254218223198695e-03
-3.3302589921398130e-03
-4.4988924376776988e-03
-5.6921121873630886e-03
-5.3171142535762151e-03
-4.9422568905271632e-03
-4.5675399928676360e-03
-4.1921142541941400e-03
-3.8168294071132562e-03
-3.4421142538818162e-03
-3.0671142538622113e-03
-2.6922548261299291e-03
-2.3171142538403406e-03
-1.9421143592270500e-03
-1.5671142537561538e-03
-1.1921142537560580e-03
-8.1725482604268717e-04
-4.4211425384077367e-04
-6.7114359316458296e-05
9.8004187650406016e-04
2.1077490013463283e-03
3.2785235227207102e-03
4.4728476059826047e-03
5.6794733611451303e-03
5.3044732471209692e-03
4.9293324552553922e-03
4.5540508799613594e-03
4.1794732465793676e-03
3.8047552522166008e-03
3.4294732468616472e-03
3.0544732468561573e-03
2.6793325690948667e-03
2.3044732468510960e-03
1.9294733523992466e-03
1.5544732469362390e-03
1.1794732469358937e-03
8.0433256917947964e-04
4.2947324685107255e-04
3.3344332308573601e-05
-1.0085353279632278e-03
-2.1234561308545951e-03
-3.2865831674966242e-03
-4.4768368403908989e-03
-5.6813961505609006e-03
-5.3063968992687104e-03
-4.9315382197024481e-03
-4.5568200065127440e-03
-4.1813968998557511e-03
-3.8061146828160071e-03
-3.4313968995585689e-03
-3.0563968995506886e-03
-2.6815374718286850e-03
-2.3063968995414444e-03
-1.9313970049303518e-03
-1.5563968994567606e-03
-1.1813968994569370e-03
-8.0653747174439590e-04
-4.3139689954199028e-04
-4.1640237674188376e-05
1.0034508958162974e-03
2.1206697380139038e-03
3.2851447459693222e-03
4.4761248701048906e-03
5.6810535311999279e-03
5.3060534703028069e-03
4.9309127316043812e-03
4.5556312095169256e-03
4.1810534697662126e-03
3.8063353689548047e-03
3.4310534700468585e-03
3.0560534700400177e-03
2.6809127922777080e-03
2.3060534700336467e-03
1.9310535755824591e-03
1.5560534701187204e-03
1.1810534701186131e-03
8.0591279236272913e-04
4.3105347003338053e-04
4.0185800718676729e-05
-1.0043372821295958e-03
-2.1211387960003163e-03
-3.2853801545277206e-03
-4.4762390026475626e-03
-5.6811072718175471e-03
-5.3061079993721900e-03
-4.9312492986686128e-03
-4.5565310643577439e-03
-4.1811079999567787e-03
-3.8058258251425850e-03
-3.4311079996607510e-03
-3.0561079996516980e-03
-2.6812485719296566e-03
-2.3061079996427665e-03
-1.9311081050328418e-03
-1.5561079995582495e-03
-1.1811079995582808e-03
-8.0624857184519324e-04
-4.3110799964297042e-04
-4.0438279877069709e-05
1.0041863331161963e-03
2.1210750601216941e-03
3.2853549869812839e-03
4.4762292927520569e-03
5.6811039733198889e-03
5.3061039145159477e-03
4.9309631779125623e-03
4.5556816579215304e-03
4.1811039139790177e-03
3.8063858089734479e-03
3.4311039142610397e-03
3.0561039142547246e-03
2.6809632364918935e-03
2.3061039142479580e-03
1.9311040197968557e-03
1.5561039143330818e-03
1.1811039143326965e-03
8.0596323657690177e-04
4.3110391424786303e-04
4.0397059289268339e-05
-1.0042079554892483e-03
-2.1210675021128451e-03
-3.2853431747170651e-03
-4.4762206359562941e-03
-5.6810983999955366e-03
-5.3060991269119791e-03
-4.9312404255707799e-03
-4.5565221906220081e-03
-4.1810991274985679e-03
-3.8058169539608704e-03
-3.4310991272021667e-03
-3.0560991271940830e-03
-2.6812396994721614e-03
-2.3060991271849061e-03
-1.9310992325744741e-03
-1.5560991271004886e-03
-1.1810991270997113e-03
-8.0623969938675873e-04
-4.3109912718513417e-04
-4.0401155257031361e-05
1.0042090578037501e-03
2.1210875873077760e-03
3.2853614858156851e-03
4.4762325209186504e-03
5.6811055328046542e-03
5.3061054740665727e-03
4.9309647375284016e-03
4.5556832176030194e-03
4.1811054735292723e-03
3.8063873683917291e-03
3.4311054738104035e-03
3.0561054738035484e-03
2.6809647960405339e-03
2.3061054737970894e-03
1.9311055793448202e-03
