0.0000000000000000e+00
1.2500000000434684e-04
2.5000000000894467e-04
3.7498437696651261e-04
5.0000000007987709e-04
6.2499999624126461e-04
7.4998436935638877e-04
8.7495312333041937e-04
1.2848207486207339e-03
2.1162681303109393e-03
2.9860353317456749e-03
2.8610655371089670e-03
2.7360801230705296e-03
2.6110790857253696e-03
2.4860655371194626e-03
2.3610363581720258e-03
2.2360655368890421e-03
2.1110655369112061e-03
1.9860499099785297e-03
1.8610655369273865e-03
1.7360655408294281e-03
1.6110655368550507e-03
1.4860655368550090e-03
1.3610499099014203e-03
1.2360655369264071e-03
1.1110655409042052e-03
4.2973176690954741e-04
-3.4558629819480240e-04
-1.1801158264110969e-03
-2.0517282509385022e-03
-2.9461703646947402e-03
-2.8211776957739985e-03
-2.6962006480687382e-03
-2.5712392176738177e-03
-2.4461776957268458e-03
-2.3211318122078779e-03
-2.1961776959713501e-03
-2.0711776959747414e-03
-1.9461933190255886e-03
-1.8211776959793078e-03
-1.6961776998854683e-03
-1.5711776960508482e-03
-1.4461776960508100e-03
-1.3211933190971292e-03
-1.1961776959793422e-03
-1.0549493910131619e-03
-3.8431853053905846e-04
3.7454535799200128e-04
1.1979873107705839e-03
2.0627570619376891e-03
2.9530381573837933e-03
2.8280508543208436e-03
2.7030479274795611e-03
2.5780293729521092e-03
2.4530508543596161e-03
2.3280567141853426e-03
2.2030508541244593e-03
2.0780508541314901e-03
1.9530352271858336e-03
1.8280508541383953e-03
1.7030508580444612e-03
1.5780508540674085e-03
1.4530508540675704e-03
1.3280352271141129e-03
1.2030508541390368e-03
1.0666808621940505e-03
3.9232553743569730e-04
-3.6947551291579932e-04
-1.1948452245077075e-03
-2.0608180014261169e-03
-2.9518316221402727e-03
-2.8268406900494648e-03
-2.7018653787397985e-03
-2.5769056843059964e-03
-2.4518406900003596e-03
-2.3267913349913163e-03
-2.2018406902458445e-03
-2.0768406902508291e-03
-1.9518563133020467e-03
-1.8268406902559630e-03
-1.7018406941609930e-03
-1.5768406903273785e-03
-1.4518406903275870e-03
-1.3268563133743516e-03
-1.2018406902564299e-03
-1.0646218064457634e-03
-3.9092859911915150e-04
3.7033165413298481e-04
1.1953710760370872e-03
2.0611428418059016e-03
2.9520343184633669e-03
2.8270466195477986e-03
2.7020432967550002e-03
2.5770243461769923e-03
2.4520466195875699e-03
2.3270532716133420e-03
2.2020466193524522e-03
2.0770466193594656e-03
1.9520309924130029e-03
1.8270466193665770e-03
1.7020466232741535e-03
1.5770466192959979e-03
1.4520466192954405e-03
1.3270309923416749e-03
1.2020466193668638e-03
1.0649785699478333e-03
3.9116471900477916e-04
-3.7021489966144962e-04
-1.1953042129705536e-03
-2.0611012175297699e-03
-2.9520077891340749e-03
-2.8270169145626369e-03
-2.7020416607570642e-03
-2.5770820238134912e-03
-2.4520169145124220e-03
-2.3269674445363549e-03
-2.2020169147575525e-03
-2.0770169147616628e-03
-1.9520325378138892e-03
-1.8270169147674719e-03
-1.7020169186721945e-03
-1.5770169148381970e-03
-1.4520169148385777e-03
-1.3270325378857942e-03
-1.2020169147671225e-03
-1.0649209009987433e-03
-3.9113264252592324e-04
3.7020168033976718e-04
1.1952903972218389e-03
2.0610930612119135e-03
2.9520033549778231e-03
2.8270156439694715e-03
2.7020123090801752e-03
2.5769933464044972e-03
2.4520156440081802e-03
2.3270223202329489e-03
2.2020156437722654e-03
2.0770156437797719e-03
1.9520000168332919e-03
1.8270156437859351e-03
1.7020156476922994e-03
1.5770156437148889e-03
1.4520156437152136e-03
1.3270000167623190e-03
1.2020156437870301e-03
1.0649260046272301e-03
3.9112886303807045e-04
-3.7023774119791927e-04
-1.1953183929133003e-03
-2.0611099671250044e-03
-2.9520132313889998e-03
-2.8270223585978149e-03
-2.7020471065722280e-03
-2.5770874714087298e-03
-2.4520223585475240e-03
-2.3269728850135183e-03
-2.2020223587939820e-03
-2.0770223587977974e-03
-1.9520379818492380e-03
-1.8270223588029888e-03
-1.7020223627088403e-03
