0.0000000000000000e+00
-3.1908261921638684e-30
-1.5165928555044070e-16
-1.5165928555039164e-16
4.1434087356339499e-16
4.1434087356346352e-16
2.6268158801306371e-16
4.1434087356345035e-16
1.1102230246255724e-16
7.0677079786307363e-16
7.0677079786304385e-16
7.3651913414970926e-16
6.2549683168717102e-16
4.7383754613674430e-16
4.7383754613683728e-16
4.7383754613709879e-16
4.7383754613687268e-16
4.7383754613679202e-16
4.7383754613676441e-16
4.7383754613683295e-16
1.0804746883387719e-15
9.1792675598695127e-16
7.6626747043659032e-16
9.1792675598698362e-16
9.1792675598702405e-16
9.1792675598685444e-16
9.2881540278874677e-16
7.7715611723655862e-16
6.6613381477486348e-16
6.6613381477488231e-16
6.6613381477492008e-16
6.6613381477499206e-16
6.6613381477503644e-16
8.1779310032550635e-16
8.4754143661203489e-16
8.4754143661176007e-16
8.0690445352408300e-16
8.0690445352414907e-16
6.5524516797377441e-16
6.5524516797376652e-16
6.5524516797373585e-16
6.5524516797370262e-16
8.0690445352423870e-16
7.6626747043642269e-16
7.6626747043625407e-16
7.6626747043575748e-16
7.6626747043617804e-16
7.6626747043658480e-16
8.0690445352430388e-16
8.0690445352422480e-16
1.0695860415372158e-15
1.0695860415372195e-15
1.4839269151006072e-15
1.6355862006510744e-15
1.6762231837389327e-15
1.6762231837388641e-15
2.2422233428527811e-15
1.9497934185531501e-15
1.9389047717519117e-15
2.3126086622273288e-15
2.3532456453150649e-15
2.3423569985139472e-15
2.3829939816019511e-15
2.3423569985142249e-15
2.2313346960513866e-15
2.0796754105006387e-15
1.9280161249510481e-15
2.5346532671513804e-15
2.4940162840643070e-15
2.4940162840643551e-15
2.4940162840643574e-15
2.4940162840643772e-15
2.3829939816018457e-15
2.6863125527027029e-15
2.5346532671522059e-15
2.5346532671522031e-15
2.5346532671522355e-15
2.3829939816018252e-15
2.3829939816018935e-15
2.3829939816017428e-15
2.4236309646896047e-15
2.4533793009763840e-15
2.6050385865267796e-15
2.4940162840641480e-15
2.3017200154261271e-15
2.3423569985160846e-15
2.3314683517128031e-15
2.3314683517127826e-15
1.9171274781492693e-15
2.3205797049114673e-15
2.8756912172241588e-15
3.4416913763379379e-15
3.4416913763378831e-15
2.8756912172240464e-15
2.8648025704228857e-15
2.8648025704230742e-15
2.7131432848724076e-15
2.7131432848724005e-15
2.8648025704228171e-15
3.2791434439860921e-15
3.2791434439861016e-15
3.2791434439862033e-15
3.2900320907877588e-15
3.2493951076999896e-15
3.2493951076995802e-15
3.8153952668099795e-15
3.8153952668143419e-15
3.7341213006357783e-15
3.7747582837253611e-15
3.7747582837252482e-15
3.7747582837252885e-15
3.7747582837252396e-15
4.2297361403765918e-15
4.2297361403765918e-15
4.2297361403766108e-15
4.8363732825784829e-15
4.7957362994903012e-15
4.8363732825782581e-15
3.9968028886500760e-15
3.9968028886504223e-15
3.9968028886508089e-15
3.9155289224743933e-15
3.9155289224741701e-15
3.9561659055618091e-15
4.1078251911121341e-15
4.2703731234615692e-15
4.1999878040878995e-15
4.0483285185419858e-15
4.0483285185403379e-15
4.0889655016278025e-15
4.0998541484290811e-15
3.9075578797907092e-15
3.6448762917778401e-15
3.4932170062273805e-15
3.4932170062274602e-15
3.5338539893155540e-15
3.3821947037649781e-15
3.3821947037648538e-15
3.3821947037649414e-15
3.3821947037649568e-15
3.4337203336543390e-15
3.4337203336543501e-15
3.4743573167422230e-15
3.5041056530287960e-15
3.5338539893153169e-15
3.4932170062254297e-15
3.4932170062280933e-15
3.4932170062264307e-15
3.6448762917774031e-15
3.6448762917774827e-15
3.6448762917774685e-15
3.6448762917774031e-15
3.6448762917774315e-15
3.6448762917774638e-15
3.6042393086892687e-15
3.4525800231385050e-15
3.4525800231387969e-15
3.6448762917771995e-15
3.6448762917771554e-15
3.5636023256012754e-15
2.9976021664874545e-15
