0.0000000000000000e+00
0.0000000000000000e+00
0.0000000000000000e+00
0.0000000000000000e+00
0.0000000000000000e+00
0.0000000000000000e+00
0.0000000000000000e+00
0.0000000000000000e+00
3.6656123150674406e-04
1.2500119023306411e-03
2.1642907422656471e-03
2.1642907422656471e-03
2.1642907422656471e-03
2.1642907422656471e-03
2.1642907422656471e-03
2.1642907422656471e-03
2.1642907422656471e-03
2.1642907422656471e-03
2.1642907422656471e-03
2.1642907422656471e-03
2.1642907422656471e-03
2.1642907422656471e-03
2.1642907422656471e-03
2.1642907422656471e-03
2.1642907422656471e-03
2.1642907422656471e-03
2.9104565595332839e-03
3.7460132896062056e-03
4.6319786344613994e-03
5.5476738682389594e-03
6.4803740111359634e-03
6.4803740111359634e-03
6.4803740111359634e-03
6.4803740111359634e-03
6.4803740111359634e-03
6.4803740111359634e-03
6.4803740111359634e-03
6.4803740111359634e-03
6.4803740111359634e-03
6.4803740111359634e-03
6.4803740111359634e-03
6.4803740111359634e-03
6.4803740111359634e-03
6.4803740111359634e-03
6.4803740111359634e-03
6.5040736226276248e-03
7.2449419283496536e-03
8.0660059207842173e-03
8.9427526835403320e-03
9.8531241387909696e-03
1.0782828218884752e-02
1.0782828218884752e-02
1.0782828218884752e-02
1.0782828218884752e-02
1.0782828218884752e-02
1.0782828218884752e-02
1.0782828218884752e-02
1.0782828218884752e-02
1.0782828218884752e-02
1.0782828218884752e-02
1.0782828218884752e-02
1.0782828218884752e-02
1.0782828218884752e-02
1.0782828218884752e-02
1.0782828218884752e-02
1.0799368030109030e-02
1.1543696362420860e-02
1.2367348672270330e-02
1.3245712468440455e-02
1.4157027340027498e-02
1.5087262785254249e-02
1.5087262785254249e-02
1.5087262785254249e-02
1.5087262785254249e-02
1.5087262785254249e-02
1.5087262785254249e-02
1.5087262785254249e-02
1.5087262785254249e-02
1.5087262785254249e-02
1.5087262785254249e-02
1.5087262785254249e-02
1.5087262785254249e-02
1.5087262785254249e-02
1.5087262785254249e-02
1.5087262785254249e-02
1.5105049912749200e-02
1.5848765779291639e-02
1.6671947669261753e-02
1.7550031956158743e-02
1.8461188226052184e-02
1.9391335153367002e-02
1.9391335153367002e-02
1.9391335153367002e-02
1.9391335153367002e-02
1.9391335153367002e-02
1.9391335153367002e-02
1.9391335153367002e-02
1.9391335153367002e-02
1.9391335153367002e-02
1.9391335153367002e-02
1.9391335153367002e-02
1.9391335153367002e-02
1.9391335153367002e-02
1.9391335153367002e-02
1.9391335153367002e-02
1.9408900267542439e-02
2.0152725812314823e-02
2.0976005991080401e-02
2.1854135301906580e-02
2.2765312704332987e-02
2.3695470606397744e-02
2.3695470606397744e-02
2.3695470606397744e-02
2.3695470606397744e-02
2.3695470606397744e-02
2.3695470606397744e-02
2.3695470606397744e-02
2.3695470606397744e-02
2.3695470606397744e-02
2.3695470606397744e-02
2.3695470606397744e-02
2.3695470606397744e-02
2.3695470606397744e-02
2.3695470606397744e-02
2.3695470606397744e-02
2.3713077131142620e-02
2.4456881286544635e-02
2.5280128585634096e-02
2.6158254105521157e-02
2.7069434547828581e-02
2.7999595109735938e-02
2.7999595109735938e-02
2.7999595109735938e-02
2.7999595109735938e-02
2.7999595109735938e-02
2.7999595109735938e-02
2.7999595109735938e-02
2.7999595109735938e-02
2.7999595109735938e-02
2.7999595109735938e-02
2.7999595109735938e-02
2.7999595109735938e-02
2.7999595109735938e-02
2.7999595109735938e-02
2.7999595109735938e-02
2.8017191952792092e-02
2.8761001979133331e-02
2.9584270664288662e-02
3.0462392730523806e-02
3.1373565885073902e-02
3.2303721390852455e-02
3.2303721390852455e-02
3.2303721390852455e-02
3.2303721390852455e-02
3.2303721390852455e-02
3.2303721390852455e-02
3.2303721390852455e-02
3.2303721390852455e-02
3.2303721390852455e-02
3.2303721390852455e-02
3.2303721390852455e-02
