0.0000000000000000e+00
1.6392576185353381e-10
6.9667350125678567e-10
-8.2520622278967025e-03
6.3794769990039863e-09
4.1401302542991181e-06
-8.2437860452470833e-03
-2.4747902434770444e-02
-5.0415161299446833e-04
-3.3282614904064049e-04
-3.8961523134065710e-03
4.2249550968746003e-08
-4.3506366757526480e-03
-1.6944069235670316e-02
1.6406083631755899e-08
8.6816668821240867e-03
-3.0194303820332963e-10
3.4987543565705329e-09
-8.2479313743572501e-03
6.6119533114031239e-09
-4.1152869441400860e-06
8.2673161634174119e-10
8.0740561113113246e-10
-8.2479376487923847e-03
6.5104048319551750e-09
-4.1093294822282040e-06
1.0170841846497580e-02
3.1262442879102459e-02
9.3260302218997337e-03
2.9761373195617861e-03
9.7276486866392268e-04
4.5367052282711826e-08
-9.2244996274857063e-03
-2.6705000433346449e-02
2.7790725057108707e-08
1.8464900327670005e-02
7.9250042924261668e-09
7.2520183325341081e-09
-8.2520569636396028e-03
6.4209497638906982e-09
4.1349391434127407e-06
7.2669008624282674e-10
7.2937970463003028e-10
-8.2520626750832576e-03
6.4222759275916448e-09
-4.1063520167045698e-03
-1.0500737001835743e-02
-3.1898593431627743e-02
-1.3218996552802113e-02
-4.6128328427290366e-03
-1.6430101360534778e-03
4.2414921265400699e-08
-6.6043996829402334e-03
-2.1452216947204901e-02
2.1765983947350559e-08
1.3191068498771545e-02
3.8248259202698420e-09
5.0949062625935727e-09
-8.2479319488986819e-03
6.4661340968135873e-09
-4.1150160499558094e-06
8.3653299931180137e-10
8.6853395388391822e-10
-8.2479376560065099e-03
6.5079654841106182e-09
1.9550443861660761e-03
1.0335740206794309e-02
2.8608867317433468e-02
1.1257488869237296e-02
3.6880490399724230e-03
1.1996889579188200e-03
4.5467069329153752e-08
-9.4513643855016014e-03
-2.7158670943800804e-02
2.8343364240747798e-08
1.8918453838131226e-02
8.2870715741426348e-09
7.3228723857982174e-09
-8.2520569802886860e-03
6.3531182997709673e-09
4.1350432866694668e-06
6.7474989974337119e-10
6.5955114151610478e-10
-8.2520627659808526e-03
6.2929812992552210e-09
-2.3072426279747054e-03
-1.0807828329447022e-02
-3.1127849226935199e-02
-1.2810119683424988e-02
-4.4654754707196594e-03
-1.5916882939943436e-03
4.2487660006669379e-08
-6.6557352310140762e-03
-2.1554901865936470e-02
2.1976742592901006e-08
1.3293781200627720e-02
3.9783820065479099e-09
5.3201412800277251e-09
-8.2479318408172179e-03
6.6818580384302241e-09
-4.1147000883567119e-06
1.0324474629474889e-09
9.6133804833378188e-10
-8.2479375597245136e-03
6.6471222036944913e-09
2.2060284408440436e-03
1.0286043809083016e-02
2.8739962447666939e-02
1.1323634029052728e-02
3.7108399667962980e-03
1.2071893588661564e-03
4.5427877247299394e-08
-9.4588627588987947e-03
-2.7173665814381763e-02
2.8453300373717368e-08
1.8933445104648491e-02
8.5329468928609952e-09
7.7160191309706369e-09
-8.2520567787666595e-03
6.6147308669969645e-09
4.1353492782039091e-06
1.0359005728014893e-09
9.6614269713387353e-10
-8.2520625138595965e-03
6.6519628810680943e-09
-2.2604422820149388e-03
-1.0817209714450193e-02
-3.1103971378094192e-02
-1.2797594427341012e-02
-4.4609719577208308e-03
-1.5901200167439725e-03
4.2541610406565637e-08
-6.6573038225614580e-03
-2.1558039253221063e-02
2.1877437555301977e-08
1.3296919188945639e-02
3.7676289998709634e-09
5.1129480263876157e-09
-8.2479320468825876e-03
6.3104689923849882e-09
-4.1152006383466364e-06
6.4471561479207412e-10
7.1939333219576880e-10
-8.2479376814117121e-03
6.4443352213208498e-09
2.2140384911879482e-03
1.0284505251971304e-02
2.8744009732497799e-02
1.1325679981859706e-02
3.7115450863445939e-03
1.2074214192177440e-03
4.5387297118734028e-08
-9.4590949003822197e-03
-2.7174130033720385e-02
2.8399426907647378e-08
1.8933908831377234e-02
8.2305939233040690e-09
7.4259290204121626e-09
-8.2520569211326309e-03
6.4598818495513827e-09
4.1349785137846326e-06
