0.0000000000000000e+00
3.9661064031164834e+01
7.9322128061667357e+01
1.1899425611916126e+02
1.5864425613347612e+02
1.9830531092014803e+02
2.3797742969405027e+02
2.7766062186873171e+02
3.1466244926026957e+02
3.4998161220491102e+02
3.8649760915841870e+02
3.4712014038863555e+02
3.0782536258742573e+02
2.6864465994055178e+02
2.2956310517037971e+02
1.9074632074335574e+02
1.5242627993149637e+02
1.1497846147225815e+02
7.9708551618257985e+01
5.1289357375779552e+01
4.5330713252234943e+01
6.8008453581376088e+01
1.0169279988389449e+02
1.3856568020568619e+02
1.7666911762919634e+02
2.1532823511556509e+02
2.4421456897383248e+02
2.7688898100439980e+02
3.1197567788550964e+02
3.4839022783168082e+02
3.8554166105563661e+02
3.4624399431636829e+02
3.0702939669321051e+02
2.6793925042775822e+02
2.2910118938688845e+02
1.9057929847152485e+02
1.5259638243250700e+02
1.1577480899904975e+02
8.1651134216620648e+01
5.5480693339511895e+01
5.1325016723660212e+01
7.3050723932777714e+01
1.0575707415353087e+02
1.4206353556541231e+02
1.7977446890498067e+02
2.1766173599011009e+02
2.4554787883705731e+02
2.7768562042793150e+02
3.1244082754178726e+02
3.4866575336123168e+02
3.8570844180343681e+02
3.4639560479513716e+02
3.0718238835894903e+02
2.6810759345073006e+02
2.2917351422615877e+02
1.9056376597138058e+02
1.5254799022373831e+02
1.1560745728496676e+02
8.1279409574432222e+01
5.4694368056915614e+01
5.0236125518822995e+01
7.2123946199466303e+01
1.0500504023581416e+02
1.4139636593593104e+02
1.7919946481580229e+02
2.1729755647736843e+02
2.4531382647885340e+02
2.7754653059591686e+02
3.1235930832778865e+02
3.4861749250563633e+02
3.8567925729542628e+02
3.4636881301839401e+02
3.0713808864092124e+02
2.6802699695481925e+02
2.2916047690203322e+02
1.9059853344630397e+02
1.5255590418850150e+02
1.1563604004790267e+02
8.1332786203136635e+01
5.4831318317664788e+01
5.0426807083651426e+01
7.2285912721414988e+01
1.0513630691771930e+02
1.4153218527820425e+02
1.7929981245022447e+02
2.1736155855717035e+02
2.4535474493785838e+02
2.7757011803231808e+02
3.1237292157673363e+02
3.4862552397214341e+02
3.8568411739947317e+02
3.4637348554596355e+02
3.0716304834601482e+02
2.6809185786490934e+02
2.2916274294251340e+02
1.9055997000310165e+02
1.5255450466347162e+02
1.1563102512948183e+02
8.1334201114755928e+01
5.4807372965309796e+01
5.0393499191432774e+01
7.2257610610979128e+01
1.0511336438133077e+02
1.4148905701208332e+02
1.7928227332488549e+02
2.1735046135771901e+02
2.4534777791759285e+02
2.7756681185362663e+02
3.1237122869469528e+02
3.4862455485041130e+02
3.8568352843107044e+02
3.4637269465068874e+02
3.0714147858623505e+02
2.6802974818210419e+02
2.2916235906400937e+02
1.9059919255843749e+02
1.5255474095330192e+02
1.1563187305352579e+02
8.1323116407478153e+01
5.4811424202189265e+01
5.0399135417888481e+01
7.2262399484746410e+01
1.0511724623952689e+02
1.4151587450550699e+02
1.7928524093215267e+02
2.1735226524067971e+02
2.4534877821925855e+02
2.7756655320032792e+02
3.1237082646861802e+02
3.4862428277407679e+02
3.8568336678799972e+02
3.4637280320007892e+02
3.0716245203487699e+02
2.6809137312973581e+02
2.2916241183424262e+02
1.9055985475821333e+02
1.5255470853431595e+02
1.1563175668678760e+02
8.1335898379438802e+01
5.4810868187626077e+01
5.0398361877311551e+01
7.2261742225715423e+01
1.0511671346147699e+02
1.4149192289235859e+02
1.7928483361414624e+02
2.1735209466944062e+02
2.4534882647443231e+02
2.7756743832823093e+02
3.1237159692905414e+02
3.4862477301465111e+02
3.8568366036749137e+02
3.4637281456204772e+02
3.0714158331771142e+02
2.6802983319433145e+02
2.2916241724400618e+02
1.9059921297710002e+02
1.5255470510883507e+02
1.1563174446689666e+02
8.1322817905837141e+01
5.4810809917871033e+01
5.0398280831396725e+01
