0.0000000000000000e+00
-1.1000000000218598e+01
-2.2000000000101242e+01
-3.3006877235296443e+01
-4.4000000000628894e+01
-5.4999995529077154e+01
-6.6006868289391278e+01
-7.7020622755480062e+01
-9.7995849458232968e+01
-1.2817694748846321e+02
-1.5533195582162628e+02
-1.4433071769901991e+02
-1.3333635194256863e+02
-1.2234885408875998e+02
-1.1133071772578896e+02
-1.0031946832792491e+02
-8.9330717722196511e+01
-7.8330717720355892e+01
-6.7337590485167524e+01
-5.6330717718680177e+01
-4.5330722183919839e+01
-3.4330717718085275e+01
-2.3330717718107131e+01
-1.2337590484646103e+01
-1.3307177186728643e+00
9.6692778154266534e+00
4.6140067959165954e+01
7.9640313824813887e+01
1.0963826574503355e+02
1.3664239617850444e+02
1.6132534880005019e+02
1.5032502121551130e+02
1.3931781647245819e+02
1.2830373009691129e+02
1.1732502119379122e+02
1.0633944831666494e+02
9.5325021195442162e+01
8.4325021195063172e+01
7.3318143959309452e+01
6.2325021194624455e+01
5.1325025666882269e+01
4.0325021195229731e+01
2.9325021195237973e+01
1.8318143959909012e+01
7.3250211946448625e+00
-4.7493432610148467e+00
-4.2417458274798769e+01
-7.6724600228173159e+01
-1.0747505858206590e+02
-1.3509171322867473e+02
-1.6023665568756812e+02
-1.4923612996547919e+02
-1.3824247684551835e+02
-1.2725569186435652e+02
-1.1623612998950847e+02
-1.0522345460743020e+02
-9.4236129986706473e+01
-8.3236129986086056e+01
-7.2243002751924266e+01
-6.1236129985317021e+01
-5.0236134450548683e+01
-3.9236129984706132e+01
-2.8236129984696586e+01
-1.7243002751309625e+01
-6.2361299853312424e+00
5.5071716562954949e+00
4.3060768103304966e+01
7.7231092073227188e+01
1.0785228385747057e+02
1.3536276782487283e+02
1.6042721324305060e+02
1.4942681157556768e+02
1.3841953277045522e+02
1.2740537235374418e+02
1.1642681155412572e+02
1.0544138673882154e+02
9.4426811555677105e+01
8.3426811555133241e+01
7.2419934319339902e+01
6.1426811554620635e+01
5.0426816026951776e+01
3.9426811555231993e+01
2.8426811555242850e+01
1.7419934319921417e+01
6.4268115545928692e+00
-5.3737903218445364e+00
-4.2947756068206360e+01
-7.7142560635694366e+01
-1.0778643418162557e+02
-1.3531549924529597e+02
-1.6039401287314320e+02
-1.4939350363775134e+02
-1.3839986700968569e+02
-1.2741309852550980e+02
-1.1639350366180219e+02
-1.0538079528084464e+02
-9.4393503659135803e+01
-8.3393503658424621e+01
-7.2400376424281262e+01
-6.1393503657642292e+01
-5.0393508122877272e+01
-3.9393503657043212e+01
-2.8393503657067399e+01
-1.7400376423660646e+01
-6.3935036576602604e+00
5.3968735709185118e+00
4.2967239963086492e+01
7.7157471289474003e+01
1.0779748511748576e+02
1.3532340527424296e+02
1.6039954401613485e+02
1.4939913990991144e+02
1.3839185866686984e+02
1.2737769581278478e+02
1.1639913988855741e+02
1.0541371994735425e+02
9.4399139890258283e+01
8.3399139889802086e+01
7.2392262653830429e+01
6.1399139889137459e+01
5.0399144361483664e+01
3.9399139889769231e+01
2.8399139889734325e+01
1.7392262654408242e+01
6.3991398891572633e+00
-5.3931570712246355e+00
-4.2964183091131545e+01
-7.7155493823906312e+01
-1.0779606228657543e+02
-1.3532241586780458e+02
-1.6039887505510299e+02
-1.4939836632382605e+02
-1.3840473019996909e+02
-1.2741796221996628e+02
-1.1639836634797214e+02
-1.0538565695842510e+02
-9.4398366345327801e+01
-8.3398366344642369e+01
-7.2405239110516078e+01
-6.1398366343975816e+01
-5.0398370809234521e+01
-3.9398366343380957e+01
-2.8398366343330483e+01
-1.7405239109880696e+01
-6.3983663439219578e+00
5.3934694578544988e+00
4.2964352804733032e+01
7.7155198227740968e+01
1.0779579297632867e+02
1.3532218969432120e+02
1.6039868950498402e+02
1.4939828532332447e+02
1.3839100400478011e+02
1.2737684107526346e+02
1.1639828530191195e+02
1.0541286551133128e+02
9.4398285303411470e+01
8.3398285302960474e+01
7.2391408067132303e+01
6.1398285302440883e+01
5.0398289774617361e+01
