0.0000000000000000e+00
-4.4000000001038316e+01
-8.8000000001034934e+01
-1.3201925687889116e+02
-1.7600000000907738e+02
-2.1999998625662118e+02
-2.6401922937163516e+02
-3.0805774311966752e+02
-3.5200005996433356e+02
-3.9600006730592077e+02
-4.4000105626171955e+02
-3.9599999996586996e+02
-3.5201818626109031e+02
-3.0805560141322911e+02
-2.6400000004698700e+02
-2.1996368410600672e+02
-1.7600000001590917e+02
-1.3200000001234744e+02
-8.8019243136720675e+01
-4.4000000008757780e+01
-1.3748084348225317e-05
4.3999999999211767e+01
8.7999999999210388e+01
1.3198075687144399e+02
1.7599999999117762e+02
2.1999998624341575e+02
2.6399996275011557e+02
3.0800421842571785e+02
3.5200210141290972e+02
3.9600088579395265e+02
4.4000033765424359e+02
3.9600000003558955e+02
3.5198040560837165e+02
3.0794154060692324e+02
2.6399999996620579e+02
2.2003924358516358e+02
1.7599999999269312e+02
1.3199999999185033e+02
8.7980743113117782e+01
4.3999999990993317e+01
1.3751506305251874e-05
-4.4000000000891525e+01
-8.8000000000927955e+01
-1.3201925687882155e+02
-1.7600000000897543e+02
-2.1999966330160305e+02
-2.6399988985835228e+02
-3.0800387120780204e+02
-3.5200281090073321e+02
-3.9600122519785145e+02
-4.4000045980082933e+02
-3.9599999996502453e+02
-3.5201878304326601e+02
-3.0805679530142095e+02
-2.6400000004075997e+02
-2.1996248955917969e+02
-1.7600000001185987e+02
-1.3200000001051967e+02
-8.8019243136823803e+01
-4.4000000008974325e+01
-1.3748436732051207e-05
4.3999999999085702e+01
8.7999999999074049e+01
1.3198075687116426e+02
1.7599999999096275e+02
2.1999981069438985e+02
2.6399971147262579e+02
3.0800302858190457e+02
3.5200235337605858e+02
3.9600105523635392e+02
4.4000040706200832e+02
3.9600000003556738e+02
3.5198033622501907e+02
3.0794140186459981e+02
2.6399999996690542e+02
2.2003938228019410e+02
1.7599999999316748e+02
1.3199999999202299e+02
8.7980743113152670e+01
4.3999999990942257e+01
1.3751558776617381e-05
-4.4000000000964931e+01
-8.8000000000973031e+01
-1.3201925687878435e+02
-1.7600000000907289e+02
-2.1999982369457126e+02
-2.6399992997726815e+02
-3.0800388272497486e+02
-3.5200275296581481e+02
-3.9600119066351044e+02
-4.4000044517548287e+02
-3.9599999996494603e+02
-3.5201879767496456e+02
-3.0805682457137709e+02
-2.6400000004038435e+02
-2.1996246027577823e+02
-1.7600000001165370e+02
-1.3200000001015076e+02
-8.8019243136483183e+01
-4.4000000008632220e+01
-1.3748190384208215e-05
4.3999999999413340e+01
8.7999999999382993e+01
1.3198075687154903e+02
1.7599999999134351e+02
2.1999978421738157e+02
2.6399970546086206e+02
3.0800302405046716e+02
3.5200236153200888e+02
3.9600106043584333e+02
4.4000040931653513e+02
3.9600000003557261e+02
3.5198033397139324e+02
3.0794139735810813e+02
2.6399999996693100e+02
2.2003938678519998e+02
1.7599999999340562e+02
1.3199999999237994e+02
8.7980743113357605e+01
4.3999999991192126e+01
1.3751842435101592e-05
-4.4000000000666155e+01
-8.8000000000735923e+01
-1.3201925687857818e+02
-1.7600000000881460e+02
-2.1999982766130236e+02
-2.6399993126123366e+02
-3.0800388299358468e+02
-3.5200275116676085e+02
-3.9600118960278058e+02
-4.4000044472759760e+02
-3.9599999996496365e+02
-3.5201879812305600e+02
-3.0805682546754741e+02
-2.6400000004070131e+02
-2.1996245937984241e+02
-1.7600000001196526e+02
-1.3200000001056884e+02
-8.8019243136904009e+01
-4.4000000009100305e+01
-1.3748646654302992e-05
4.3999999998922277e+01
8.7999999999031573e+01
1.3198075687121843e+02
1.7599999999091460e+02
2.1999978336615726e+02
2.6399970527632314e+02
3.0800302390780541e+02
3.5200236178338082e+02
3.9600106059636863e+02
4.4000040938620509e+02
3.9600000003559887e+02
3.5198033390170917e+02
3.0794139721877610e+02
2.6399999996695470e+02
2.2003938692426667e+02
1.7599999999318848e+02
1.3199999999210428e+02
8.7980743113138587e+01
4.3999999991027678e+01
1.3751464116271581e-05
