0.0000000000000000e+00
-4.0000000002112087e-04
-8.0000000001558002e-04
-1.2001600640379319e-03
-1.6000000001408577e-03
-1.9999998721695537e-03
-2.4001598081218583e-03
-2.8076923695709724e-03
-3.2573985316104847e-03
-3.7474986372184708e-03
-4.2764410544056221e-03
-3.9581148310025823e-03
-3.5943436251452427e-03
-3.1943429435748127e-03
-2.7945021985766472e-03
-2.3943413586625679e-03
-1.9943405833970015e-03
-1.5944997447787815e-03
-1.1943413586613355e-03
-7.9434303522873517e-04
-3.9434135853841731e-04
5.6586414623616265e-06
4.0565864146120543e-04
8.0549870543347691e-04
1.2056586413367180e-03
1.6056585133150370e-03
2.0054984493677601e-03
2.4056586413370544e-03
2.8404902375244951e-03
3.3162905597800990e-03
3.8314838275569332e-03
3.4999406077758418e-03
3.1234527280433041e-03
2.7234542695631354e-03
2.3232957482894239e-03
1.9234549258539567e-03
1.5234541667842592e-03
1.1232933430790444e-03
7.2345492585194871e-04
3.2345657391348554e-04
-7.6545074021655186e-05
-4.7654507402282659e-04
-8.7654507402231199e-04
-1.2767051380500483e-03
-1.6765450741476166e-03
-2.0765449461711155e-03
-2.4767048821188690e-03
-2.8765450741478665e-03
-3.2991557666092737e-03
-3.7632053761915219e-03
-4.2670978230127969e-03
-3.9246850024874562e-03
-3.5377535944007095e-03
-3.1377516267216644e-03
-2.7379095966442550e-03
-2.3377514178160690e-03
-1.9377533015079004e-03
-1.5379151197207328e-03
-1.1377514178211583e-03
-7.3774778285915247e-04
-3.3775141769141267e-04
6.2248582306353667e-05
4.6224858230691965e-04
8.6208864627973936e-04
1.2622485821818968e-03
1.6622484541593810e-03
2.0620883902122272e-03
2.4622485821825446e-03
2.8748120892867690e-03
3.3291983534627537e-03
3.8238023691274468e-03
3.4724618622487971e-03
3.0769381426742656e-03
2.6769402428535338e-03
2.2767822806864786e-03
1.8769402653135252e-03
1.4769383123519892e-03
1.0767762937988507e-03
6.7694026530808031e-04
2.7694430401900067e-04
-1.2305973456201344e-04
-5.2305973456408901e-04
-9.2305973456332179e-04
-1.3232197985908244e-03
-1.7230597346889428e-03
-2.1230596067118709e-03
-2.5232195426602181e-03
-2.9230597346884967e-03
-3.3273660767730653e-03
-3.7738165178267712e-03
-4.2607861011367924e-03
-3.9021012362326665e-03
-3.5021012437576786e-03
-3.1022611873045467e-03
-2.7021012359234962e-03
-2.3021013484794124e-03
-1.9022613969729893e-03
-1.5021012359241739e-03
-1.1021011389811802e-03
-7.0210123579992137e-04
-3.0210123580001904e-04
9.7898764199836905e-05
4.9789876419955507e-04
8.9773882817192441e-04
1.2978987640755967e-03
1.6978986360536743e-03
2.0977385721053952e-03
2.4978987640742810e-03
2.8978988919132385e-03
3.3376246933071625e-03
3.8181319617480347e-03
3.4532371715025327e-03
3.0532357027468742e-03
2.6530741687870096e-03
2.2532371718082004e-03
1.8532402412566255e-03
1.4530832491343080e-03
1.0532371718175015e-03
6.5323115366117243e-04
2.5323717193576929e-04
-1.4676282806033505e-04
-5.4676282806187136e-04
-9.4676282806168733e-04
-1.3469228920889591e-03
-1.7467628281858595e-03
-2.1467627002081315e-03
-2.5469226361557987e-03
-2.9467628281850356e-03
-3.3467629563444521e-03
-3.7805174048916373e-03
-4.2552808676085720e-03
-3.8848585915399101e-03
-3.4848596492967321e-03
-3.0850206422366505e-03
-2.6848585912333874e-03
-2.2848566058475215e-03
-1.8850145580760818e-03
-1.4848585912285088e-03
-1.0848626851304975e-03
-6.8485859110923306e-04
-2.8485859110684357e-04
1.1514140889194193e-04
5.1514140889201377e-04
9.1498147286442192e-04
1.3151414087674521e-03
1.7151412807448270e-03
2.1149812167962773e-03
2.5151414087662845e-03
2.9151415366072014e-03
3.3435823180946508e-03
3.8132368430973864e-03
3.4379076123147545e-03
3.0379068895638860e-03
2.6377461022072078e-03
2.2379076126217558e-03
1.8379091882683549e-03
1.4377507011482597e-03
1.0379076126257154e-03
6.3790458565425113e-04
2.3790761274649350e-04
-1.6209238725240922e-04
