0.0000000000000000e+00
1.0000000000576372e-04
2.0000000000826177e-04
2.9999000101181930e-04
4.0000000008097507e-04
4.9999999815124048e-04
5.9998999722175460e-04
7.0384614981753180e-04
8.2869813422719045e-04
9.7374827879722508e-04
1.1382195670993243e-03
1.0790574153861964e-03
9.9717048439348097e-04
8.9717058174730937e-04
7.9716067811988413e-04
6.9717067934516183e-04
5.9717068157045508e-04
4.9716068279583177e-04
3.9717067934442486e-04
2.9717067689178891e-04
1.9717067927207531e-04
9.7170679271862791e-05
-2.8293207283161940e-06
-1.0283932172771819e-04
-2.0282932065447348e-04
-3.0282931858152136e-04
-4.0283931750839978e-04
-5.0282932065489781e-04
-6.2024589673794807e-04
-7.5814636226178493e-04
-9.1574291579397948e-04
-8.4997030400189714e-04
-7.6172765510569714e-04
-6.6172750508982964e-04
-5.6173735410387435e-04
-4.6172746291369283e-04
-3.6172757270155274e-04
-2.6173768146745859e-04
-1.6172746291230632e-04
-6.1727245400727720e-05
3.8272537012205973e-05
1.3827253701312260e-04
2.3827253701276936e-04
3.3826253801194693e-04
4.3827253708631089e-04
5.3827253516009648e-04
6.3826253423420311e-04
7.3827253708519456e-04
8.4957755550113642e-04
9.8160159294906520e-04
1.1335479003549394e-03
1.0623425011274683e-03
9.6887552199489079e-04
8.6887569641491127e-04
7.6886586986969893e-04
6.6887570891881014e-04
5.6887554893579953e-04
4.6886538792145261e-04
3.6887570892258080e-04
2.6887603098820336e-04
1.6887570884622648e-04
6.8875708847490437e-05
-3.1124291152887080e-05
-1.3113429215355453e-04
-2.3112429108064497e-04
-3.3112428900669940e-04
-4.3113428793271089e-04
-5.3112429108089442e-04
-6.3740614585582707e-04
-7.6460030403921919e-04
-9.1190222822274357e-04
-8.3623093124051307e-04
-7.3847031852054888e-04
-6.3847013435673345e-04
-5.3847994922896520e-04
-4.3847013264537661e-04
-3.3847031702451781e-04
-2.3848050036748790e-04
-1.3847013264191174e-04
-3.8469765988902448e-05
6.1529867283311045e-05
1.6152986728507030e-04
2.6152986728450271e-04
3.6151986828420433e-04
4.6152986735852530e-04
5.6152986543257690e-04
6.6151986450703015e-04
7.6152986735799504e-04
8.6368302649816018e-04
9.8690712562623508e-04
1.1303920041946952e-03
1.0510506180040299e-03
9.5105061739314642e-04
8.5104061578226238e-04
7.5105061797621996e-04
6.5105062116948816e-04
5.5104062336425110e-04
4.5105061797599572e-04
3.5105061358599473e-04
2.5105061790208296e-04
1.5105061790190224e-04
5.1050617902110386e-05
-4.8949382098284187e-05
-1.4895938309800923e-04
-2.4894938202470169e-04
-3.4894937995205483e-04
-4.4895937887826770e-04
-5.4894938202538048e-04
-6.4894938417271340e-04
-7.6881336371955374e-04
-9.0906705351319307e-04
-8.2661858586653605e-04
-7.2661867922777716e-04
-6.2662877157035498e-04
-5.2661858589297494e-04
-4.2661840125211045e-04
-3.2662821564881129e-04
-2.2661858589720065e-04
-1.2661895707046959e-04
-2.6618585965116992e-05
7.3381414033353440e-05
1.7338141403347245e-04
2.7338141403327208e-04
3.7337141503457751e-04
4.7338141410750923e-04
5.7338141218095157e-04
6.7337141125471027e-04
7.7338141410742724e-04
8.7338141596003790e-04
9.9025797624320458e-04
1.1276393615899476e-03
1.0424292956570220e-03
9.4242923066340835e-04
8.4241916465683305e-04
7.4242929563160434e-04
6.4242942763292682e-04
5.4241955865896678e-04
4.4242929562791780e-04
3.4242903354521581e-04
2.4242929555746365e-04
1.4242929555575805e-04
4.2429295555614762e-05
-5.7570704444040914e-05
-1.5758070544457783e-04
-2.5757070437049437e-04
-3.5757070229680674e-04
-4.5758070122238351e-04
-5.5757070437040680e-04
-6.5757070651833918e-04
-7.7179168137117440e-04
-9.0661951671771018e-04
-8.1895380627141387e-04
-7.1895385264416473e-04
-6.1896389800759975e-04
-5.1895380629778240e-04
-4.1895371560633066e-04
-3.1896362393276457e-04
-2.1895380630008104e-04
-1.1895398963118543e-04
-1.8953806371160745e-05
8.1046193628118242e-05
