0.0000000000000000e+00
1.0000000000497821e-04
2.0000000000899816e-04
2.9999000101259922e-04
4.0000000008217208e-04
4.9999999815235623e-04
5.9998999722321133e-04
7.0384614981831471e-04
8.2869813422751712e-04
9.7374827879764933e-04
1.1382195670999067e-03
1.0790574153877179e-03
9.9717048439436329e-04
8.9717058174696557e-04
7.9716067811903574e-04
6.9717067934519858e-04
5.9717068157117607e-04
4.9716068279789447e-04
3.9717067934433390e-04
2.9717067689043609e-04
1.9717067927190856e-04
9.7170679271506644e-05
-2.8293207292994150e-06
-1.0283932172890979e-04
-2.0282932065527896e-04
-3.0282931858202470e-04
-4.0283931750842092e-04
-5.0282932065556871e-04
-6.2024589673896353e-04
-7.5814636226264535e-04
-9.1574291579525646e-04
-8.4997030400233375e-04
-7.6172765510705001e-04
-6.6172750509065916e-04
-5.6173735410508996e-04
-4.6172746291517737e-04
-3.6172757270316972e-04
-2.6173768146883558e-04
-1.6172746291365792e-04
-6.1727245401772078e-05
3.8272537012007530e-05
1.3827253701316600e-04
2.3827253701300507e-04
3.3826253801236251e-04
4.3827253708534329e-04
5.3827253515868463e-04
6.3826253423262830e-04
7.3827253708526309e-04
8.4957755550089768e-04
9.8160159294889064e-04
1.1335479003545259e-03
1.0623425011269732e-03
9.6887552199455078e-04
8.6887569641493675e-04
7.6886586986980735e-04
6.6887570891825362e-04
5.6887554893452581e-04
4.6886538791896025e-04
3.6887570892190052e-04
2.6887603098779553e-04
1.6887570884578941e-04
6.8875708846615323e-05
-3.1124291153852142e-05
-1.3113429215470194e-04
-2.3112429108184564e-04
-3.3112428900773682e-04
-4.3113428793376912e-04
-5.3112429108173262e-04
-6.3740614585704322e-04
-7.6460030404055818e-04
-9.1190222822402456e-04
-8.3623093124248317e-04
-7.3847031852217703e-04
-6.3847013435837732e-04
-5.3847994923179095e-04
-4.3847013264765842e-04
-3.3847031702652656e-04
-2.3848050036927079e-04
-1.3847013264400461e-04
-3.8469765992211182e-05
6.1529867279545936e-05
1.6152986728144690e-04
2.6152986728079068e-04
3.6151986828047099e-04
4.6152986735423755e-04
5.6152986542842018e-04
6.6151986450292189e-04
7.6152986735378032e-04
8.6368302649357997e-04
9.8690712562119723e-04
1.1303920041893882e-03
1.0510506179990523e-03
9.5105061738807257e-04
8.5104061577782517e-04
7.5105061797044875e-04
6.5105062116365428e-04
5.5104062335738409e-04
4.5105061797042558e-04
3.5105061358286214e-04
2.5105061789738783e-04
1.5105061789742502e-04
5.1050617897324514e-05
-4.8949382102827882e-05
-1.4895938310261834e-04
-2.4894938202937514e-04
-3.4894937995569417e-04
-4.4895937888136614e-04
-5.4894938202888798e-04
-6.4894938417734240e-04
-7.6881336372307458e-04
-9.0906705351655550e-04
-8.2661858586985848e-04
-7.2661867923054209e-04
-6.2662877157372457e-04
-5.2661858589616759e-04
-4.2661840125580709e-04
-3.2662821565213713e-04
-2.2661858590073723e-04
-1.2661895707493645e-04
-2.6618585969731503e-05
7.3381414028317796e-05
1.7338141402906869e-04
2.7338141402898460e-04
3.7337141502881579e-04
4.7338141410203699e-04
5.7338141217634425e-04
6.7337141125092359e-04
7.7338141410183232e-04
8.7338141595247592e-04
9.9025797623666597e-04
1.1276393615841955e-03
1.0424292956503036e-03
9.4242923065734170e-04
8.4241916465033467e-04
7.4242929562519789e-04
6.4242942762665644e-04
5.4241955865393348e-04
4.4242929562177190e-04
3.4242903353680723e-04
2.4242929555071729e-04
1.4242929554937782e-04
4.2429295549860657e-05
-5.7570704450070481e-05
-1.5758070544989763e-04
-2.5757070437712601e-04
-3.5757070230375116e-04
-4.5758070123041002e-04
-5.5757070437675719e-04
-6.5757070652325549e-04
-7.7179168137795913e-04
-9.0661951672483870e-04
-8.1895380627826115e-04
-7.1895385265155053e-04
-6.1896389801510980e-04
-5.1895380630497217e-04
-4.1895371561278085e-04
-3.1896362393943036e-04
-2.1895380630701196e-04
-1.1895398963827560e-04
-1.8953806377416774e-05
8.1046193621525994e-05
