0.0000000000000000e+00
4.4000000002331312e+01
8.8000000002138293e+01
1.3201320572442393e+02
1.7600000001958779e+02
2.1999998858827405e+02
2.6401318287029801e+02
3.0800000451747076e+02
3.5200015500743558e+02
3.9600014178114230e+02
4.4000013076101294e+02
3.9600000004957928e+02
3.5200018231425969e+02
3.0800013090315196e+02
2.6401327382407311e+02
2.2000000001950610e+02
1.7599993199197823e+02
1.3201305830144935e+02
8.8000000019292514e+01
4.4000147341327690e+01
2.0966498305819427e-09
4.3999999998002892e+01
8.7999999997942666e+01
1.3198680571546078e+02
1.7599999998047559e+02
2.1999998853213634e+02
2.6398678281030857e+02
3.0799999998052760e+02
3.5199989341209994e+02
3.9599985106510042e+02
4.3999986196496303e+02
3.9599999995048029e+02
3.5199982348626099e+02
3.0799994593857741e+02
2.6398686277971763e+02
2.1999999998068751e+02
1.7599994284389686e+02
1.3198667992922199e+02
8.7999999980382142e+01
4.4000125868779321e+01
1.8854618266022484e-09
4.4000000002079673e+01
8.8000000002021068e+01
1.3201320572440270e+02
1.7600000001945529e+02
2.1999998858798858e+02
2.6401318286991358e+02
3.0800000001941658e+02
3.5200004491033917e+02
3.9600014944100906e+02
4.4000013781887253e+02
3.9600000004935151e+02
3.5200017510944042e+02
3.0800001730264836e+02
2.6401305391985397e+02
2.2000000001927955e+02
1.7600015170562537e+02
1.3201349753904691e+02
8.8000000020060043e+01
4.3999708485208508e+01
1.9349092281071713e-09
4.3999999997788095e+01
8.7999999997881091e+01
1.3198680571555349e+02
1.7599999998054506e+02
2.1999998853205705e+02
2.6398678281018914e+02
3.0799999998060588e+02
3.5199998613382712e+02
3.9599984497526924e+02
4.3999985631379241e+02
3.9599999995076769e+02
3.5199982954554605e+02
3.0799999815492424e+02
2.6398696119302548e+02
2.1999999998081358e+02
1.7599984434551902e+02
1.3198648284699925e+02
8.7999999980002087e+01
4.4000323121142152e+01
1.9182321059746554e-09
4.4000000002258702e+01
8.8000000002136716e+01
1.3201320572452713e+02
1.7600000001967959e+02
2.1999998858822738e+02
2.6401318287022787e+02
3.0800000001959779e+02
3.5200000162901296e+02
3.9600015471695315e+02
4.4000014268884581e+02
3.9600000004926392e+02
3.5200000065772718e+02
3.0801319554812386e+02
2.6400000001961121e+02
2.2000001020553790e+02
1.7601321466607618e+02
1.3200000001968826e+02
8.7999991102471640e+01
4.4000000002253771e+01
2.2652351237307162e-09
4.3999999997714731e+01
8.7999999997714255e+01
1.3198680571525682e+02
1.7599999998032783e+02
2.1999998853195882e+02
2.6398678280998206e+02
3.0799999998024094e+02
3.5200001141908638e+02
3.9599986014570396e+02
4.3999985238247581e+02
3.9599999995058948e+02
3.5199987891586102e+02
3.0798655205354862e+02
2.6399999997978148e+02
2.2000025384289492e+02
1.7598730220301917e+02
1.3199999998101109e+02
8.7999503046550345e+01
4.3999999997445705e+01
2.0609712673795094e-09
4.4000000002232639e+01
8.8000000002203564e+01
1.3201320572464502e+02
1.7600000001959117e+02
2.1999998858804651e+02
2.6401318286996934e+02
3.0800000001950190e+02
3.5200001146047953e+02
3.9600009906417716e+02
4.4000014626673789e+02
3.9600000004907895e+02
3.5200008741225929e+02
3.0801336898235593e+02
2.6400000001986882e+02
2.1999983692201965e+02
1.7601286824849956e+02
1.3200000001912591e+02
8.8000337219107934e+01
4.4000000002401947e+01
2.0501575382499076e-09
4.3999999997826791e+01
8.7999999997828866e+01
1.3198680571541752e+02
1.7599999998043032e+02
2.1999998853197428e+02
2.6398678280999985e+02
3.0799999998030324e+02
3.5200001141924645e+02
3.9599992807284127e+02
4.3999984933114831e+02
3.9599999995082379e+02
3.5199994042957621e+02
3.0798667513416643e+02
2.6399999998018512e+02
2.2000013065621420e+02
1.7598705572238822e+02
1.3199999998072769e+02
8.7999749740381020e+01
4.3999999997564714e+01
2.2595509660654361e-09
