0.0000000000000000e+00
-5.3181935905114996e-02
-1.0318190403493462e-01
-1.5318176575196701e-01
-2.0318158790748397e-01
-2.5318141009086342e-01
-3.0318123227606958e-01
-3.5318105446127213e-01
-4.0318087664647551e-01
-4.5318069883167755e-01
-5.0318052101687960e-01
-5.5318034320208154e-01
-6.0318016538728381e-01
-6.5317998757248663e-01
-7.0317980975768901e-01
-7.5317963194289161e-01
-8.0317945412809433e-01
-8.5317927631329649e-01
-9.0317909849849953e-01
-9.5317892068370169e-01
-1.0031787428689041e+00
-1.0531785650541066e+00
-1.1031783872393108e+00
-1.1531782094245120e+00
-1.2031780316097132e+00
-1.2531778537949159e+00
-1.3031776759801188e+00
-1.3531774981653204e+00
-1.4031773203505229e+00
-1.4531771425357254e+00
-1.5031769647209272e+00
-1.5531767869061301e+00
-1.6031766090913335e+00
-1.6531764312765354e+00
-1.7031762534617385e+00
-1.7531760756469406e+00
-1.8031758978321424e+00
-1.8531757200173455e+00
-1.9031755422025483e+00
-1.9531753643877503e+00
-2.0031751865729532e+00
-2.0531750087581546e+00
-2.1031748309433569e+00
-2.1531746531285618e+00
-2.2031744753137632e+00
-2.2531742974989681e+00
-2.3031741196841695e+00
-2.3531739418693718e+00
-2.4031737640545758e+00
-2.4531735862397794e+00
-2.5031734084249813e+00
-2.5531732306101831e+00
-2.6031730527953862e+00
-2.6531728749805881e+00
-2.7031726971657926e+00
-2.7531725193509917e+00
-2.8031723415361949e+00
-2.8531721637213998e+00
-2.9031719859066034e+00
-2.9531718080918030e+00
-3.0031716302770062e+00
-3.0531714524622089e+00
-3.1031712746474094e+00
-3.1531710968326125e+00
-3.2031709190178139e+00
-3.2531707412030184e+00
-3.3031705633882198e+00
-3.3531703855734238e+00
-3.4031702077586248e+00
-3.4531700299438257e+00
-3.5031698521290298e+00
-3.5531696743142338e+00
-3.6031694964994361e+00
-3.6531693186846419e+00
-3.7031691408698397e+00
-3.7531689630550442e+00
-3.8031687852402518e+00
-3.8531686074254545e+00
-3.9031684296106564e+00
-3.9531682517958582e+00
-4.0031680739810627e+00
-4.0531678961662649e+00
-4.1031677183514592e+00
-4.1531675405366659e+00
-4.2031673627218629e+00
-4.2531671849070714e+00
-4.3031670070922718e+00
-4.3531668292774643e+00
-4.4031666514626835e+00
-4.4531664736478653e+00
-4.5031662958330516e+00
-4.5531661180182699e+00
-4.6031659402034908e+00
-4.6531657623886868e+00
-4.7031655845738873e+00
-4.7531654067590470e+00
-4.8031652289442723e+00
-4.8531650511294844e+00
-4.9031648733146591e+00
-4.9531646954998454e+00
-5.0031645176850068e+00
-5.0531643398702748e+00
-5.1031641620555304e+00
-5.1531639842407611e+00
-5.2031638064257919e+00
-5.2531636286112642e+00
-5.3031634507965650e+00
-5.3531632729818091e+00
-5.4031630951669385e+00
-5.4531629173523033e+00
-5.5031627395373501e+00
-5.5531625617229494e+00
-5.6031623839082449e+00
-5.6531622060936666e+00
-5.7031620282785704e+00
-5.7531618504637061e+00
-5.8031616726508188e+00
-5.8531614948361357e+00
-5.9031613170222084e+00
-5.9531611392080217e+00
-6.0031609613930996e+00
-6.0531607835781216e+00
-6.1031606057638035e+00
-6.1531604279490644e+00
-6.2031602501357099e+00
-6.2531600723186669e+00
-6.3031598945012401e+00
-6.3531597166856777e+00
-6.4031595388736502e+00
-6.4531593610618216e+00
-6.5031591832499283e+00
-6.5531590054344919e+00
-6.6031588276322601e+00
-6.6531586498177822e+00
-6.7031584720056845e+00
-6.7531582941945425e+00
-6.8031581163849042e+00
-6.8531579386100150e+00
-6.9031577607955095e+00
-6.9531575829644146e+00
-7.0031574051519465e+00
-7.0531572272780831e+00
-7.1031570494754961e+00
-7.1531568716382301e+00
-7.2031566938409402e+00
-7.2531565159552702e+00
-7.3031563381446736e+00
-7.3531561603565798e+00
-7.4031559826052344e+00
-7.4531558047744220e+00
-7.5031556270911590e+00
-7.5531554492482291e+00
-7.6031552713994159e+00
-7.6531550936190555e+00
-7.7031549156583337e+00
-7.7531547377415135e+00
-7.8031545597931720e+00
-7.8531543820305361e+00
-7.9031542038794402e+00
-7.9531540259458549e+00
-8.0031538489734118e+00
