0.0000000000000000e+00
2.5795466650104262e-02
5.0795497473080931e-02
7.5795367067303554e-02
1.0079527815471459e-01
1.2579518924940292e-01
1.5079510034200225e-01
1.7579501143460391e-01
2.0079492252720532e-01
2.2579483361980693e-01
2.5079474471240804e-01
2.7579465580500900e-01
3.0079456689761058e-01
3.2579447799021150e-01
3.5079438908281346e-01
3.7579430017541449e-01
4.0079421126801584e-01
4.2579412236061698e-01
4.5079403345321817e-01
4.7579394454581903e-01
5.0079385563842060e-01
5.2579376673102196e-01
5.5079367782362298e-01
5.7579358891622445e-01
6.0079350000882648e-01
6.2579341110142661e-01
6.5079332219402897e-01
6.7579323328663055e-01
7.0079314437923113e-01
7.2579305547183259e-01
7.5079296656443384e-01
7.7579287765703508e-01
8.0079278874963666e-01
8.2579269984223758e-01
8.5079261093483827e-01
8.7579252202744040e-01
9.0079243312004276e-01
9.2579234421264234e-01
9.5079225530524492e-01
9.7579216639784572e-01
1.0007920774904473e+00
1.0257919885830482e+00
1.0507918996756493e+00
1.0757918107682491e+00
1.1007917218608503e+00
1.1257916329534507e+00
1.1507915440460523e+00
1.1757914551386559e+00
1.2007913662312557e+00
1.2257912773238580e+00
1.2507911884164571e+00
1.2757910995090593e+00
1.3007910106016605e+00
1.3257909216942623e+00
1.3507908327868627e+00
1.3757907438794670e+00
1.4007906549720666e+00
1.4257905660646677e+00
1.4507904771572693e+00
1.4757903882498715e+00
1.5007902993424700e+00
1.5257902104350709e+00
1.5507901215276734e+00
1.5757900326202754e+00
1.6007899437128739e+00
1.6257898548054763e+00
1.6507897658980786e+00
1.6757896769906790e+00
1.7007895880832791e+00
1.7257894991758804e+00
1.7507894102684820e+00
1.7757893213610823e+00
1.8007892324536849e+00
1.8257891435462881e+00
1.8507890546388877e+00
1.8757889657314886e+00
1.9007888768240939e+00
1.9257887879166944e+00
1.9507886990092953e+00
1.9757886101018958e+00
2.0007885211944973e+00
2.0257884322870958e+00
2.0507883433796890e+00
2.0757882544722901e+00
2.1007881655648908e+00
2.1257880766575012e+00
2.1507879877500993e+00
2.1757878988426986e+00
2.2007878099353033e+00
2.2257877210278987e+00
2.2507876321204758e+00
2.2757875432130703e+00
2.3007874543056710e+00
2.3257873653982712e+00
2.3507872764908520e+00
2.3757871875834220e+00
2.4007870986760671e+00
2.4257870097686358e+00
2.4507869208612276e+00
2.4757868319538017e+00
2.5007867430463673e+00
2.5257866541389591e+00
2.5507865652315580e+00
2.5757864763241383e+00
2.6007863874166297e+00
2.6257862985093157e+00
2.6507862096019874e+00
2.6757861206945850e+00
2.7007860317872878e+00
2.7257859428801359e+00
2.7507858539724745e+00
2.7757857650652875e+00
2.8007856761578318e+00
2.8257855872506630e+00
2.8507854983432481e+00
2.8757854094361166e+00
2.9007853205297081e+00
2.9257852316217097e+00
2.9507851427149543e+00
2.9757850538073476e+00
3.0007849649000105e+00
3.0257848759916959e+00
3.0507847870851936e+00
3.0757846981772081e+00
3.1007846092707663e+00
3.1257845203621546e+00
3.1507844314545803e+00
3.1757843425479848e+00
3.2007842536422437e+00
3.2257841647408685e+00
3.2507840758354227e+00
3.2757839869344618e+00
3.3007838980287332e+00
3.3257838091203862e+00
3.3507837202193680e+00
3.3757836313108340e+00
3.4007835424137531e+00
3.4257834535254439e+00
3.4507833646088213e+00
3.4757832756804454e+00
3.5007831867783361e+00
3.5257830978353306e+00
3.5507830089323553e+00
3.5757829200082942e+00
3.6007828311051435e+00
3.6257827421764404e+00
3.6507826532948977e+00
3.6757825644096087e+00
3.7007824755464602e+00
3.7257823866805722e+00
3.7507822978615097e+00
3.7757822089612985e+00
3.8007821200221441e+00
3.8257820311183814e+00
3.8507819420563796e+00
3.8757818530845087e+00
3.9007817641783893e+00
3.9257816752532850e+00
3.9507815861992102e+00
3.9757814972448191e+00
4.0007814091629585e+00
