0.0000000000000000e+00
2.5795466650104387e-02
5.0795497473080653e-02
7.5795367067302943e-02
1.0079527815471348e-01
1.2579518924940108e-01
1.5079510034200119e-01
1.7579501143460263e-01
2.0079492252720457e-01
2.2579483361980593e-01
2.5079474471240643e-01
2.7579465580500756e-01
3.0079456689760908e-01
3.2579447799021022e-01
3.5079438908281074e-01
3.7579430017541254e-01
4.0079421126801312e-01
4.2579412236061415e-01
4.5079403345321567e-01
4.7579394454581658e-01
5.0079385563841861e-01
5.2579376673101963e-01
5.5079367782362154e-01
5.7579358891622212e-01
6.0079350000882381e-01
6.2579341110142395e-01
6.5079332219402564e-01
6.7579323328662733e-01
7.0079314437922802e-01
7.2579305547182904e-01
7.5079296656443018e-01
7.7579287765703175e-01
8.0079278874963256e-01
8.2579269984223458e-01
8.5079261093483582e-01
8.7579252202743751e-01
9.0079243312003932e-01
9.2579234421264067e-01
9.5079225530524158e-01
9.7579216639784216e-01
1.0007920774904431e+00
1.0257919885830447e+00
1.0507918996756462e+00
1.0757918107682474e+00
1.1007917218608487e+00
1.1257916329534479e+00
1.1507915440460488e+00
1.1757914551386519e+00
1.2007913662312537e+00
1.2257912773238551e+00
1.2507911884164544e+00
1.2757910995090569e+00
1.3007910106016567e+00
1.3257909216942589e+00
1.3507908327868603e+00
1.3757907438794630e+00
1.4007906549720632e+00
1.4257905660646646e+00
1.4507904771572664e+00
1.4757903882498682e+00
1.5007902993424671e+00
1.5257902104350685e+00
1.5507901215276716e+00
1.5757900326202718e+00
1.6007899437128719e+00
1.6257898548054732e+00
1.6507897658980777e+00
1.6757896769906782e+00
1.7007895880832775e+00
1.7257894991758778e+00
1.7507894102684811e+00
1.7757893213610809e+00
1.8007892324536834e+00
1.8257891435462850e+00
1.8507890546388863e+00
1.8757889657314881e+00
1.9007888768240904e+00
1.9257887879166939e+00
1.9507886990092960e+00
1.9757886101018975e+00
2.0007885211944973e+00
2.0257884322871007e+00
2.0507883433797049e+00
2.0757882544723056e+00
2.1007881655648988e+00
2.1257880766575012e+00
2.1507879877501010e+00
2.1757878988426991e+00
2.2007878099353091e+00
2.2257877210279013e+00
2.2507876321205069e+00
2.2757875432131240e+00
2.3007874543057527e+00
2.3257873653983561e+00
2.3507872764909767e+00
2.3757871875835672e+00
2.4007870986761457e+00
2.4257870097687744e+00
2.4507869208613635e+00
2.4757868319539797e+00
2.5007867430465791e+00
2.5257866541392606e+00
2.5507865652318973e+00
2.5757864763245517e+00
2.6007863874170978e+00
2.6257862985098908e+00
2.6507862096025234e+00
2.6757861206951570e+00
2.7007860317875809e+00
2.7257859428801146e+00
2.7507858539728112e+00
2.7757857650655957e+00
2.8007856761583625e+00
2.8257855872509392e+00
2.8507854983432512e+00
2.8757854094355215e+00
2.9007853205290952e+00
2.9257852316223554e+00
2.9507851427151901e+00
2.9757850538086266e+00
3.0007849649010434e+00
3.0257848759943591e+00
3.0507847870865614e+00
3.0757846981798016e+00
3.1007846092728557e+00
3.1257845203644048e+00
3.1507844314545741e+00
3.1757843425456507e+00
3.2007842536393785e+00
3.2257841647289287e+00
3.2507840758224393e+00
3.2757839869079262e+00
3.3007838980115660e+00
3.3257838091053480e+00
3.3507837201943098e+00
3.3757836312917471e+00
3.4007835423791528e+00
3.4257834534929064e+00
3.4507833645946278e+00
3.4757832756916951e+00
3.5007831867816934e+00
3.5257830978501108e+00
3.5507830089510879e+00
3.5757829200375548e+00
3.6007828311439636e+00
3.6257827421862867e+00
3.6507826532577701e+00
3.6757825643552109e+00
3.7007824754673866e+00
3.7257823865018138e+00
3.7507822976388114e+00
3.7757822086946708e+00
3.8007821197848113e+00
3.8257820309088659e+00
3.8507819420085654e+00
3.8757818530645736e+00
3.9007817640214277e+00
3.9257816751853620e+00
3.9507815860845845e+00
3.9757814971077816e+00
4.0007814082262607e+00
