0.0000000000000000e+00
5.0000085901197693e-02
1.0000008585418463e-01
1.4999990807481178e-01
1.9999973023720480e-01
2.4999955242241026e-01
2.9999937460761417e-01
3.4999919679281671e-01
3.9999901897802015e-01
4.4999884116322253e-01
4.9999866334842441e-01
5.4999848553362685e-01
5.9999830771882912e-01
6.4999812990403139e-01
6.9999795208923365e-01
7.4999777427443592e-01
7.9999759645963875e-01
8.4999741864484057e-01
8.9999724083004284e-01
9.4999706301524556e-01
9.9999688520044872e-01
1.0499967073856511e+00
1.0999965295708547e+00
1.1499963517560559e+00
1.1999961739412579e+00
1.2499959961264602e+00
1.2999958183116620e+00
1.3499956404968647e+00
1.3999954626820674e+00
1.4499952848672693e+00
1.4999951070524715e+00
1.5499949292376751e+00
1.5999947514228785e+00
1.6499945736080799e+00
1.6999943957932835e+00
1.7499942179784860e+00
1.7999940401636885e+00
1.8499938623488903e+00
1.8999936845340937e+00
1.9499935067192964e+00
1.9999933289044978e+00
2.0499931510897005e+00
2.0999929732749023e+00
2.1499927954601050e+00
2.1999926176453091e+00
2.2499924398305122e+00
2.2999922620157145e+00
2.3499920842009185e+00
2.3999919063861217e+00
2.4499917285713253e+00
2.4999915507565258e+00
2.5499913729417281e+00
2.5999911951269330e+00
2.6499910173121339e+00
2.6999908394973384e+00
2.7499906616825385e+00
2.7999904838677430e+00
2.8499903060529448e+00
2.8999901282381479e+00
2.9499899504233498e+00
2.9999897726085538e+00
3.0499895947937556e+00
3.0999894169789561e+00
3.1499892391641588e+00
3.1999890613493620e+00
3.2499888835345652e+00
3.2999887057197670e+00
3.3499885279049724e+00
3.3999883500901720e+00
3.4499881722753756e+00
3.4999879944605778e+00
3.5499878166457819e+00
3.5999876388309842e+00
3.6499874610161887e+00
3.6999872832013878e+00
3.7499871053865927e+00
3.7999869275717999e+00
3.8499867497570026e+00
3.8999865719422049e+00
3.9499863941274080e+00
3.9999862163126081e+00
4.0499860384978152e+00
4.0999858606830086e+00
4.1499856828682127e+00
4.1999855050534078e+00
4.2499853272386154e+00
4.2999851494238195e+00
4.3499849716090129e+00
4.3999847937942302e+00
4.4499846159794156e+00
4.4999844381645966e+00
4.5499842603498166e+00
4.5999840825350420e+00
4.6499839047202398e+00
4.6999837269054385e+00
4.7499835490905973e+00
4.7999833712758235e+00
4.8499831934610329e+00
4.8999830156462085e+00
4.9499828378313966e+00
4.9999826600165624e+00
5.0499824822018287e+00
5.0999823043870780e+00
5.1499821265723069e+00
5.1999819487573449e+00
5.2499817709428145e+00
5.2999815931281180e+00
5.3499814153133602e+00
5.3999812374984861e+00
5.4499810596838589e+00
5.4999808818689049e+00
5.5499807040544979e+00
5.5999805262398041e+00
5.6499803484252160e+00
5.6999801706101234e+00
5.7499799927952573e+00
5.7999798149823709e+00
5.8499796371676851e+00
5.8999794593537525e+00
5.9499792815395773e+00
5.9999791037246588e+00
6.0499789259096719e+00
6.0999787480953600e+00
6.1499785702806182e+00
6.1999783924672416e+00
6.2499782146502252e+00
6.2999780368328073e+00
6.3499778590172449e+00
6.3999776812051969e+00
6.4499775033933640e+00
6.4999773255814555e+00
6.5499771477660307e+00
6.5999769699637456e+00
6.6499767921493351e+00
6.6999766143372375e+00
6.7499764365260999e+00
6.7999762587164376e+00
6.8499760809413965e+00
6.8999759031270598e+00
6.9499757252960146e+00
6.9999755474835261e+00
7.0499753696098857e+00
7.0999751918069576e+00
7.1499750139698381e+00
7.1999748361724345e+00
7.2499746582871900e+00
7.2999744804762114e+00
7.3499743026880253e+00
7.3999741249365290e+00
7.4499739471061011e+00
7.4999737694221240e+00
7.5499735915799207e+00
7.5999734137310924e+00
7.6499732359504309e+00
7.6999730579905421e+00
7.7499728800737149e+00
7.7999727021253031e+00
7.8499725243617542e+00
7.8999723462123308e+00
7.9499721682779096e+00
7.9999719913012379e+00
