0.0000000000000000e+00
-3.5000691496059937e+02
-3.4999999981198260e+02
-3.5000886675349801e+02
-3.5000886529901913e+02
-3.5000886487447502e+02
-3.5000886487494427e+02
-3.5000886487489026e+02
-3.5000886487483911e+02
-3.5000886487481887e+02
-3.5000886487481341e+02
-3.5000886487479681e+02
-3.5000886487476009e+02
-3.5000886487478328e+02
-3.5000886487476077e+02
-3.5000886487476265e+02
-3.5000886487478436e+02
-3.5000886487477544e+02
-3.5000886487489026e+02
-3.5000886487481159e+02
-3.5000886487482137e+02
-3.5000886487485536e+02
-3.5000886487492249e+02
-3.5000886487481284e+02
-3.5000886487476401e+02
-3.5000886487475532e+02
-3.5000886487472218e+02
-3.5000886487469984e+02
-3.5000886487466198e+02
-3.5000886487470791e+02
-3.5000886487470802e+02
-3.5000886487468472e+02
-3.5000886487477419e+02
-3.5000886487470569e+02
-3.5000886487467807e+02
-3.5000886487460519e+02
-3.5000886487453897e+02
-3.5000886487465971e+02
-3.5000886487458547e+02
-3.5000886487462947e+02
-3.5000886487458394e+02
-3.5000886487456046e+02
-3.5000886487456125e+02
-3.5000886487466914e+02
-3.5000886487474446e+02
-3.5000886487491414e+02
-3.5000886487488503e+02
-3.5000886487481534e+02
-3.5000886487483933e+02
-3.5000886487482046e+02
-3.5000886487483092e+02
-3.5000886487486173e+02
-3.5000886487487639e+02
-3.5000886487483558e+02
-3.5000886487505971e+02
-3.5000886487478783e+02
-3.5000886487475844e+02
-3.5000886487473196e+02
-3.5000886487482086e+02
-3.5000886487478328e+02
-3.5000886487469120e+02
-3.5000886487475736e+02
-3.5000886487460326e+02
-3.5000886487462225e+02
-3.5000886487474571e+02
-3.5000886487482080e+02
-3.5000886487451066e+02
-3.5000886487483876e+02
-3.5000886487475958e+02
-3.5000886487459888e+02
-3.5000886487456421e+02
-3.5000886487484354e+02
-3.5000886487483410e+02
-3.5000886487486935e+02
-3.5000886487460855e+02
-3.5000886487466306e+02
-3.5000886487457706e+02
-3.5000886487462861e+02
-3.5000886487477993e+02
-3.5000886487463822e+02
-3.5000886487474611e+02
-3.5000886487464356e+02
-3.5000886487459178e+02
-3.5000886487465993e+02
-3.5000886487503186e+02
-3.5000886487490146e+02
-3.5000886487470780e+02
-3.5000886487461855e+02
-3.5000886487475725e+02
-3.5000886487448980e+02
-3.5000886487471581e+02
-3.5000886487488157e+02
-3.5000886487480238e+02
-3.5000886487402749e+02
-3.5000886487410895e+02
-3.5000886487405484e+02
-3.5000886487397315e+02
-3.5000886487486491e+02
-3.5000886487460036e+02
-3.5000886487434462e+02
-3.5000886487380836e+02
-3.5000886487359435e+02
-3.5000886487507682e+02
-3.5000886487498877e+02
-3.5000886487461690e+02
-3.5000886487442477e+02
-3.5000886487349106e+02
-3.5000886487411037e+02
-3.5000886487458797e+02
-3.5000886487376187e+02
-3.5000886487433519e+02
-3.5000886487456182e+02
-3.5000886487332843e+02
-3.5000886487429170e+02
-3.5000886487504954e+02
-3.5000886487469785e+02
-3.5000886487243383e+02
-3.5000886487478715e+02
-3.5000886487492613e+02
-3.5000886487352744e+02
-3.5000886487295594e+02
-3.5000886487481148e+02
-3.5000886487350510e+02
-3.5000886487394894e+02
-3.5000886487673154e+02
-3.5000886487562605e+02
-3.5000886487450725e+02
-3.5000886487217338e+02
-3.5000886487360606e+02
-3.5000886487297930e+02
-3.5000886487671727e+02
-3.5000886487669896e+02
-3.5000886487499292e+02
-3.5000886487327267e+02
-3.5000886487218094e+02
-3.5000886486904528e+02
-3.5000886487306184e+02
-3.5000886487172107e+02
-3.5000886487458644e+02
-3.5000886487961856e+02
-3.5000886486574370e+02
-3.5000886487773136e+02
-3.5000886488224654e+02
-3.5000886488209460e+02
-3.5000886486922769e+02
-3.5000886486260964e+02
-3.5000886487374532e+02
-3.5000886487018749e+02
-3.5000886486692536e+02
-3.5000886486187903e+02
-3.5000886487217508e+02
-3.5000886487025912e+02
-3.5000886488082961e+02
-3.5000886487893746e+02
-3.5000886487516550e+02
-3.5000886483365741e+02
-3.5000886488011139e+02
-3.5000886489556910e+02
-3.5000886491353060e+02
-3.5000886488193322e+02
-3.5000886485575904e+02
