0.0000000000000000e+00
-6.8290593981008224e-03
1.4100412496516549e-07
-9.0445328704831466e-03
-9.0431366253668245e-03
-9.0426892704765522e-03
-9.0426897431386405e-03
-9.0426896885735554e-03
-9.0426896373169835e-03
-9.0426896142592715e-03
-9.0426896130516039e-03
-9.0426895958288997e-03
-9.0426895596627931e-03
-9.0426895777622231e-03
-9.0426895549760994e-03
-9.0426895653980977e-03
-9.0426895785885864e-03
-9.0426895757135355e-03
-9.0426896869476754e-03
-9.0426896094109276e-03
-9.0426896200383518e-03
-9.0426896532019903e-03
-9.0426897218520395e-03
-9.0426896078044626e-03
-9.0426895597190728e-03
-9.0426895529029175e-03
-9.0426895206474726e-03
-9.0426894976991454e-03
-9.0426894627886074e-03
-9.0426895062866528e-03
-9.0426895065938845e-03
-9.0426894868411486e-03
-9.0426895694794250e-03
-9.0426895029243823e-03
-9.0426894751211503e-03
-9.0426894053927849e-03
-9.0426893365827318e-03
-9.0426894605409557e-03
-9.0426893841274898e-03
-9.0426894269821922e-03
-9.0426893803653274e-03
-9.0426893560152915e-03
-9.0426893622247186e-03
-9.0426894666122033e-03
-9.0426895436637733e-03
-9.0426897071495208e-03
-9.0426896779845951e-03
-9.0426896144189858e-03
-9.0426896376583476e-03
-9.0426896202761668e-03
-9.0426896288229794e-03
-9.0426896599040026e-03
-9.0426896718660728e-03
-9.0426896317937714e-03
-9.0426898568011609e-03
-9.0426895827044988e-03
-9.0426895560304574e-03
-9.0426895309480247e-03
-9.0426896205479720e-03
-9.0426895820711617e-03
-9.0426894945733229e-03
-9.0426895546647373e-03
-9.0426894037295077e-03
-9.0426894185839605e-03
-9.0426895452479974e-03
-9.0426896175165618e-03
-9.0426893154192979e-03
-9.0426896345822492e-03
-9.0426895588544588e-03
-9.0426893939980213e-03
-9.0426893624535078e-03
-9.0426896419172984e-03
-9.0426896269040786e-03
-9.0426896603249124e-03
-9.0426894073466543e-03
-9.0426894602459451e-03
-9.0426893678338654e-03
-9.0426894299519382e-03
-9.0426895787507500e-03
-9.0426894398652948e-03
-9.0426895415393581e-03
-9.0426894509019265e-03
-9.0426894229632543e-03
-9.0426894538289931e-03
-9.0426898218057723e-03
-9.0426896729515135e-03
-9.0426895084471763e-03
-9.0426894243626210e-03
-9.0426895492279943e-03
-9.0426892949436836e-03
-9.0426895957734441e-03
-9.0426897194129663e-03
-9.0426896331208054e-03
-9.0426888426691620e-03
-9.0426890033500577e-03
-9.0426889415334208e-03
-9.0426886070508767e-03
-9.0426897795684632e-03
-9.0426894247416963e-03
-9.0426892609686525e-03
-9.0426887216403119e-03
-9.0426885253481592e-03
-9.0426899216703993e-03
-9.0426899186009067e-03
-9.0426897091681214e-03
-9.0426892053243422e-03
-9.0426881144743572e-03
-9.0426889480588607e-03
-9.0426888457017657e-03
-9.0426876629692583e-03
-9.0426900405866477e-03
-9.0426889416086679e-03
-9.0426885189070789e-03
-9.0426883354237167e-03
-9.0426895161821799e-03
-9.0426882045519241e-03
-9.0426852187290557e-03
-9.0426922578913816e-03
-9.0426880796496308e-03
-9.0426899788009808e-03
-9.0426874379328937e-03
-9.0426933965852465e-03
-9.0426851265688907e-03
-9.0426912654393687e-03
-9.0426891243713982e-03
-9.0426929522943560e-03
-9.0426869382467887e-03
-9.0426823311674665e-03
-9.0426842032137137e-03
-9.0426646351794912e-03
-9.0426852912593413e-03
-9.0426619177390432e-03
-9.0426965190245571e-03
-9.0426933695988733e-03
-9.0426623670572942e-03
-9.0426923081815321e-03
-9.0426489549446393e-03
-9.0426496369550718e-03
-9.0427297126539092e-03
-9.0427690940737531e-03
-9.0426636812906032e-03
-9.0427759486415033e-03
-9.0426951744717980e-03
-9.0427430415037681e-03
-9.0426890151725225e-03
-9.0426847764514106e-03
-9.0425774603476727e-03
-9.0426147059716449e-03
-9.0425615440726421e-03
-9.0424685661923947e-03
-9.0424475237194137e-03
-9.0426096468320758e-03
-9.0427893982788724e-03
-9.0427242477748235e-03
-9.0431966104524246e-03
-9.0428304696118234e-03
-9.0425289271726574e-03
-9.0428413197503766e-03
-9.0429686424843662e-03
-9.0427619500212855e-03
-9.0400578175476188e-03
