2.9999999999999983e+02
3.5000008590119728e+02
3.4999999995298674e+02
3.4999982222062664e+02
3.4999982216239272e+02
3.4999982218520529e+02
3.4999982218520370e+02
3.4999982218520233e+02
3.4999982218520313e+02
3.4999982218520228e+02
3.4999982218520165e+02
3.4999982218520199e+02
3.4999982218520222e+02
3.4999982218520211e+02
3.4999982218520205e+02
3.4999982218520239e+02
3.4999982218520222e+02
3.4999982218520177e+02
3.4999982218520228e+02
3.4999982218520228e+02
3.4999982218520233e+02
3.4999982218520256e+02
3.4999982218520324e+02
3.4999982218520142e+02
3.4999982218520228e+02
3.4999982218520171e+02
3.4999982218520182e+02
3.4999982218520239e+02
3.4999982218520188e+02
3.4999982218520256e+02
3.4999982218520171e+02
3.4999982218520256e+02
3.4999982218520245e+02
3.4999982218520222e+02
3.4999982218520273e+02
3.4999982218520256e+02
3.4999982218520188e+02
3.4999982218520245e+02
3.4999982218520233e+02
3.4999982218520228e+02
3.4999982218520199e+02
3.4999982218520182e+02
3.4999982218520188e+02
3.4999982218520330e+02
3.4999982218520188e+02
3.4999982218520285e+02
3.4999982218520267e+02
3.4999982218520211e+02
3.4999982218520245e+02
3.4999982218520256e+02
3.4999982218520177e+02
3.4999982218520188e+02
3.4999982218520256e+02
3.4999982218520142e+02
3.4999982218520381e+02
3.4999982218520068e+02
3.4999982218520250e+02
3.4999982218520267e+02
3.4999982218520302e+02
3.4999982218520171e+02
3.4999982218520120e+02
3.4999982218520222e+02
3.4999982218520222e+02
3.4999982218520245e+02
3.4999982218520108e+02
3.4999982218520347e+02
3.4999982218520080e+02
3.4999982218520444e+02
3.4999982218520108e+02
3.4999982218520188e+02
3.4999982218520177e+02
3.4999982218520347e+02
3.4999982218520290e+02
3.4999982218520370e+02
3.4999982218519972e+02
3.4999982218520381e+02
3.4999982218520665e+02
3.4999982218520279e+02
3.4999982218520205e+02
3.4999982218520211e+02
3.4999982218520086e+02
3.4999982218520449e+02
3.4999982218519517e+02
3.4999982218520415e+02
3.4999982218519528e+02
3.4999982218520825e+02
3.4999982218520250e+02
3.4999982218519381e+02
3.4999982218521529e+02
3.4999982218518448e+02
3.4999982218518289e+02
3.4999982218521882e+02
3.4999982218522416e+02
3.4999982218519801e+02
3.4999982218519938e+02
3.4999982218515794e+02
3.4999982218522581e+02
3.4999982218520779e+02
3.4999982218517596e+02
3.4999982218518716e+02
3.4999982218516499e+02
3.4999982218526736e+02
3.4999982218525031e+02
3.4999982218522831e+02
3.4999982218503584e+02
3.4999982218546938e+02
3.4999982218530397e+02
3.4999982218524173e+02
3.4999982218512577e+02
3.4999982218537122e+02
3.4999982218504726e+02
3.4999982218559057e+02
3.4999982218530533e+02
3.4999982218541413e+02
3.4999982218490663e+02
3.4999982218513298e+02
3.4999982218711375e+02
3.4999982218531443e+02
3.4999982218606715e+02
3.4999982218582232e+02
3.4999982218508330e+02
3.4999982218501458e+02
3.4999982218568488e+02
3.4999982218526020e+02
3.4999982218662279e+02
3.4999982218298197e+02
3.4999982218258037e+02
3.4999982218443847e+02
3.4999982218795202e+02
3.4999982218816729e+02
3.4999982218809356e+02
3.4999982218457649e+02
3.4999982219771510e+02
3.4999982218558711e+02
3.4999982218789904e+02
3.4999982218886572e+02
3.4999982219033677e+02
3.4999982222495726e+02
3.4999982218566413e+02
3.4999982216895518e+02
3.4999982218751092e+02
3.4999982212636235e+02
3.4999982219707147e+02
3.4999982216288419e+02
3.4999982220259210e+02
3.4999982211475708e+02
3.4999982218901857e+02
3.4999982221181523e+02
3.4999982224850271e+02
3.4999982216957108e+02
3.4999982231602309e+02
3.4999982215779892e+02
3.4999982215116785e+02
3.4999982221933715e+02
3.4999982204010979e+02
3.4999982208317329e+02
3.4999982205158835e+02
3.4999982223645429e+02
3.4999982185057650e+02
3.4999982206557848e+02
3.4999982302330494e+02
