0.0000000000000000e+00
-6.8290593969922292e-03
1.4100236690035472e-07
-9.0445328729456334e-03
-9.0431366298370456e-03
-9.0426892720072462e-03
-9.0426897411145773e-03
-9.0426896876803879e-03
-9.0426896345438962e-03
-9.0426896169491285e-03
-9.0426896138615497e-03
-9.0426895944809797e-03
-9.0426895598292416e-03
-9.0426895776626760e-03
-9.0426895627573819e-03
-9.0426895612221482e-03
-9.0426895814002834e-03
-9.0426895754415586e-03
-9.0426896857721869e-03
-9.0426896068652174e-03
-9.0426896202434257e-03
-9.0426896535571854e-03
-9.0426897180193293e-03
-9.0426896091687029e-03
-9.0426895638727224e-03
-9.0426895545777566e-03
-9.0426895209580731e-03
-9.0426894992298341e-03
-9.0426894611746952e-03
-9.0426895085500402e-03
-9.0426895062832857e-03
-9.0426894849389341e-03
-9.0426895716922348e-03
-9.0426895039230834e-03
-9.0426894736736901e-03
-9.0426894033850454e-03
-9.0426893375977532e-03
-9.0426894558210593e-03
-9.0426893839833395e-03
-9.0426894274978700e-03
-9.0426893827891923e-03
-9.0426893568415628e-03
-9.0426893603388278e-03
-9.0426894615430915e-03
-9.0426895425432322e-03
-9.0426897092404784e-03
-9.0426896811901282e-03
-9.0426896135094859e-03
-9.0426896328166025e-03
-9.0426896192225270e-03
-9.0426896301872249e-03
-9.0426896600927526e-03
-9.0426896758815500e-03
-9.0426896309615274e-03
-9.0426898561799599e-03
-9.0426895883725152e-03
-9.0426895526138813e-03
-9.0426895317579740e-03
-9.0426896183128571e-03
-9.0426895832912534e-03
-9.0426894936192284e-03
-9.0426895534669455e-03
-9.0426894021988138e-03
-9.0426894183788832e-03
-9.0426895433011831e-03
-9.0426896170841160e-03
-9.0426893127903592e-03
-9.0426896339833550e-03
-9.0426895569908749e-03
-9.0426893961276095e-03
-9.0426893603239231e-03
-9.0426896444689847e-03
-9.0426896264939310e-03
-9.0426896649006619e-03
-9.0426894064980848e-03
-9.0426894532077036e-03
-9.0426893749553268e-03
-9.0426894207661906e-03
-9.0426895764829911e-03
-9.0426894381621745e-03
-9.0426895457256587e-03
-9.0426894249096175e-03
-9.0426893762903006e-03
-9.0426894547580156e-03
-9.0426898497715617e-03
-9.0426897155986407e-03
-9.0426895061184939e-03
-9.0426894266483100e-03
-9.0426895306079946e-03
-9.0426893122750891e-03
-9.0426894679598753e-03
-9.0426896015576384e-03
-9.0426895174623937e-03
-9.0426888205430711e-03
-9.0426888170122583e-03
-9.0426888534536967e-03
-9.0426888879925615e-03
-9.0426895360231820e-03
-9.0426894254453764e-03
-9.0426890598543294e-03
-9.0426885651796844e-03
-9.0426881321252692e-03
-9.0426897289705137e-03
-9.0426895948975804e-03
-9.0426894512210480e-03
-9.0426887077086938e-03
-9.0426882657640793e-03
-9.0426887905982571e-03
-9.0426900730307905e-03
-9.0426891212000045e-03
-9.0426885305660998e-03
-9.0426889910529881e-03
-9.0426875265062941e-03
-9.0426894309897123e-03
-9.0426907726275842e-03
-9.0426909235501486e-03
-9.0426854217056166e-03
-9.0426866932099073e-03
-9.0426896310763713e-03
-9.0426854317061534e-03
-9.0426883050295399e-03
-9.0426861976371717e-03
-9.0426905099258593e-03
-9.0426861119555814e-03
-9.0426910946571504e-03
-9.0426923356106883e-03
-9.0426969199802944e-03
-9.0426931396380295e-03
-9.0426871034246289e-03
-9.0427049898541712e-03
-9.0426919535134404e-03
-9.0427223209635817e-03
-9.0426580365539355e-03
-9.0426820011437290e-03
-9.0427061949640095e-03
-9.0426680495155117e-03
-9.0427164890244712e-03
-9.0426438922360224e-03
-9.0426481276169972e-03
-9.0426522324070606e-03
-9.0426927807768457e-03
-9.0427267835939094e-03
-9.0426751829718946e-03
-9.0426953763861756e-03
-9.0426442562919884e-03
-9.0428109187588937e-03
-9.0427919944737461e-03
-9.0427020389804158e-03
-9.0426752983084335e-03
-9.0429160509285927e-03
-9.0426647832710077e-03
-9.0428152804352228e-03
-9.0426699238289870e-03
-9.0425949578960517e-03
-9.0424734990004335e-03
-9.0426705000529461e-03
-9.0431281207464364e-03
-9.0424769131316023e-03
-9.0431572692903518e-03
-9.0428707615946135e-03
-9.0436070901448399e-03
