0.0000000000000000e+00
3.5000008590120183e+02
3.4999999995298589e+02
3.4999982222062624e+02
3.4999982216239158e+02
3.4999982218520370e+02
3.4999982218520233e+02
3.4999982218520228e+02
3.4999982218520324e+02
3.4999982218520341e+02
3.4999982218520000e+02
3.4999982218520154e+02
3.4999982218520040e+02
3.4999982218520563e+02
3.4999982218520188e+02
3.4999982218519938e+02
3.4999982218520449e+02
3.4999982218519978e+02
3.4999982218520387e+02
3.4999982218520330e+02
3.4999982218520120e+02
3.4999982218520199e+02
3.4999982218520267e+02
3.4999982218520444e+02
3.4999982218520222e+02
3.4999982218520154e+02
3.4999982218520137e+02
3.4999982218520142e+02
3.4999982218520023e+02
3.4999982218520063e+02
3.4999982218520188e+02
3.4999982218519892e+02
3.4999982218520398e+02
3.4999982218520228e+02
3.4999982218520364e+02
3.4999982218520063e+02
3.4999982218520199e+02
3.4999982218520131e+02
3.4999982218520142e+02
3.4999982218520233e+02
3.4999982218520239e+02
3.4999982218520415e+02
3.4999982218520017e+02
3.4999982218520489e+02
3.4999982218520125e+02
3.4999982218520580e+02
3.4999982218520552e+02
3.4999982218520120e+02
3.4999982218520415e+02
3.4999982218520063e+02
3.4999982218520137e+02
3.4999982218520177e+02
3.4999982218520256e+02
3.4999982218520438e+02
3.4999982218520330e+02
3.4999982218520228e+02
3.4999982218520404e+02
3.4999982218520051e+02
3.4999982218520142e+02
3.4999982218520074e+02
3.4999982218519716e+02
3.4999982218520324e+02
3.4999982218520017e+02
3.4999982218520393e+02
3.4999982218520125e+02
3.4999982218520336e+02
3.4999982218519659e+02
3.4999982218520483e+02
3.4999982218520177e+02
3.4999982218520387e+02
3.4999982218520290e+02
3.4999982218520046e+02
3.4999982218520734e+02
3.4999982218520688e+02
3.4999982218520154e+02
3.4999982218520631e+02
3.4999982218520552e+02
3.4999982218520296e+02
3.4999982218520239e+02
3.4999982218519909e+02
3.4999982218520250e+02
3.4999982218520563e+02
3.4999982218519222e+02
3.4999982218520574e+02
3.4999982218519614e+02
3.4999982218520705e+02
3.4999982218520040e+02
3.4999982218519307e+02
3.4999982218521734e+02
3.4999982218518619e+02
3.4999982218518392e+02
3.4999982218522132e+02
3.4999982218522700e+02
3.4999982218519597e+02
3.4999982218519881e+02
3.4999982218515743e+02
3.4999982218522558e+02
3.4999982218520699e+02
3.4999982218517528e+02
3.4999982218518403e+02
3.4999982218516493e+02
3.4999982218526560e+02
3.4999982218525156e+02
3.4999982218523201e+02
3.4999982218503681e+02
3.4999982218546808e+02
3.4999982218530090e+02
3.4999982218524104e+02
3.4999982218512855e+02
3.4999982218536968e+02
3.4999982218504971e+02
3.4999982218559546e+02
3.4999982218530573e+02
3.4999982218540845e+02
3.4999982218490504e+02
3.4999982218513361e+02
3.4999982218711375e+02
3.4999982218531170e+02
3.4999982218607067e+02
3.4999982218582198e+02
3.4999982218508444e+02
3.4999982218501430e+02
3.4999982218568692e+02
3.4999982218526031e+02
3.4999982218662194e+02
3.4999982218298231e+02
3.4999982218257827e+02
3.4999982218443796e+02
3.4999982218795265e+02
3.4999982218816672e+02
3.4999982218809464e+02
3.4999982218457950e+02
3.4999982219771499e+02
3.4999982218558733e+02
3.4999982218790018e+02
3.4999982218886657e+02
3.4999982219033973e+02
3.4999982222495646e+02
3.4999982218566629e+02
3.4999982216895546e+02
3.4999982218751273e+02
3.4999982212636525e+02
3.4999982219706783e+02
3.4999982216288572e+02
3.4999982220259193e+02
3.4999982211476203e+02
3.4999982218901800e+02
3.4999982221181506e+02
3.4999982224850396e+02
3.4999982216957045e+02
3.4999982231602161e+02
3.4999982215779528e+02
3.4999982215116847e+02
3.4999982221933465e+02
3.4999982204011087e+02
3.4999982208317255e+02
3.4999982205158739e+02
3.4999982223645281e+02
3.4999982185057456e+02
3.4999982206557752e+02
3.4999982302330511e+02
