0.0000000000000000e+00
0.0000000000000000e+00
0.0000000000000000e+00
0.0000000000000000e+00
0.0000000000000000e+00
0.0000000000000000e+00
0.0000000000000000e+00
0.0000000000000000e+00
-2.3531828832427486e+00
-7.9315529616607572e+00
-1.3624605041844859e+01
-1.3624605041844859e+01
-1.3624605041844859e+01
-1.3624605041844859e+01
-1.3624605041844859e+01
-1.3624605041844859e+01
-1.3624605041844859e+01
-1.3624605041844859e+01
-1.3624605041844859e+01
-1.3624605041844859e+01
-1.3624605041844859e+01
-1.3624605041844859e+01
-1.3624605041844859e+01
-1.3624605041844859e+01
-1.3624605041844859e+01
-1.3624605041844859e+01
-1.3624605041844859e+01
-1.3624605041844859e+01
-1.3624605041844859e+01
-1.0094906009008991e+01
-4.8861124476837512e+00
-4.8861124476837512e+00
-4.8861124476837512e+00
-4.8861124476837512e+00
-4.8861124476837512e+00
-4.8861124476837485e+00
-4.8861124476837485e+00
-4.8861124476837485e+00
-4.8861124476837485e+00
-4.8861124476837485e+00
-4.8861124476837485e+00
-4.8861124476837485e+00
-4.8861124476837485e+00
-4.8861124476837468e+00
-4.8861124476837468e+00
-4.8861124476837476e+00
-4.8861124476837468e+00
-4.8861124476837459e+00
-4.8861124476837459e+00
-4.8861124476837459e+00
-4.8861124476837441e+00
-4.8861124476837441e+00
-4.8861124476837441e+00
-4.8861124476837441e+00
-4.8861124476837441e+00
-4.8861124476837441e+00
-4.8861124476837441e+00
-4.8861124476837441e+00
-4.8861124476837441e+00
-4.8861124476837441e+00
-4.8861124476837441e+00
-4.8861124476837441e+00
-4.8861124476837441e+00
-4.8861124476837441e+00
-4.8861124476837441e+00
-4.8861124476837441e+00
-4.8861124476837441e+00
-4.8861124476837441e+00
-4.8861124476837441e+00
-4.8861124476837441e+00
-4.8848658791572097e+00
-4.8848658791572097e+00
-4.8848658791572097e+00
-4.8848658791572097e+00
-4.8848658791572097e+00
-4.8848658791572097e+00
-4.8848658791572097e+00
-4.8848658791572115e+00
-4.8848658791572115e+00
-4.8848658791572115e+00
-4.8848658791572115e+00
-4.8848658791572115e+00
-4.8848658791572115e+00
-4.8848658791572115e+00
-4.8848658791572115e+00
-4.8848658791572097e+00
-4.8848658791572097e+00
-4.8848658791572097e+00
-4.8848658791572106e+00
-4.8848658791572106e+00
-4.8848658791572044e+00
-4.8848658791572044e+00
-4.8848658791572044e+00
-4.8848658791572044e+00
-4.8848658791572044e+00
-4.8848658791572044e+00
-4.8848658791572044e+00
-4.8848658791572044e+00
-4.8848658791572044e+00
-4.8848658791572044e+00
-4.8848658791572044e+00
-4.8848658791572044e+00
-4.8848658791572044e+00
-4.8848658791572044e+00
-4.8848658791572044e+00
-4.8848658791572044e+00
-4.8848658791572044e+00
-4.8848658791572044e+00
-4.8848658791572044e+00
-4.8848658791572044e+00
-4.8839698403646032e+00
-4.8839698403646024e+00
-4.8839698403646006e+00
-4.8839698403646006e+00
-4.8839698403646006e+00
-4.8839698403646006e+00
-4.8839698403646006e+00
-4.8839698403646006e+00
-4.8839698403646006e+00
-4.8839698403646006e+00
-4.8839698403646006e+00
-4.8839698403646006e+00
-4.8839698403646006e+00
-4.8839698403645997e+00
-4.8839698403645997e+00
-4.8839698403645988e+00
-4.8839698403645970e+00
-4.8839698403645944e+00
-4.8839698403645935e+00
-4.8839698403645935e+00
-4.8839698403645935e+00
-4.8839698403645935e+00
-4.8839698403645935e+00
-4.8839698403645935e+00
-4.8839698403645935e+00
-4.8839698403645935e+00
-4.8839698403645935e+00
-4.8839698403645935e+00
-4.8839698403645935e+00
-4.8839698403645935e+00
-4.8839698403645935e+00
-4.8839698403645935e+00
-4.8839698403645935e+00
-4.8839698403645935e+00
-4.8839698403645935e+00
-4.8839698403645935e+00
-4.8839698403645935e+00
-4.8839698403645935e+00
-4.8839698403645935e+00
-4.8839698403645935e+00
-4.8833257593058450e+00
-4.8833257593058450e+00
-4.8833257593058450e+00
-4.8833257593058450e+00
-4.8833257593058450e+00
-4.8833257593058450e+00
-4.8833257593058450e+00
-4.8833257593058450e+00
-4.8833257593058450e+00
-4.8833257593058450e+00
-4.8833257593058450e+00
