0.0000000000000000e+00
0.0000000000000000e+00
0.0000000000000000e+00
0.0000000000000000e+00
0.0000000000000000e+00
0.0000000000000000e+00
0.0000000000000000e+00
0.0000000000000000e+00
1.7473823723785953e+00
6.1567121713718373e+00
1.0849257550634091e+01
1.0849257550634091e+01
1.0849257550634091e+01
1.0849257550634091e+01
1.0849257550634091e+01
1.0849257550634091e+01
1.0849257550634091e+01
1.0849257550634091e+01
1.0849257550634091e+01
1.0849257550634089e+01
1.0849257550634093e+01
1.0849257550634093e+01
1.0849257550634096e+01
1.0849257550634096e+01
1.0849257550634093e+01
1.0849257550634091e+01
1.0849257550634091e+01
1.0849257550634091e+01
1.0849257550634093e+01
8.5194818586040437e+00
4.7909030084320925e+00
4.7909030084320925e+00
4.7909030084320925e+00
4.7909030084320925e+00
4.7909030084320925e+00
4.7909030084320925e+00
4.7909030084320925e+00
4.7909030084320925e+00
4.7909030084320925e+00
4.7909030084320925e+00
4.7909030084320925e+00
4.7909030084320925e+00
4.7909030084320925e+00
4.7909030084320925e+00
4.7909030084320925e+00
4.7909030084320925e+00
4.7909030084320925e+00
4.7909030084320925e+00
4.7909030084320925e+00
4.7909030084320925e+00
4.7909030084320925e+00
4.7909030084320925e+00
4.7909030084320943e+00
4.7909030084320952e+00
4.7909030084320952e+00
4.7909030084320943e+00
4.7909030084320960e+00
4.7909030084320925e+00
4.7909030084320907e+00
4.7909030084320907e+00
4.7909030084320907e+00
4.7909030084320889e+00
4.7909030084320872e+00
4.7909030084320854e+00
4.7909030084320863e+00
4.7909030084320854e+00
4.7909030084320854e+00
4.7909030084320818e+00
4.7909030084320836e+00
4.7909030084320845e+00
4.7900107186055001e+00
4.7900107186055001e+00
4.7900107186055001e+00
4.7900107186055001e+00
4.7900107186055001e+00
4.7900107186055001e+00
4.7900107186055001e+00
4.7900107186055001e+00
4.7900107186055001e+00
4.7900107186055001e+00
4.7900107186055001e+00
4.7900107186055001e+00
4.7900107186055001e+00
4.7900107186055001e+00
4.7900107186055001e+00
4.7900107186055001e+00
4.7900107186055001e+00
4.7900107186055001e+00
4.7900107186055001e+00
4.7900107186055001e+00
4.7900107186055001e+00
4.7900107186055001e+00
4.7900107186054992e+00
4.7900107186054992e+00
4.7900107186054974e+00
4.7900107186054974e+00
4.7900107186054992e+00
4.7900107186054957e+00
4.7900107186054939e+00
4.7900107186054939e+00
4.7900107186054939e+00
4.7900107186054903e+00
4.7900107186054885e+00
4.7900107186054903e+00
4.7900107186054877e+00
4.7900107186054868e+00
4.7900107186054868e+00
4.7900107186054868e+00
4.7900107186054868e+00
4.7900107186054885e+00
4.7893693254290275e+00
4.7893693254290275e+00
4.7893693254290275e+00
4.7893693254290275e+00
4.7893693254290275e+00
4.7893693254290275e+00
4.7893693254290275e+00
4.7893693254290275e+00
4.7893693254290275e+00
4.7893693254290275e+00
4.7893693254290275e+00
4.7893693254290275e+00
4.7893693254290275e+00
4.7893693254290275e+00
4.7893693254290275e+00
4.7893693254290275e+00
4.7893693254290275e+00
4.7893693254290275e+00
4.7893693254290275e+00
4.7893693254290275e+00
4.7893693254290275e+00
4.7893693254290275e+00
4.7893693254290275e+00
4.7893693254290284e+00
4.7893693254290266e+00
4.7893693254290248e+00
4.7893693254290230e+00
4.7893693254290257e+00
4.7893693254290239e+00
4.7893693254290222e+00
4.7893693254290222e+00
4.7893693254290204e+00
4.7893693254290186e+00
4.7893693254290186e+00
4.7893693254290186e+00
4.7893693254290204e+00
4.7893693254290186e+00
4.7893693254290177e+00
4.7893693254290177e+00
4.7893693254290177e+00
4.7889082801137217e+00
4.7889082801137217e+00
4.7889082801137217e+00
4.7889082801137217e+00
4.7889082801137217e+00
4.7889082801137217e+00
4.7889082801137217e+00
4.7889082801137217e+00
4.7889082801137217e+00
4.7889082801137217e+00
4.7889082801137217e+00
