0.0000000000000000e+00
0.0000000000000000e+00
0.0000000000000000e+00
0.0000000000000000e+00
0.0000000000000000e+00
0.0000000000000000e+00
0.0000000000000000e+00
0.0000000000000000e+00
6.0580051086415343e-01
1.7748407902889227e+00
2.7753474912107592e+00
2.7753474912107592e+00
2.7753474912107592e+00
2.7753474912107592e+00
2.7753474912107592e+00
2.7753474912107592e+00
2.7753474912107592e+00
2.7753474912107592e+00
2.7753474912107592e+00
2.7753474912107592e+00
2.7753474912107592e+00
2.7753474912107592e+00
2.7753474912107592e+00
2.7753474912107592e+00
2.7753474912107592e+00
2.7753474912107592e+00
2.7753474912107592e+00
2.7753474912107592e+00
2.7753474912107592e+00
1.5754241504049329e+00
9.5209439251648875e-02
9.5209439251648875e-02
9.5209439251648875e-02
9.5209439251648875e-02
9.5209439251648875e-02
9.5209439251648875e-02
9.5209439251648875e-02
9.5209439251648875e-02
9.5209439251648875e-02
9.5209439251648875e-02
9.5209439251648875e-02
9.5209439251648875e-02
9.5209439251648875e-02
9.5209439251648875e-02
9.5209439251648875e-02
9.5209439251648875e-02
9.5209439251648875e-02
9.5209439251648875e-02
9.5209439251648875e-02
9.5209439251648875e-02
9.5209439251648875e-02
9.5209439251648875e-02
9.5209439251648875e-02
9.5209439251648875e-02
9.5209439251648875e-02
9.5209439251648875e-02
9.5209439251648875e-02
9.5209439251648875e-02
9.5209439251648875e-02
9.5209439251648875e-02
9.5209439251648875e-02
9.5209439251648875e-02
9.5209439251648875e-02
9.5209439251648875e-02
9.5209439251648875e-02
9.5209439251648875e-02
9.5209439251648875e-02
9.5209439251648875e-02
9.5209439251648875e-02
9.5209439251648875e-02
9.4855160551698042e-02
9.4855160551698042e-02
9.4855160551698042e-02
9.4855160551698042e-02
9.4855160551698042e-02
9.4855160551698042e-02
9.4855160551698042e-02
9.4855160551698042e-02
9.4855160551698042e-02
9.4855160551698042e-02
9.4855160551698042e-02
9.4855160551698042e-02
9.4855160551698042e-02
9.4855160551698042e-02
9.4855160551698042e-02
9.4855160551698042e-02
9.4855160551698042e-02
9.4855160551698042e-02
9.4855160551698042e-02
9.4855160551698042e-02
9.4855160551698042e-02
9.4855160551698042e-02
9.4855160551698042e-02
9.4855160551698042e-02
9.4855160551698042e-02
9.4855160551698042e-02
9.4855160551698042e-02
9.4855160551698042e-02
9.4855160551698042e-02
9.4855160551698042e-02
9.4855160551698042e-02
9.4855160551698042e-02
9.4855160551698042e-02
9.4855160551698042e-02
9.4855160551698042e-02
9.4855160551698042e-02
9.4855160551698042e-02
9.4855160551698042e-02
9.4855160551698042e-02
9.4855160551698042e-02
9.4600514935553673e-02
9.4600514935553673e-02
9.4600514935553673e-02
9.4600514935553673e-02
9.4600514935553673e-02
9.4600514935553673e-02
9.4600514935553673e-02
9.4600514935553673e-02
9.4600514935553673e-02
9.4600514935553673e-02
9.4600514935553673e-02
9.4600514935553673e-02
9.4600514935553673e-02
9.4600514935553673e-02
9.4600514935553673e-02
9.4600514935553673e-02
9.4600514935553673e-02
9.4600514935553673e-02
9.4600514935553673e-02
9.4600514935553673e-02
9.4600514935553673e-02
9.4600514935553673e-02
9.4600514935553673e-02
9.4600514935553673e-02
9.4600514935553673e-02
9.4600514935553673e-02
9.4600514935553673e-02
9.4600514935553673e-02
9.4600514935553673e-02
9.4600514935553673e-02
9.4600514935553673e-02
9.4600514935553673e-02
9.4600514935553673e-02
9.4600514935553673e-02
9.4600514935553673e-02
9.4600514935553673e-02
9.4600514935553673e-02
9.4600514935553673e-02
9.4600514935553673e-02
9.4600514935553673e-02
9.4417479192103748e-02
9.4417479192103748e-02
9.4417479192103748e-02
9.4417479192103748e-02
9.4417479192103748e-02
9.4417479192103748e-02
9.4417479192103748e-02
9.4417479192103748e-02
9.4417479192103748e-02
9.4417479192103748e-02
9.4417479192103748e-02
