0.0000000000000000e+00
-3.7500000000931493e-04
-7.5000000001074403e-04
-1.1251406777682627e-03
-1.5000000000956158e-03
-1.8749998946307562e-03
-2.2501404668434414e-03
-2.6254218223198695e-03
-3.3302589921398130e-03
-4.4981760519347009e-03
-5.6896132566527698e-03
-5.3146152251926293e-03
-4.9397577645433274e-03
-4.5650407693564815e-03
-4.1896152257959712e-03
-3.8143305736797837e-03
-3.4396152254854780e-03
-3.0646152254676369e-03
-2.6897557977377086e-03
-2.3146152254492191e-03
-1.9396153308373146e-03
-1.5646152253637332e-03
-1.1896152253646306e-03
-8.1475579765161686e-04
-4.3961522544981428e-04
-6.4615330924633024e-05
3.1024399139255207e-04
6.8538477455034491e-04
1.0603848798728434e-03
1.9198333382621691e-03
3.0206533623148542e-03
2.6456534869211254e-03
2.2705129338642521e-03
1.8952315975576423e-03
1.5206534864389658e-03
1.1459350139811754e-03
7.7065348672596004e-04
3.9565348672534844e-04
2.0653486810074396e-05
-3.5434651319006950e-04
-7.2934651318983695e-04
-1.1043465131905634e-03
-1.4793465131898514e-03
-1.8544871909462336e-03
-2.2293465132758074e-03
-2.6043464078130216e-03
-2.9794869800269809e-03
-3.3547683355047079e-03
-3.7293465135623764e-03
-4.1040650530089970e-03
-4.4789240590766702e-03
-4.1043465130403741e-03
-3.7293465133502873e-03
-3.3544870859470569e-03
-2.9793465132755270e-03
-2.6043466182810015e-03
-2.2294872954952607e-03
-1.8543465132753803e-03
-1.4793464088896304e-03
-1.1043465131900711e-03
-7.2934651319075646e-04
-3.5434651319072512e-04
2.0653486808964227e-05
3.9551291452220671e-04
7.7065348672439738e-04
1.1456533812500892e-03
1.5205127035677287e-03
1.8952315590272828e-03
2.2706534864379590e-03
2.6459345251155495e-03
3.0210747807673352e-03
2.6458271866823908e-03
2.2708271866293465e-03
1.8956865088205716e-03
1.5208271865505755e-03
1.1458272920726587e-03
7.7068671991817003e-04
3.9582718655084320e-04
2.0827080817515036e-05
-3.5417281336385775e-04
-7.2917281336369079e-04
-1.1041728133637072e-03
-1.4791728133637006e-03
-1.8543134911193535e-03
-2.2291728134489312e-03
-2.6041727079868168e-03
-2.9793132802009622e-03
-3.3545946356798610e-03
-3.7291728137364075e-03
-4.1038913531827271e-03
-4.4787503592498990e-03
-4.1041728132145700e-03
-3.7291728135251659e-03
-3.3543133861211587e-03
-2.9791728134500144e-03
-2.6041729184561081e-03
-2.2293135956706588e-03
-1.8541728134490176e-03
-1.4791727090623500e-03
-1.1041728133639470e-03
-7.2917281336371800e-04
-3.5417281336445119e-04
2.0827186635577041e-05
3.9568661434818736e-04
7.7082718655049171e-04
1.1458270810764631e-03
1.5206864033949191e-03
1.8954052588543765e-03
2.2708271862642692e-03
2.6461082249409017e-03
3.0212484805913929e-03
2.6459520432908150e-03
2.2709520431999659e-03
1.8958113653537404e-03
1.5209520431567439e-03
1.1459521487531088e-03
7.7081157667295021e-04
3.9595204315724306e-04
2.0951937274687140e-05
-3.5404795675755000e-04
-7.2904795675803611e-04
-1.1040479567578979e-03
-1.4790479567584685e-03
-1.8541886345142082e-03
-2.2290479568429808e-03
-2.6040478513801378e-03
-2.9791884235935281e-03
-3.3544697790715804e-03
-3.7290479571303325e-03
-4.1037664965783167e-03
-4.4786255026471452e-03
-4.1040479566083051e-03
-3.7290479569171897e-03
-3.3541885295142594e-03
-2.9790479568437278e-03
-2.6040480618502370e-03
-2.2291887390649585e-03
-1.8540479568437953e-03
-1.4790478524565793e-03
-1.1040479567581893e-03
-7.2904795675840853e-04
-3.5404795675888720e-04
2.0952043241381201e-05
3.9581147095556874e-04
7.7095204315715188e-04
1.1459519376819487e-03
1.5208112599995089e-03
1.8955301154588763e-03
2.2709520428695444e-03
2.6462330815481328e-03
3.0213733371998474e-03
2.6460417916081840e-03
2.2710417914893087e-03
1.8959011136137579e-03
1.5210417914770266e-03
1.1460418971322491e-03
7.7090132511095752e-04
3.9604179147695963e-04
2.1041685477098868e-05
-3.5395820843749565e-04
-7.2895820843794576e-04
