0.0000000000000000e+00
1.2500000000434684e-04
2.5000000000894467e-04
3.7498437696651261e-04
5.0000000007987709e-04
6.2499999624126461e-04
7.4998436935638877e-04
8.7495312333041937e-04
1.2848207486207339e-03
2.1150608190094859e-03
2.9814378495724922e-03
2.8564641637765400e-03
2.7314748576067385e-03
2.6064699271571151e-03
2.4814641637945921e-03
2.3564427720393728e-03
2.2314641635647271e-03
2.1064641635829776e-03
1.9814485366468015e-03
1.8564641635966557e-03
1.7314641675001564e-03
1.6064641635254897e-03
1.4814641635247929e-03
1.3564485365706808e-03
1.2314641635959530e-03
1.1064641675750081e-03
9.8144854460223158e-04
8.5646416359667086e-04
7.3146415954285834e-04
2.1202541232897732e-04
-5.2779375339297814e-04
-4.0279419451122271e-04
-2.7781025856631839e-04
-1.5284194165314686e-04
-2.7794194440383823e-05
9.7237917788650584e-05
2.2220580531874735e-04
3.4720580531874627e-04
4.7220580524692064e-04
5.9720580524686784e-04
7.2220580524689473e-04
8.4720580524639275e-04
9.7220580524695784e-04
1.0971901821991386e-03
1.2222058053179090e-03
1.3472058014841128e-03
1.4721901746039539e-03
1.5971589285824553e-03
1.7222058055588784e-03
1.8472370477676981e-03
1.9722526591196281e-03
1.8472058059561219e-03
1.7222058053799126e-03
1.5971901778490285e-03
1.4722058053172327e-03
1.3472058097386071e-03
1.2221901872079596e-03
1.0972058053186024e-03
9.7220580038043637e-04
8.4720580524687988e-04
7.2220580524665404e-04
5.9720580524677905e-04
4.7220580524659869e-04
3.4719017829339360e-04
2.2220580531824390e-04
9.7205809296500503e-05
-2.7809813678079796e-05
-1.5284106751276005e-04
-2.7779419444126500e-04
-4.0276293660609810e-04
-5.2774729790922167e-04
-4.0294132350476185e-04
-2.7794132359700171e-04
-1.5295694673638765e-04
-2.7941323607583519e-05
9.7058672569288529e-05
2.2204304569970495e-04
3.4705867639195479e-04
4.7205868012953941e-04
5.9705867632034210e-04
7.2205867631987286e-04
8.4705867631947474e-04
9.7205867631915111e-04
1.0970430532721909e-03
1.2220586763911341e-03
1.3470586725574702e-03
1.4720430456776103e-03
1.5970117996562073e-03
1.7220586766311847e-03
1.8470899188400458e-03
1.9721055301921615e-03
1.8470586770299247e-03
1.7220586764530835e-03
1.5970430489223441e-03
1.4720586763904225e-03
1.3470586808124161e-03
1.2220430582819430e-03
1.0970586763914749e-03
9.7205867145155412e-04
8.4705867631977463e-04
7.2205867632085992e-04
5.9705867632072330e-04
4.7205867632079882e-04
3.4704304936679023e-04
2.2205867639194391e-04
9.7058680370570204e-05
-2.7956942603028388e-05
-1.5298819643678866e-04
-2.7794132336786246e-04
-4.0291006553360581e-04
-5.2789442683800125e-04
-4.0304708169285145e-04
-2.7804708176676086e-04
-1.5306270488766793e-04
-2.8047081795894294e-05
9.6952914344108229e-05
2.2193728743791609e-04
3.4695291820493692e-04
4.7195292201673665e-04
5.9695291813369840e-04
7.2195291813264011e-04
8.4695291813331513e-04
9.7195291813297405e-04
1.0969372950861184e-03
1.2219529182050024e-03
1.3469529143703544e-03
1.4719372874912049e-03
1.5969060414693188e-03
1.7219529184461320e-03
1.8469841606565118e-03
1.9719997720096007e-03
1.8469529188445801e-03
1.7219529182678382e-03
1.5969372907372161e-03
1.4719529182050807e-03
1.3469529226277414e-03
1.2219373000975967e-03
1.0969529182067157e-03
9.7195291326704889e-04
8.4695291813496637e-04
7.2195291813463569e-04
5.9695291813393930e-04
4.7195291813387571e-04
3.4693729118151408e-04
2.2195291820559368e-04
9.6952922183960301e-05
-2.8062700789599026e-05
-1.5309395462377950e-04
-2.7804708155317596e-04
-4.0301582371817023e-04
-5.2800018502161038e-04
-4.0312310232995226e-04
-2.7812310239172121e-04
-1.5313872550144311e-04
-2.8123102432880146e-05
9.6876893683486994e-05
2.2186126675412582e-04
3.4687689756639158e-04
4.7187690142503469e-04
5.9687689749573830e-04
7.2187689749618012e-04
