0.0000000000000000e+00
-3.1908261921638684e-30
-1.5165928555044070e-16
-1.5165928555039164e-16
4.1434087356339499e-16
4.1434087356346352e-16
2.6268158801306371e-16
4.1434087356345035e-16
1.1102230246255724e-16
7.0677079786302610e-16
1.2727709569768795e-15
6.9588215106178271e-16
6.9588215106177679e-16
7.3651913414967119e-16
1.8859689485436407e-17
-2.1777293602553971e-17
-2.1777293602492865e-17
7.9710426841800705e-18
-5.9866609951755588e-16
-1.5457688966751106e-16
-3.0623617521792082e-16
-1.9521387275546552e-16
-3.4687315830583870e-16
-3.4687315830577416e-16
-3.0623617521810226e-16
-8.7223633433326444e-16
-8.7223633433137798e-16
-9.4262165370634801e-16
-9.0198467061813885e-16
-4.8764379705509939e-16
-4.5789546076841978e-16
-4.1725847768033131e-16
-4.1725847767990730e-16
-4.2814712448045004e-16
-4.1725847768226210e-16
-2.6559919212433602e-16
-2.6559919212917351e-16
-2.6559919212957351e-16
-8.7223633431195021e-16
-8.7223633433241464e-16
-8.3159935124415667e-16
-9.8325863679443726e-16
-4.1725847768038545e-16
-4.1725847768025928e-16
-1.1646662586313489e-15
-1.3163255441819199e-15
-1.3163255441819363e-15
-1.4788734765336261e-15
-1.2865772078951408e-15
-1.2865772078945914e-15
-1.4382364934438174e-15
-1.8932143500970124e-15
-1.8525773670090949e-15
-1.8525773670091994e-15
-1.8525773670090740e-15
-1.8525773670090985e-15
-2.0042366525594022e-15
-2.0042366525598830e-15
-2.0042366525603855e-15
-2.5811254584755881e-15
-2.7327847440260859e-15
-2.8953326763803669e-15
-2.9657179956619000e-15
-2.9359696594589250e-15
-2.9766066425509528e-15
-3.0876289450147279e-15
-3.0469919619252303e-15
-3.0063549788390258e-15
-2.9657179957501104e-15
-3.1580142643876312e-15
-3.1580142643863000e-15
-3.0767402982123299e-15
-3.0876289450136156e-15
-2.6326510883619139e-15
-3.3096735499349657e-15
-3.3096735499392989e-15
-3.3205621967381107e-15
-3.3314508435380108e-15
-3.4831101290253555e-15
-3.5941324315601770e-15
-3.5941324315584021e-15
-4.1601325906712366e-15
-4.2007695737590491e-15
-4.1601325906709155e-15
-4.2007695737583210e-15
-4.2007695737578966e-15
-4.1601325906697732e-15
-4.3117918762199760e-15
-3.7349030703052500e-15
-3.9271993389439216e-15
-3.9271993389443137e-15
-3.9271993389435320e-15
-4.0788586244940116e-15
-3.5128584653802964e-15
-4.0788586244939438e-15
-4.0788586244938515e-15
-4.0788586244935533e-15
-3.8865623558564680e-15
-3.3205621967448346e-15
-3.2095398942809944e-15
-3.1986512474798625e-15
-3.1986512474828362e-15
-3.1986512473893802e-15
-3.1986512474738435e-15
-3.1986512474749499e-15
-3.3503105330247867e-15
-3.3503105330342842e-15
-3.3096735499400069e-15
-3.3503105330267525e-15
-3.3503105330271903e-15
-3.2392882305657897e-15
-3.1986512474764984e-15
-3.3394218862250578e-15
-2.7734217271103699e-15
-3.2987849031360777e-15
-3.2987849031339304e-15
-3.2581479200432381e-15
-3.2690365668469137e-15
-3.3800588692155955e-15
-3.3800588693205061e-15
-3.3096735499430404e-15
-3.3096735499420220e-15
-3.3096735499411898e-15
-3.5019698185792004e-15
-2.9359696594655644e-15
-3.0876289450162673e-15
-2.9359696594661600e-15
-2.9359696594661482e-15
-3.0469919619278032e-15
-2.4918804496144096e-15
-2.4918804496138369e-15
-1.7742210049508312e-15
-1.7742210049509375e-15
-2.2995841809768648e-15
-2.2995841809768392e-15
-1.5412877532243637e-15
-1.5303991064225544e-15
-1.5303991064239763e-15
-1.3787398208749458e-15
-1.5303991064249373e-15
-1.6820583919768303e-15
-1.8337176775308229e-15
-1.7930806943134822e-15
-1.7930806944274197e-15
-1.7930806944313834e-15
-1.8337176775210730e-15
-1.8337176775202112e-15
-1.8337176775211965e-15
-1.9853769630725005e-15
-1.9853769630734321e-15
-1.9447399799862242e-15
-1.9041029968971909e-15
-1.7524437113470704e-15
-1.7524437113473849e-15
-1.7524437113538493e-15
-1.8634660138061425e-15
-2.0151252993566777e-15
-2.3293325172589315e-15
-2.3293325172116057e-15
-1.7633323581530105e-15
-1.6116730726005406e-15
