0.0000000000000000e+00
0.0000000000000000e+00
0.0000000000000000e+00
0.0000000000000000e+00
0.0000000000000000e+00
0.0000000000000000e+00
0.0000000000000000e+00
0.0000000000000000e+00
3.6656123150674374e-04
1.2491176646853537e-03
2.1609715821198864e-03
2.1609715821198864e-03
2.1609715821198864e-03
2.1609715821198864e-03
2.1609715821198864e-03
2.1609715821198864e-03
2.1609715821198864e-03
2.1609715821198864e-03
2.1609715821198864e-03
2.1609715821198864e-03
2.1609715821198864e-03
2.1609715821198864e-03
2.1609715821198864e-03
2.1609715821198864e-03
2.1609715821198864e-03
2.1609715821198864e-03
2.1609715821198864e-03
2.1609715821198864e-03
2.1609715821198864e-03
2.6993921342172290e-03
3.5046082499051306e-03
3.5046082499051306e-03
3.5046082499051306e-03
3.5046082499051306e-03
3.5046082499051306e-03
3.5046082499051306e-03
3.5046082499051306e-03
3.5046082499051306e-03
3.5046082499051306e-03
3.5046082499051306e-03
3.5046082499051306e-03
3.5046082499051306e-03
3.5046082499051306e-03
3.5046082499051306e-03
3.5046082499051306e-03
3.5046082499051306e-03
3.5046082499051306e-03
3.5046082499051306e-03
3.5046082499051306e-03
3.5046082499051306e-03
3.5046082499051306e-03
3.5046082499051306e-03
3.5046082499051306e-03
3.5046082499051306e-03
3.5046082499051306e-03
3.5046082499051306e-03
3.5046082499051306e-03
3.5046082499051306e-03
3.5046082499051306e-03
3.5046082499051306e-03
3.5046082499051306e-03
3.5046082499051306e-03
3.5046082499051306e-03
3.5046082499051306e-03
3.5046082499051306e-03
3.5046082499051306e-03
3.5046082499051306e-03
3.5046082499051306e-03
3.5046082499051306e-03
3.5046082499051306e-03
3.5048009528224613e-03
3.5048009528224613e-03
3.5048009528224613e-03
3.5048009528224613e-03
3.5048009528224613e-03
3.5048009528224613e-03
3.5048009528224613e-03
3.5048009528224613e-03
3.5048009528224613e-03
3.5048009528224613e-03
3.5048009528224613e-03
3.5048009528224613e-03
3.5048009528224613e-03
3.5048009528224613e-03
3.5048009528224613e-03
3.5048009528224613e-03
3.5048009528224613e-03
3.5048009528224613e-03
3.5048009528224613e-03
3.5048009528224613e-03
3.5048009528224613e-03
3.5048009528224613e-03
3.5048009528224613e-03
3.5048009528224613e-03
3.5048009528224613e-03
3.5048009528224613e-03
3.5048009528224613e-03
3.5048009528224613e-03
3.5048009528224613e-03
3.5048009528224613e-03
3.5048009528224613e-03
3.5048009528224613e-03
3.5048009528224613e-03
3.5048009528224613e-03
3.5048009528224613e-03
3.5048009528224613e-03
3.5048009528224613e-03
3.5048009528224613e-03
3.5048009528224613e-03
3.5048009528224613e-03
3.5049394689829539e-03
3.5049394689829539e-03
3.5049394689829539e-03
3.5049394689829539e-03
3.5049394689829539e-03
3.5049394689829539e-03
3.5049394689829539e-03
3.5049394689829539e-03
3.5049394689829539e-03
3.5049394689829539e-03
3.5049394689829539e-03
3.5049394689829539e-03
3.5049394689829539e-03
3.5049394689829539e-03
3.5049394689829539e-03
3.5049394689829539e-03
3.5049394689829539e-03
3.5049394689829539e-03
3.5049394689829539e-03
3.5049394689829539e-03
3.5049394689829539e-03
3.5049394689829539e-03
3.5049394689829539e-03
3.5049394689829539e-03
3.5049394689829539e-03
3.5049394689829539e-03
3.5049394689829539e-03
3.5049394689829539e-03
3.5049394689829539e-03
3.5049394689829539e-03
3.5049394689829539e-03
3.5049394689829539e-03
3.5049394689829539e-03
3.5049394689829539e-03
3.5049394689829539e-03
3.5049394689829539e-03
3.5049394689829539e-03
3.5049394689829539e-03
3.5049394689829539e-03
3.5049394689829539e-03
3.5050390359410554e-03
3.5050390359410554e-03
3.5050390359410554e-03
3.5050390359410554e-03
3.5050390359410554e-03
3.5050390359410554e-03
3.5050390359410554e-03
3.5050390359410554e-03
3.5050390359410554e-03
3.5050390359410554e-03
3.5050390359410554e-03
