2.9999999999999983e+02
2.9999999999999983e+02
2.9999999999999983e+02
2.9999999999999983e+02
2.9999999999999983e+02
2.9999999999999983e+02
2.9999999999999983e+02
2.9999999999999983e+02
3.1099683694520218e+02
3.3747352994056035e+02
3.6482914746359631e+02
3.6482914746359631e+02
3.6482914746359631e+02
3.6482914746359631e+02
3.6482914746359631e+02
3.6482914746359631e+02
3.6482914746359631e+02
3.6482914746359631e+02
3.6482914746359631e+02
3.6482914746359631e+02
3.6482914746359631e+02
3.6482914746359631e+02
3.6482914746359631e+02
3.6482914746359631e+02
3.6482914746359631e+02
3.6482914746359631e+02
3.6482914746359631e+02
3.6482914746359631e+02
3.6482914746359631e+02
3.8098176402651666e+02
4.0513824749715354e+02
4.0513824749715354e+02
4.0513824749715354e+02
4.0513824749715354e+02
4.0513824749715354e+02
4.0513824749715354e+02
4.0513824749715354e+02
4.0513824749715354e+02
4.0513824749715354e+02
4.0513824749715354e+02
4.0513824749715354e+02
4.0513824749715354e+02
4.0513824749715354e+02
4.0513824749715354e+02
4.0513824749715354e+02
4.0513824749715354e+02
4.0513824749715354e+02
4.0513824749715354e+02
4.0513824749715354e+02
4.0513824749715354e+02
4.0513824749715354e+02
4.0513824749715354e+02
4.0513824749715354e+02
4.0513824749715354e+02
4.0513824749715354e+02
4.0513824749715354e+02
4.0513824749715354e+02
4.0513824749715354e+02
4.0513824749715354e+02
4.0513824749715354e+02
4.0513824749715354e+02
4.0513824749715354e+02
4.0513824749715354e+02
4.0513824749715354e+02
4.0513824749715354e+02
4.0513824749715354e+02
4.0513824749715354e+02
4.0513824749715354e+02
4.0513824749715354e+02
4.0513824749715354e+02
4.0514402858467361e+02
4.0514402858467361e+02
4.0514402858467361e+02
4.0514402858467361e+02
4.0514402858467361e+02
4.0514402858467361e+02
4.0514402858467361e+02
4.0514402858467361e+02
4.0514402858467361e+02
4.0514402858467361e+02
4.0514402858467361e+02
4.0514402858467361e+02
4.0514402858467361e+02
4.0514402858467361e+02
4.0514402858467361e+02
4.0514402858467361e+02
4.0514402858467361e+02
4.0514402858467361e+02
4.0514402858467361e+02
4.0514402858467361e+02
4.0514402858467361e+02
4.0514402858467361e+02
4.0514402858467361e+02
4.0514402858467361e+02
4.0514402858467361e+02
4.0514402858467361e+02
4.0514402858467361e+02
4.0514402858467361e+02
4.0514402858467361e+02
4.0514402858467361e+02
4.0514402858467361e+02
4.0514402858467361e+02
4.0514402858467361e+02
4.0514402858467361e+02
4.0514402858467361e+02
4.0514402858467361e+02
4.0514402858467361e+02
4.0514402858467361e+02
4.0514402858467361e+02
4.0514402858467361e+02
4.0514818406948848e+02
4.0514818406948848e+02
4.0514818406948848e+02
4.0514818406948848e+02
4.0514818406948848e+02
4.0514818406948848e+02
4.0514818406948848e+02
4.0514818406948848e+02
4.0514818406948848e+02
4.0514818406948848e+02
4.0514818406948848e+02
4.0514818406948848e+02
4.0514818406948848e+02
4.0514818406948848e+02
4.0514818406948848e+02
4.0514818406948848e+02
4.0514818406948848e+02
4.0514818406948848e+02
4.0514818406948848e+02
4.0514818406948848e+02
4.0514818406948848e+02
4.0514818406948848e+02
4.0514818406948848e+02
4.0514818406948848e+02
4.0514818406948848e+02
4.0514818406948848e+02
4.0514818406948848e+02
4.0514818406948848e+02
4.0514818406948848e+02
4.0514818406948848e+02
4.0514818406948848e+02
4.0514818406948848e+02
4.0514818406948848e+02
4.0514818406948848e+02
4.0514818406948848e+02
4.0514818406948848e+02
4.0514818406948848e+02
4.0514818406948848e+02
4.0514818406948848e+02
4.0514818406948848e+02
4.0515117107823147e+02
4.0515117107823147e+02
4.0515117107823147e+02
4.0515117107823147e+02
4.0515117107823147e+02
4.0515117107823147e+02
4.0515117107823147e+02
4.0515117107823147e+02
4.0515117107823147e+02
4.0515117107823147e+02
4.0515117107823147e+02
