0.0000000000000000e+00
3.9661064031164834e+01
7.9322128061667357e+01
1.1899425611916126e+02
1.5864425613347612e+02
1.9830531092014803e+02
2.3797742969405027e+02
2.7766062186873171e+02
3.1466244926026968e+02
3.4996008447433223e+02
3.8642075999610120e+02
3.4704893025813323e+02
3.0776130495734333e+02
2.6858993229983480e+02
2.2952192364451989e+02
1.9072405312453327e+02
1.5243101945107676e+02
1.1502898256152739e+02
7.9845115189763618e+01
5.1600088233133661e+01
4.5793229139164367e+01
6.8392041812047665e+01
1.0199962020722705e+02
1.3882764024875354e+02
1.7690343353672560e+02
2.1554412971963296e+02
2.5448738050724830e+02
2.9364294340568358e+02
3.3290935046137167e+02
3.6501236160934798e+02
3.9704917631382614e+02
3.5738846810615325e+02
3.1771675671196073e+02
2.7803405909323851e+02
2.3840686658697044e+02
1.9876890592162377e+02
1.5908712079749586e+02
1.1942843454639900e+02
7.9772112637425096e+01
4.0125165772852370e+01
1.5709557477981169e+00
3.9254386705510456e+01
7.8900860890667019e+01
1.1856810787134989e+02
1.5821575079717289e+02
1.9787536259749677e+02
2.3754649483399979e+02
2.7722896107580772e+02
3.1685640237100938e+02
3.5649496322343896e+02
3.9614462763000904e+02
3.5651706647337096e+02
3.1685640234192840e+02
2.7720688565132883e+02
2.3753547471783705e+02
1.9787538104962908e+02
1.5822678569662767e+02
1.1855709521454936e+02
7.8900851721892380e+01
3.9254386705424949e+01
1.5709557479218519e+00
4.0125165772885808e+01
7.9772112637466250e+01
1.1941733071536642e+02
1.5908712079754096e+02
1.9874674675400448e+02
2.3839576855892400e+02
2.7803400275947126e+02
3.1772780186897620e+02
3.5741060154752205e+02
3.9705694950598439e+02
3.5738682316729137e+02
3.1772615402518210e+02
2.7805451232064672e+02
2.3840520989118139e+02
1.9874510148082896e+02
1.5907436405597244e+02
1.1942674255178200e+02
7.9770376275608243e+01
4.0123334768615010e+01
1.5651101493428250e+00
3.9255791249188455e+01
7.8902374637378273e+01
1.1856965784666934e+02
1.5821731852345880e+02
1.9787694106860286e+02
2.3754808055427847e+02
2.7723055205065549e+02
3.1685799692703245e+02
3.5649656062728496e+02
3.9614622736824640e+02
3.5651866400392981e+02
3.1685799689808124e+02
2.7720847646284807e+02
2.3753706034273540e+02
1.9787695952102024e+02
1.5822835356811495e+02
1.1855864499484760e+02
7.8902365468337280e+01
3.9255791249206062e+01
1.5651101493333026e+00
4.0123334768590681e+01
7.9770385583424329e+01
1.1941563889981893e+02
1.5908544640787446e+02
1.9874508295132347e+02
2.3839411191568635e+02
2.7803235131406524e+02
3.1772615398009918e+02
3.5740895648712257e+02
3.9706245930914463e+02
3.5738564088672445e+02
3.1772496962569227e+02
2.7805332525608594e+02
2.3840401915794232e+02
1.9874390569212648e+02
1.5907316078810200e+02
1.1942552655523552e+02
7.9769135141788283e+01
4.0122019168333829e+01
1.5609084964980440e+00
3.9256801302782122e+01
7.8903462926055539e+01
1.1857077209139720e+02
1.5821844548533446e+02
1.9787807572844778e+02
2.3754922040801401e+02
2.7723169566921837e+02
3.1685914311118938e+02
3.5649770885174456e+02
3.9614737726533644e+02
3.5651981231909940e+02
3.1685914308208788e+02
2.7720961996427576e+02
2.3753820012800537e+02
1.9787809418115208e+02
1.5822948063424570e+02
1.1855975909946444e+02
7.8903453756989336e+01
3.9256801302901593e+01
1.5609084964334854e+00
4.0122019168196616e+01
7.9769144466627267e+01
1.1941442303192423e+02
1.5908424302509539e+02
1.9874388715387929e+02
2.3839292124800198e+02
2.7803116437092172e+02
3.1772496958450114e+02
3.5740777411793999e+02
3.9706641981903624e+02
3.5738479110778940e+02
3.1772411832716017e+02
2.7805247204634890e+02
2.3840316331760178e+02
1.9874304622664218e+02
1.5907229595943505e+02
1.1942465259765055e+02
7.9768243156540549e+01
4.0121073778489148e+01
1.5578884067187129e+00
