0.0000000000000000e+00
1.6392576185353381e-10
6.9667350125678567e-10
-8.2520622278967025e-03
6.3794769990039863e-09
4.1401302542991181e-06
-8.2437860452470833e-03
-2.4747902434770444e-02
-5.0415161297505590e-04
-3.1883793681617236e-04
-3.3868174614330193e-03
4.1670855929674782e-08
-4.8601041495054276e-03
-1.7963135269152608e-02
1.7506021488602857e-08
9.7009989203706154e-03
8.0806722412507796e-10
4.0188524082256531e-09
-8.2479314521292143e-03
6.6224423875163507e-09
-4.1151845658387445e-06
1.0212566415816874e-09
8.6877545630869112e-10
-8.2479376828679084e-03
6.5401366318722458e-09
-4.1091629152801653e-06
-8.2561596145817855e-03
6.5649401944261546e-09
4.1056669448473699e-06
2.8607773892453557e-03
5.2782686127586899e-05
3.7767572628133581e-08
-8.3047520153574535e-03
-2.4865716949183131e-02
2.5924009688985917e-08
1.6626052023511126e-02
6.7756287390337454e-09
6.7365992903971766e-09
9.7284436641490115e-10
9.3883161328882140e-10
9.6756283122165385e-10
8.7110226315612568e-10
9.9261387384262744e-10
-8.2520625993266501e-03
6.5409581353723047e-09
4.1408351106370737e-06
-8.2437847728770129e-03
-2.4747900643156271e-02
2.5728483163799518e-08
1.6508261657141553e-02
2.4772693113912510e-02
1.0109969752284306e-07
1.1398628523671918e-08
-8.2480169031380751e-03
6.4221970070365702e-09
-4.0301905618152522e-06
-8.2560016558720518e-03
6.5992805057288909e-09
3.9477572661408145e-06
8.5549400409667934e-10
8.1378209985367868e-10
7.9529172716891790e-10
7.4681784477597150e-10
-8.2479377155332406e-03
6.4434489627017820e-09
-4.1092846330572588e-06
-8.2561599593373395e-03
-2.4752025923275772e-02
2.5593176277124206e-08
1.6491761647018086e-02
3.6505544038134816e-02
2.5694826311143673e-08
1.1182575817081851e-08
-8.2520667793057161e-03
6.2995041838535446e-09
4.1446427984810568e-06
-8.2437769477286121e-03
6.2707663627337304e-09
-4.1526464115479945e-06
5.6700952617535225e-10
5.0460689398796375e-10
4.4534491127163777e-10
4.0557512968307513e-10
-8.2520630300821022e-03
6.1578311595418621e-09
4.1404542057123016e-06
-8.2437851112200852e-03
-2.4747901013129240e-02
2.5220830858066862e-08
1.6508261161523295e-02
2.4772692671169876e-02
1.0080811081021202e-07
1.0985861990956013e-08
-8.2480172588292530e-03
6.0368232634603565e-09
-4.0305469825503370e-06
-8.2560019850567712e-03
6.2020648648471904e-09
3.9471357377231351e-06
4.7435756580886085e-10
5.8339119165975136e-10
5.1487019934598578e-10
5.0697696702211194e-10
-8.2479380786491599e-03
6.1628774294172435e-09
-4.1095357282215366e-06
-8.2561600417990419e-03
-2.4752025885758880e-02
2.5237590136833222e-08
1.6491761127959258e-02
3.3193707509055780e-02
2.5453238013348206e-08
1.1709389656432744e-08
-8.2520654523067938e-03
5.9633805898100687e-09
4.1426681202171968e-06
-8.2437804942559634e-03
6.0626619988895605e-09
-4.1496344087456104e-06
3.9018914519890674e-10
2.4688439639156627e-10
3.2899080105395566e-10
2.8163913622679461e-10
-8.2520631630152649e-03
6.0935066092735580e-09
4.1402884356041594e-06
-8.2437851574105256e-03
-2.4747901086254531e-02
2.5257614300302326e-08
1.6508261329160119e-02
2.4772692903931401e-02
1.0085634589648366e-07
1.1139263173906095e-08
-8.2480171919327057e-03
6.0866910891374693e-09
-4.0304128411365568e-06
-8.2560018117644376e-03
6.3495840151066038e-09
3.9473467132347745e-06
5.9894980500620070e-10
5.5406366570195264e-10
4.3808480439896033e-10
4.3723510621700131e-10
-8.2479378394836652e-03
6.2133357618391245e-09
-4.1095467848869795e-06
-8.2561600818432061e-03
-2.4752025983912990e-02
2.5399152349716204e-08
1.6491761481824522e-02
3.0813116288277161e-02
2.5522417225002708e-08
1.2153953061051077e-08
-8.2520648476796001e-03
6.1825550380821599e-09
4.1423587375349014e-06
-8.2437812663143234e-03
6.0280367278574210e-09
-4.1486318918990511e-06
4.6525858294152549e-10
5.2243398681361778e-10
