0.0000000000000000e+00
-4.4000000001038316e+01
-8.8000000001034934e+01
-1.3201925687889116e+02
-1.7600000000907738e+02
-2.1999998625662118e+02
-2.6401922937163516e+02
-3.0805774311966752e+02
-3.5200005996433339e+02
-3.9600006372500661e+02
-4.4000089794456881e+02
-3.9599999996688405e+02
-3.5201834463262685e+02
-3.0805591820776033e+02
-2.6400000004575702e+02
-2.1996336720363863e+02
-1.7600000001489326e+02
-1.3200000001172853e+02
-8.8019243136593474e+01
-4.4000000008706536e+01
-1.3748206045816335e-05
4.3999999999441570e+01
8.7999999999273896e+01
1.3198075687141088e+02
1.7599999999116704e+02
2.1999998624354524e+02
2.6398072937862912e+02
3.0799999999119467e+02
3.5200001371540253e+02
3.9599987811197025e+02
4.4000000298566465e+02
3.9600000002451117e+02
3.5198074020259077e+02
3.0794220975432239e+02
2.6399999996405217e+02
2.2003857453768501e+02
1.7599999999133243e+02
1.3199999999123384e+02
8.7999999999253589e+01
4.3999999999212861e+01
-7.4993518941348694e-10
-4.4000000000872234e+01
-8.8000000000738268e+01
-1.3201925687869266e+02
-1.7600000000900462e+02
-2.1999998625660575e+02
-2.6401922937158616e+02
-3.0805774311959215e+02
-3.5200000003619732e+02
-3.9596147258595914e+02
-4.3994217448742324e+02
-3.9599999994984455e+02
-3.5200000001611500e+02
-3.0801924321022972e+02
-2.6400000000898416e+02
-2.2000001367518348e+02
-1.7601927045880637e+02
-1.3200000000892121e+02
-8.7999986447270686e+01
-4.4000000000837652e+01
-9.3760407558115518e-10
4.3999999999054033e+01
8.7999999999034870e+01
1.3198075687122730e+02
1.7599999999100825e+02
2.1999998624345085e+02
2.6398072937848406e+02
3.0794224313039649e+02
3.5199999996377710e+02
3.9603847241397114e+02
4.4004121955813662e+02
3.9600000001274321e+02
3.5200000000166835e+02
3.0798074311278913e+02
2.6399999999076357e+02
2.2000001375147787e+02
1.7598077064479364e+02
1.3199999999079301e+02
8.7999986198423557e+01
4.3999999998881918e+01
-1.1267670909733729e-09
-4.4000000001168658e+01
-8.8000000001184048e+01
-1.3201925687898961e+02
-1.7600000000925621e+02
-2.1999998625694244e+02
-2.6401922937191563e+02
-3.0805774312008117e+02
-3.5200000003662171e+02
-3.9596147258635904e+02
-4.3994217448773514e+02
-3.9599999995022068e+02
-3.5200000001659538e+02
-3.0801924321058425e+02
-2.6400000000941765e+02
-2.2000001367566540e+02
-1.7601927045931379e+02
-1.3200000000923006e+02
-8.7999986447537040e+01
-4.4000000001135149e+01
-1.0699057868471710e-09
4.3999999998826951e+01
8.7999999998839883e+01
1.3198075687093348e+02
1.7599999999075007e+02
2.1999998624322603e+02
2.6398072937841357e+02
3.0794224313036960e+02
3.5199999996350078e+02
3.9603847241352116e+02
4.4004584654993488e+02
3.9600000001265687e+02
3.5199999999743761e+02
3.0798074310444269e+02
2.6399999999047816e+02
2.2000001375933675e+02
1.7598077066088160e+02
1.3199999999055649e+02
8.7999986181756370e+01
4.3999999998647702e+01
-1.4574300448617145e-09
-4.4000000001416659e+01
-8.8000000001497455e+01
-1.3201925687931990e+02
-1.7600000000945212e+02
-2.1999998625708812e+02
-2.6401922937193660e+02
-3.0805774312000466e+02
-3.5200000003677980e+02
-3.9596147258663086e+02
-4.3994217448818034e+02
-3.9599999995028799e+02
-3.5200000001643360e+02
-3.0801924321061642e+02
-2.6400000000949558e+02
-2.2000001367573549e+02
-1.7601927045939263e+02
-1.3200000000938991e+02
-8.7999986447620600e+01
-4.4000000001263146e+01
-1.3073215921330509e-09
4.3999999998594021e+01
8.7999999998633001e+01
1.3198075687100743e+02
1.7599999999068183e+02
2.1999998624300648e+02
2.6398072937809462e+02
3.0794224313002059e+02
3.5199999996333554e+02
3.9603847241366350e+02
4.4004917239238887e+02
3.9600000001270399e+02
3.5199999999432288e+02
3.0798074309790542e+02
2.6399999999088953e+02
2.2000001376647327e+02
1.7598077067474506e+02
1.3199999999077178e+02
8.7999986168592272e+01
4.3999999998997104e+01
-1.0359508215798714e-09
