0.0000000000000000e+00
-1.1000000000218598e+01
-2.2000000000101242e+01
-3.3006877235296443e+01
-4.4000000000628894e+01
-5.4999995529077154e+01
-6.6006868289391278e+01
-7.7020622755480062e+01
-9.7995849458232939e+01
-1.2828496868042529e+02
-1.5579430479534508e+02
-1.4479323358620434e+02
-1.3379903478909512e+02
-1.2281170394065396e+02
-1.1179323361203831e+02
-1.0078165015615954e+02
-8.9793233608501282e+01
-7.8793233606904167e+01
-6.7800106372054813e+01
-5.6793233605515603e+01
-4.5793238070858919e+01
-3.4793233604883341e+01
-2.3793233604980085e+01
-1.2800106371583762e+01
-1.7932336055844789e+00
9.2067619285220186e+00
2.0199884699680059e+01
3.1206766394358588e+01
4.2206770850190573e+01
7.3006186240604805e+01
1.0842905819438511e+02
9.7429044267871532e+01
8.6422153114945715e+01
7.5408380261643941e+01
6.4429044249795965e+01
5.3442844399745688e+01
4.2429044251845575e+01
3.1429044251811135e+01
2.0429044252308426e+01
9.4290442522897493e+00
-1.5709557476893037e+00
-1.2570955747760669e+01
-2.3570955747634549e+01
-3.4577832983021096e+01
-4.5570955748396251e+01
-5.6570951276739748e+01
-6.7577824036886781e+01
-7.8591578502873745e+01
-8.9570955750410960e+01
-1.0055719682886931e+02
-1.1155030619638784e+02
-1.0057095571004679e+02
-8.9570955749035164e+01
-7.8577828554639169e+01
-6.7570955748496502e+01
-5.6570960174199541e+01
-4.5577837362988255e+01
-3.4570955748453166e+01
-2.3570951372751029e+01
-1.2570955747931668e+01
-1.5709557479837610e+00
9.4290442519916393e+00
2.0429044251967007e+01
3.1422171485402767e+01
4.2429044251383289e+01
5.3429039785549726e+01
6.4422162556643841e+01
7.5408417028135332e+01
8.6429044249364068e+01
9.7442785295904912e+01
1.0845432112609335e+02
9.7434889860167971e+01
8.6434889853770045e+01
7.5428012612109868e+01
6.4434889849798708e+01
5.3434894324563111e+01
4.2428021567493204e+01
3.1434889849796473e+01
2.0434885361958138e+01
9.4348898503638701e+00
-1.5651101496539044e+00
-1.2565110149741457e+01
-2.3565110149759711e+01
-3.4571987385065540e+01
-4.5565110150339706e+01
-5.6565105678687168e+01
-6.7571978438817382e+01
-7.8585732904850943e+01
-8.9565110152364127e+01
-1.0055135123083441e+02
-1.1154446059830110e+02
-1.0056511011188829e+02
-8.9565110150954141e+01
-7.8571982956450270e+01
-6.7565110150396976e+01
-5.6565114576104868e+01
-4.5571991764876486e+01
-3.4565110150287595e+01
-2.3565105774568650e+01
-1.2565110149621335e+01
-1.5651101495765598e+00
9.4348898503805181e+00
2.0434889850381776e+01
3.1428017083758775e+01
4.2434889849773313e+01
5.3434885383950956e+01
6.4428008155121333e+01
7.5414262626653809e+01
8.6434889847712995e+01
9.7448630894190643e+01
1.0845885156756803e+02
9.7439091512738997e+01
8.6439091505482779e+01
7.5432214263005918e+01
6.4439091502310873e+01
5.3439095978701722e+01
4.2432223223301868e+01
3.1439091502358572e+01
2.0439087011222057e+01
9.4390915029510492e+00
-1.5609084971033174e+00
-1.2560908497072598e+01
-2.3560908497104627e+01
-3.4567785732442552e+01
-4.5560908497599236e+01
-5.6560904025976214e+01
-6.7567776786033079e+01
-7.8581531252032363e+01
-8.9560908499652456e+01
-1.0054714957803623e+02
-1.1154025894552996e+02
-1.0056090845898984e+02
-8.9560908497955495e+01
-7.8567781303641809e+01
-6.7560908497541931e+01
-5.6560912923143420e+01
-4.5567790111906220e+01
-3.4560908497365197e+01
-2.3560904121656915e+01
-1.2560908496771157e+01
-1.5609084968101143e+00
9.4390915031195330e+00
2.0439091503133550e+01
3.1432218736657958e+01
4.2439091502589775e+01
5.3439087036726434e+01
6.4432209807864709e+01
7.5418464279370667e+01
8.6439091500528505e+01
9.7452832547131194e+01
1.0846210797028556e+02
9.7442111602677386e+01
8.6442111594756597e+01
7.5435234351401832e+01
6.4442111592405425e+01
5.3442116070333185e+01
4.2435243316478235e+01
3.1442111592273889e+01
2.0442107098064071e+01
9.4421115930018171e+00
-1.5578884069754713e+00
