0.0000000000000000e+00
0.0000000000000000e+00
0.0000000000000000e+00
0.0000000000000000e+00
0.0000000000000000e+00
0.0000000000000000e+00
0.0000000000000000e+00
-1.0667580417874656e+00
-7.1487340206891687e+00
-1.4229820469148951e+01
-2.1512632915961824e+01
-2.1512632915961824e+01
-2.1512632915961824e+01
-2.1512632915961824e+01
-2.1512632915961824e+01
-2.1512632915961824e+01
-2.1512632915961824e+01
-2.1512632915961824e+01
-2.1512632915961824e+01
-2.1512632915961824e+01
-2.1512632915961824e+01
-2.1512632915961824e+01
-2.1512632915961824e+01
-2.1512632915961824e+01
-2.1512632915961824e+01
-2.1512632915961824e+01
-2.1512632915961824e+01
-2.1512632915961824e+01
-2.1512632915961824e+01
-1.7319123021947100e+01
-1.0612845191944128e+01
-1.0612845191944128e+01
-1.0612845191944128e+01
-1.0612845191944125e+01
-1.0612845191944125e+01
-1.0612845191944125e+01
-1.0612845191944125e+01
-1.0612845191944125e+01
-1.0612845191944125e+01
-1.0612845191944125e+01
-1.0612845191944118e+01
-1.0612845191944118e+01
-1.0612845191944118e+01
-1.0612845191944112e+01
-1.0612845191944109e+01
-1.0612845191944114e+01
-1.0612845191944114e+01
-1.0612845191944114e+01
-1.0612845191944114e+01
-1.0612845191944114e+01
-1.0612845191944114e+01
-1.0612845191944114e+01
-1.0612845191944114e+01
-1.0612845191944114e+01
-1.0612845191944114e+01
-1.0612845191944114e+01
-1.0612845191944114e+01
-1.0612845191944114e+01
-1.0612845191944114e+01
-1.0612845191944114e+01
-1.0612845191944114e+01
-1.0612845191944114e+01
-1.0612845191944114e+01
-1.0612845191944114e+01
-1.0612845191944114e+01
-1.0612845191944114e+01
-1.0612845191944114e+01
-1.0612845191944114e+01
-1.0612845191944114e+01
-1.0612845191944114e+01
-9.2712105989993248e+00
-9.2712105989993265e+00
-9.2712105989993265e+00
-9.2712105989993230e+00
-9.2712105989993230e+00
-9.2712105989993230e+00
-9.2712105989993230e+00
-9.2712105989993265e+00
-9.2712105989993283e+00
-9.2712105989993265e+00
-9.2712105989993265e+00
-9.2712105989993265e+00
-9.2712105989993265e+00
-9.2712105989993265e+00
-9.2712105989993265e+00
-9.2712105989993248e+00
-9.2712105989993248e+00
-9.2712105989993248e+00
-9.2712105989993248e+00
-9.2712105989993248e+00
-9.2712105989993319e+00
-9.2712105989993319e+00
-9.2712105989993319e+00
-9.2712105989993319e+00
-9.2712105989993319e+00
-9.2712105989993319e+00
-9.2712105989993319e+00
-9.2712105989993319e+00
-9.2712105989993319e+00
-9.2712105989993319e+00
-9.2712105989993319e+00
-9.2712105989993319e+00
-9.2712105989993319e+00
-9.2712105989993319e+00
-9.2712105989993319e+00
-9.2712105989993319e+00
-9.2712105989993319e+00
-9.2712105989993319e+00
-9.2712105989993319e+00
-9.2712105989993319e+00
-9.0027412066993495e+00
-9.0027412066993495e+00
-9.0027412066993495e+00
-9.0027412066993477e+00
-9.0027412066993477e+00
-9.0027412066993477e+00
-9.0027412066993477e+00
-9.0027412066993424e+00
-9.0027412066993424e+00
-9.0027412066993442e+00
-9.0027412066993406e+00
-9.0027412066993389e+00
-9.0027412066993371e+00
-9.0027412066993424e+00
-9.0027412066993424e+00
-9.0027412066993424e+00
-9.0027412066993424e+00
-9.0027412066993424e+00
-9.0027412066993424e+00
-9.0027412066993424e+00
-9.0027412066993318e+00
-9.0027412066993318e+00
-9.0027412066993318e+00
-9.0027412066993318e+00
-9.0027412066993318e+00
-9.0027412066993318e+00
-9.0027412066993318e+00
-9.0027412066993318e+00
-9.0027412066993318e+00
-9.0027412066993318e+00
-9.0027412066993318e+00
-9.0027412066993318e+00
-9.0027412066993318e+00
-9.0027412066993318e+00
-9.0027412066993318e+00
-9.0027412066993318e+00
-9.0027412066993318e+00
-9.0027412066993318e+00
-9.0027412066993318e+00
-9.0027412066993318e+00
-8.9490413857767024e+00
-8.9490413857767024e+00
-8.9490413857767024e+00
-8.9490413857767024e+00
-8.9490413857767024e+00
-8.9490413857767024e+00
-8.9490413857766971e+00
-8.9490413857766988e+00
-8.9490413857766988e+00
-8.9490413857766953e+00
-8.9490413857766953e+00
