0.0000000000000000e+00
0.0000000000000000e+00
0.0000000000000000e+00
0.0000000000000000e+00
0.0000000000000000e+00
0.0000000000000000e+00
0.0000000000000000e+00
5.3337902089377254e-01
3.5743670103437788e+00
7.1149102345727391e+00
1.0756316457978841e+01
1.0756316457978837e+01
1.0756316457978835e+01
1.0756316457978835e+01
1.0756316457978835e+01
1.0756316457978825e+01
1.0756316457978835e+01
1.0756316457978842e+01
1.0756316457978849e+01
1.0756316457978851e+01
1.0756316457978851e+01
1.0756316457978835e+01
1.0756316457978826e+01
1.0756316457978834e+01
1.0756316457978835e+01
1.0756316457978837e+01
1.0756316457978835e+01
1.0756316457978821e+01
1.0756316457978821e+01
8.6595615109714661e+00
5.3064225959704743e+00
5.3064225959704734e+00
5.3064225959704707e+00
5.3064225959704725e+00
5.3064225959704814e+00
5.3064225959704894e+00
5.3064225959704974e+00
5.3064225959704929e+00
5.3064225959704991e+00
5.3064225959704876e+00
5.3064225959704974e+00
5.3064225959704991e+00
5.3064225959705036e+00
5.3064225959705116e+00
5.3064225959705071e+00
5.3064225959705160e+00
5.3064225959705178e+00
5.3064225959705293e+00
5.3064225959705249e+00
5.3064225959705267e+00
5.3064225959705373e+00
5.3064225959705373e+00
5.3064225959705356e+00
5.3064225959705249e+00
5.3064225959705240e+00
5.3064225959705178e+00
5.3064225959705160e+00
5.3064225959705160e+00
5.3064225959705089e+00
5.3064225959705196e+00
5.3064225959705285e+00
5.3064225959705302e+00
5.3064225959705356e+00
5.3064225959705409e+00
5.3064225959705285e+00
5.3064225959705196e+00
5.3064225959705178e+00
5.3064225959705178e+00
5.3064225959705187e+00
5.3064225959705045e+00
4.6356052994984527e+00
4.6356052994984509e+00
4.6356052994984482e+00
4.6356052994984429e+00
4.6356052994984438e+00
4.6356052994984438e+00
4.6356052994984402e+00
4.6356052994984323e+00
4.6356052994984323e+00
4.6356052994984305e+00
4.6356052994984287e+00
4.6356052994984305e+00
4.6356052994984429e+00
4.6356052994984385e+00
4.6356052994984402e+00
4.6356052994984420e+00
4.6356052994984349e+00
4.6356052994984358e+00
4.6356052994984358e+00
4.6356052994984349e+00
4.6356052994984376e+00
4.6356052994984358e+00
4.6356052994984385e+00
4.6356052994984465e+00
4.6356052994984429e+00
4.6356052994984500e+00
4.6356052994984527e+00
4.6356052994984527e+00
4.6356052994984491e+00
4.6356052994984491e+00
4.6356052994984482e+00
4.6356052994984482e+00
4.6356052994984394e+00
4.6356052994984438e+00
4.6356052994984420e+00
4.6356052994984474e+00
4.6356052994984465e+00
4.6356052994984500e+00
4.6356052994984456e+00
4.6356052994984562e+00
4.5013706033484455e+00
4.5013706033484464e+00
4.5013706033484473e+00
4.5013706033484473e+00
4.5013706033484544e+00
4.5013706033484580e+00
4.5013706033484544e+00
4.5013706033484500e+00
4.5013706033484420e+00
4.5013706033484437e+00
4.5013706033484411e+00
4.5013706033484437e+00
4.5013706033484429e+00
4.5013706033484304e+00
4.5013706033484322e+00
4.5013706033484304e+00
4.5013706033484260e+00
4.5013706033484251e+00
4.5013706033484180e+00
4.5013706033484260e+00
4.5013706033484295e+00
4.5013706033484340e+00
4.5013706033484304e+00
4.5013706033484269e+00
4.5013706033484224e+00
4.5013706033484278e+00
4.5013706033484358e+00
4.5013706033484349e+00
4.5013706033484313e+00
4.5013706033484286e+00
4.5013706033484384e+00
4.5013706033484393e+00
4.5013706033484322e+00
4.5013706033484251e+00
4.5013706033484198e+00
4.5013706033484198e+00
4.5013706033484180e+00
4.5013706033484189e+00
4.5013706033484242e+00
4.5013706033484251e+00
4.4745206928871095e+00
4.4745206928871060e+00
4.4745206928871069e+00
4.4745206928871069e+00
4.4745206928871015e+00
4.4745206928870997e+00
4.4745206928870962e+00
4.4745206928870935e+00
4.4745206928870926e+00
4.4745206928870989e+00
4.4745206928871060e+00
