0.0000000000000000e+00
0.0000000000000000e+00
0.0000000000000000e+00
0.0000000000000000e+00
0.0000000000000000e+00
0.0000000000000000e+00
0.0000000000000000e+00
5.3337902089369738e-01
3.5743670103454162e+00
7.1149102345762358e+00
1.0756316457983006e+01
1.0756316457983020e+01
1.0756316457983019e+01
1.0756316457983017e+01
1.0756316457983006e+01
1.0756316457982994e+01
1.0756316457983004e+01
1.0756316457983015e+01
1.0756316457983031e+01
1.0756316457983035e+01
1.0756316457983036e+01
1.0756316457983022e+01
1.0756316457983004e+01
1.0756316457983008e+01
1.0756316457983013e+01
1.0756316457983012e+01
1.0756316457983006e+01
1.0756316457982994e+01
1.0756316457982997e+01
8.6595615109756405e+00
5.3064225959736540e+00
5.3064225959736531e+00
5.3064225959736486e+00
5.3064225959736504e+00
5.3064225959736575e+00
5.3064225959736619e+00
5.3064225959736726e+00
5.3064225959736628e+00
5.3064225959736682e+00
5.3064225959736602e+00
5.3064225959736699e+00
5.3064225959736717e+00
5.3064225959736788e+00
5.3064225959736859e+00
5.3064225959736833e+00
5.3064225959736921e+00
5.3064225959736957e+00
5.3064225959736984e+00
5.3064225959736993e+00
5.3064225959736975e+00
5.3064225959737055e+00
5.3064225959737161e+00
5.3064225959737126e+00
5.3064225959737019e+00
5.3064225959736993e+00
5.3064225959736904e+00
5.3064225959736904e+00
5.3064225959736895e+00
5.3064225959736850e+00
5.3064225959736975e+00
5.3064225959737081e+00
5.3064225959737117e+00
5.3064225959737072e+00
5.3064225959737108e+00
5.3064225959736984e+00
5.3064225959736904e+00
5.3064225959736797e+00
5.3064225959736833e+00
5.3064225959736930e+00
5.3064225959736815e+00
4.6356052995009494e+00
4.6356052995009458e+00
4.6356052995009449e+00
4.6356052995009405e+00
4.6356052995009405e+00
4.6356052995009405e+00
4.6356052995009405e+00
4.6356052995009360e+00
4.6356052995009334e+00
4.6356052995009378e+00
4.6356052995009307e+00
4.6356052995009343e+00
4.6356052995009449e+00
4.6356052995009414e+00
4.6356052995009431e+00
4.6356052995009538e+00
4.6356052995009440e+00
4.6356052995009458e+00
4.6356052995009485e+00
4.6356052995009467e+00
4.6356052995009520e+00
4.6356052995009485e+00
4.6356052995009502e+00
4.6356052995009565e+00
4.6356052995009520e+00
4.6356052995009520e+00
4.6356052995009529e+00
4.6356052995009538e+00
4.6356052995009511e+00
4.6356052995009476e+00
4.6356052995009538e+00
4.6356052995009502e+00
4.6356052995009414e+00
4.6356052995009485e+00
4.6356052995009458e+00
4.6356052995009547e+00
4.6356052995009476e+00
4.6356052995009538e+00
4.6356052995009494e+00
4.6356052995009618e+00
4.5013706033510115e+00
4.5013706033510115e+00
4.5013706033510115e+00
4.5013706033510124e+00
4.5013706033510186e+00
4.5013706033510195e+00
4.5013706033510212e+00
4.5013706033510150e+00
4.5013706033510088e+00
4.5013706033510088e+00
4.5013706033510097e+00
4.5013706033510053e+00
4.5013706033510061e+00
4.5013706033509955e+00
4.5013706033509964e+00
4.5013706033509955e+00
4.5013706033509884e+00
4.5013706033509884e+00
4.5013706033509830e+00
4.5013706033509884e+00
4.5013706033509893e+00
4.5013706033509973e+00
4.5013706033509990e+00
4.5013706033509964e+00
4.5013706033509919e+00
4.5013706033509955e+00
4.5013706033509964e+00
4.5013706033509964e+00
4.5013706033509902e+00
4.5013706033509928e+00
4.5013706033509990e+00
4.5013706033510008e+00
4.5013706033509946e+00
4.5013706033509919e+00
4.5013706033509884e+00
4.5013706033509902e+00
4.5013706033509866e+00
4.5013706033509875e+00
4.5013706033509937e+00
4.5013706033509990e+00
4.4745206928896692e+00
4.4745206928896675e+00
4.4745206928896692e+00
4.4745206928896684e+00
4.4745206928896613e+00
4.4745206928896621e+00
4.4745206928896586e+00
4.4745206928896550e+00
4.4745206928896559e+00
4.4745206928896639e+00
4.4745206928896657e+00
