0.0000000000000000e+00
-4.0000000002097868e-04
-8.0000000001612494e-04
-1.2001600640391729e-03
-1.6000000001420945e-03
-1.9999998721693217e-03
-2.4001598081227035e-03
-2.9600266767886465e-03
-4.2725990727113319e-03
-5.7344839964676778e-03
-7.2268953189642852e-03
-6.8268949375541029e-03
-6.4270544924775533e-03
-6.0268949375351620e-03
-5.6268954462137940e-03
-5.2270558905134594e-03
-4.8268949375353904e-03
-4.4268940492972952e-03
-4.0268949374100017e-03
-3.6268949374102535e-03
-3.2268949374097025e-03
-2.8268949374099968e-03
-2.4268949374099758e-03
-2.0270548734372131e-03
-1.6268949375349688e-03
-1.2268950655574147e-03
-8.2705512950537565e-04
-4.2689493753428901e-04
-2.6894809693840347e-05
1.0019292124699452e-03
2.4079997420647439e-03
2.0080732210126353e-03
1.6079866947466357e-03
1.2077400351830354e-03
8.0807322079867868e-04
4.0824660898367807e-04
8.2600719055299453e-06
-3.9192677878622118e-04
-7.9192677890981217e-04
-1.1919267788087801e-03
-1.5919267788087170e-03
-1.9919267788086679e-03
-2.3919267788088628e-03
-2.7920868428361247e-03
-3.1919267789330998e-03
-3.5919266509556011e-03
-3.9920865869032263e-03
-4.3919267789324055e-03
-4.7919269070921177e-03
-5.1920870993821091e-03
-5.5924074839562021e-03
-5.1919267813749729e-03
-4.7916063993833176e-03
-4.3919267789336719e-03
-3.9919267789327983e-03
-3.5920867149607338e-03
-3.1919267789325741e-03
-2.7919269068296354e-03
-2.3919267788071728e-03
-1.9919267788073599e-03
-1.5919267788070360e-03
-1.1919267788065434e-03
-7.9192677880692746e-04
-3.9208671483516815e-04
8.0732210682942574e-06
4.0807309304638397e-04
8.0791302909896288e-04
1.2080732210684279e-03
1.6080733489073277e-03
2.0079135406156677e-03
2.6092975730307006e-03
2.2093184097039319e-03
1.8091791990293032e-03
1.4093184100242510e-03
1.0092976684081948e-03
6.0911684616025627e-04
2.0931840998822878e-04
-1.9063992890416470e-04
-5.9075829847756041e-04
-9.9068158994661216e-04
-1.3906815898487035e-03
-1.7906815898650309e-03
-2.1906815898646423e-03
-2.5908416538921114e-03
-2.9906815899896650e-03
-3.3906814620128910e-03
-3.7908413979612062e-03
-4.1906815899899206e-03
-4.5906817181494445e-03
-4.9908419104386873e-03
-5.3911622950123996e-03
-4.9906815931253555e-03
-4.5903612118277735e-03
-4.1906815899901738e-03
-3.7906815899901025e-03
-3.3908415260176235e-03
-2.9906815899897400e-03
-2.5906817178873351e-03
-2.1906815898659455e-03
-1.7906815898655671e-03
-1.3906815898657794e-03
-9.9068158986576602e-04
-5.9068158986576779e-04
-1.9084152589370797e-04
2.0931841000975814e-04
6.0931828198777175e-04
1.0091582180407691e-03
1.4093184100101323e-03
1.8093185378490963e-03
2.2091587295580430e-03
2.6495879617670711e-03
2.2495888184789967e-03
1.8494296118481491e-03
1.4495888188557173e-03
1.0495880892516796e-03
6.4942729503550292e-04
2.4958881885407019e-04
-1.5040959208528955e-04
-5.5041118101991022e-04
-9.5041118101980924e-04
-1.3504111810197664e-03
-1.7504111810194832e-03
-2.1504111810189486e-03
-2.5505712450472145e-03
-2.9504111811447420e-03
-3.3504110531673240e-03
-3.7505709891147328e-03
-4.1504111811444767e-03
-4.5504113093042088e-03
-4.9505715015944439e-03
-5.3508918861686107e-03
-4.9504111844334347e-03
-4.5500908032879653e-03
-4.1504111811458905e-03
-3.7504111811447844e-03
-3.3505711171718227e-03
-2.9504111811446887e-03
-2.5504113090427582e-03
-2.1504111810201109e-03
-1.7504111810202139e-03
-1.3504111810205264e-03
-9.5041118102009460e-04
-5.5041118102059348e-04
-1.5057111704831292e-04
2.4958881885438927e-04
6.4958869083161228e-04
1.0494286268830999e-03
1.4495888188538941e-03
1.8495889466950465e-03
2.2494291384053790e-03
2.6576437531743552e-03
2.2576437916023836e-03
1.8574837660327696e-03
1.4576437919925429e-03
1.0576438819967400e-03
6.5748390804582359e-04
2.5764379199309605e-04
-1.4235626012931574e-04
-5.4235620788184837e-04
-9.4235620788198418e-04
-1.3423562078818149e-03
