0.0000000000000000e+00
1.0000000000568904e-04
2.0000000000893988e-04
2.9999000101229645e-04
4.0000000008175190e-04
4.9999999815219468e-04
5.9998999722285398e-04
7.8000167026592892e-04
1.3360407193579167e-03
1.9672318873581820e-03
2.6134472708310998e-03
2.5134474687906138e-03
2.4134376657889171e-03
2.3134474687774701e-03
2.2134472727270960e-03
2.1134370756371690e-03
2.0134474687793016e-03
1.9134478630000943e-03
1.8134474687055092e-03
1.7134474687059071e-03
1.6134474687057826e-03
1.5134474687057038e-03
1.4134474687056086e-03
1.3134374677060150e-03
1.2134474687787147e-03
1.1134474708526781e-03
1.0134374719263442e-03
9.1344746877865647e-04
8.1344746663014253e-04
3.9885435885085520e-04
-2.0406511062297705e-04
-1.0403661049101823e-04
-4.0181150584506350e-06
9.5990377674756982e-05
1.9596338954365312e-04
2.9592640780888379e-04
3.9587943446756828e-04
4.9596338939699120e-04
5.9596338941046560e-04
6.9596338940478377e-04
7.9596338940515331e-04
8.9596338940482636e-04
9.9596338940529066e-04
1.0959533904055529e-03
1.1959633894781504e-03
1.2959633875508319e-03
1.3959533866248403e-03
1.4959633894789514e-03
1.5959633913314787e-03
1.6959533941833722e-03
1.7959334000346898e-03
1.6959633909162969e-03
1.5959833867956593e-03
1.4959633894790060e-03
1.3959633894794702e-03
1.2959533884785190e-03
1.1959633894789254e-03
1.0959633914799040e-03
9.9596338940592883e-04
8.9596338940571758e-04
7.9596338940608584e-04
6.9596338940620993e-04
5.9596338940622908e-04
4.9595338840665638e-04
3.9596338947989434e-04
2.9596339155333527e-04
1.9595339262727505e-04
9.5963389479647307e-05
-4.0366126681746550e-06
-1.0404661581680406e-04
-3.0466736650135287e-04
-2.0465920481291936e-04
-1.0466104375622147e-04
-4.6592050103032272e-06
9.5332634368220715e-05
1.9531447637835282e-04
2.9534079504236094e-04
3.9535710944302597e-04
4.9536342157996687e-04
5.9534079495848259e-04
6.9534079493234751e-04
7.9534079493646579e-04
8.9534079493611043e-04
9.9533079593609763e-04
1.0953407950088604e-03
1.1953407930829830e-03
1.2953307921567895e-03
1.3953407950094126e-03
1.4953407968604665e-03
1.5953307997118085e-03
1.6953108055619418e-03
1.5953407968540647e-03
1.4953607931453355e-03
1.3953407950091658e-03
1.2953407950093436e-03
1.1953307940092486e-03
1.0953407950091878e-03
9.9534079700931894e-04
8.9534079493523233e-04
7.9534079493533117e-04
6.9534079493472375e-04
5.9534079493504257e-04
4.9534079493485377e-04
3.9533079393473089e-04
2.9534079500792505e-04
1.9534079708186260e-04
9.5330798155496079e-05
-4.6592049926645572e-06
-1.0465920714153281e-04
-2.0466921029056484e-04
-3.2479473368022432e-04
-2.2479440919555792e-04
-1.2480408377530975e-04
-2.4794409415808422e-05
7.5205264009199589e-05
1.7519493849955657e-04
2.7520559058670112e-04
3.7520624154341640e-04
4.7520559051223809e-04
5.7520559051337558e-04
6.7520559051333843e-04
7.7520559051313497e-04
8.7520559051338037e-04
9.7519559151348326e-04
1.0752055905867842e-03
1.1752055886608815e-03
1.2751955877352067e-03
1.3752055905866881e-03
1.4752055924372501e-03
1.5751955952873513e-03
1.6751756011371900e-03
1.5752055925218735e-03
1.4752255889053287e-03
1.3752055905844344e-03
1.2752055905847514e-03
1.1751955895846634e-03
1.0752055905850623e-03
9.7520559258551173e-04
8.7520559051199585e-04
7.7520559051185800e-04
6.7520559051249894e-04
5.7520559051228595e-04
4.7520559051180620e-04
3.7519558951146589e-04
2.7520559058442061e-04
1.7520559265832452e-04
7.5195593732808240e-05
-2.4794409414681150e-05
-1.2479441156209504e-04
-2.2480441471063714e-04
-3.2882190843990899e-04
-2.2882189575486322e-04
-1.2883188207191373e-04
-2.8821895983750999e-05
7.1178089108240821e-05
1.7116807520315501e-04
2.7117810401621959e-04
3.7117813182376426e-04
4.7117810394321650e-04
5.7117810394265872e-04
6.7117810394252140e-04
