0.0000000000000000e+00
1.0000000000565927e-04
2.0000000000928119e-04
2.9999000101309345e-04
4.0000000008233764e-04
4.9999999815223306e-04
5.9998999722191127e-04
7.8000167026571077e-04
1.3360407193586102e-03
1.9672318873593772e-03
2.6134472708315560e-03
2.5134474687906810e-03
2.4134376657888438e-03
2.3134474687782117e-03
2.2134472727284322e-03
2.1134370756394163e-03
2.0134474687794825e-03
1.9134478629986729e-03
1.8134474687051816e-03
1.7134474687053552e-03
1.6134474687052671e-03
1.5134474687051006e-03
1.4134474687056749e-03
1.3134374677055147e-03
1.2134474687785870e-03
1.1134474708522925e-03
1.0134374719262902e-03
9.1344746877865864e-04
8.1344746663061655e-04
3.9885435885107226e-04
-2.0406511062316535e-04
-1.0403661049100760e-04
-4.0181150580510286e-06
9.5990377675006158e-05
1.9596338954318230e-04
2.9592640780778099e-04
3.9587943446557270e-04
4.9596338939686868e-04
5.9596338940965039e-04
6.9596338940509299e-04
7.9596338940464970e-04
8.9596338940491733e-04
9.9596338940470194e-04
1.0959533904044850e-03
1.1959633894789400e-03
1.2959633875526809e-03
1.3959533866273628e-03
1.4959633894781558e-03
1.5959633913280424e-03
1.6959533941776038e-03
1.7959334000262010e-03
1.6959633909163440e-03
1.5959833868046001e-03
1.4959633894783232e-03
1.3959633894788470e-03
1.2959533884790196e-03
1.1959633894785672e-03
1.0959633914783601e-03
9.9596338940505301e-04
8.9596338940572094e-04
7.9596338940543000e-04
6.9596338940552190e-04
5.9596338940550971e-04
4.9595338840519292e-04
3.9596338947875566e-04
2.9596339155231482e-04
1.9595339262599054e-04
9.5963389478496589e-05
-4.0366126694945196e-06
-1.0404661581773743e-04
-3.0466736650286197e-04
-2.0465920481340874e-04
-1.0466104375673713e-04
-4.6592050108198749e-06
9.5332634367449522e-05
1.9531447637682805e-04
2.9534079504195144e-04
3.9535710944396121e-04
4.9536342158288467e-04
5.9534079495851305e-04
6.9534079493251025e-04
7.9534079493607135e-04
8.9534079493613613e-04
9.9533079593625939e-04
1.0953407950089519e-03
1.1953407930827770e-03
1.2953307921561737e-03
1.3953407950091541e-03
1.4953407968610892e-03
1.5953307997134375e-03
1.6953108055645281e-03
1.5953407968544338e-03
1.4953607931427475e-03
1.3953407950095011e-03
1.2953407950086469e-03
1.1953307940084389e-03
1.0953407950087279e-03
9.9534079700846090e-04
8.9534079493514961e-04
7.9534079493562152e-04
6.9534079493576426e-04
5.9534079493563888e-04
4.9534079493567180e-04
3.9533079393516419e-04
2.9534079500830908e-04
1.9534079708199937e-04
9.5330798155874777e-05
-4.6592049916071636e-06
-1.0465920713927650e-04
-2.0466921028731142e-04
-3.2479473367857877e-04
-2.2479440919426214e-04
-1.2480408377475759e-04
-2.4794409414171605e-05
7.5205264011212220e-05
1.7519493850189701e-04
2.7520559058759022e-04
3.7520624154379197e-04
4.7520559051291290e-04
5.7520559051319527e-04
6.7520559051314870e-04
7.7520559051308055e-04
8.7520559051249783e-04
9.7519559151249783e-04
1.0752055905861916e-03
1.1752055886598593e-03
1.2751955877344102e-03
1.3752055905859200e-03
1.4752055924363563e-03
1.5751955952873458e-03
1.6751756011365543e-03
1.5752055925225782e-03
1.4752255889067924e-03
1.3752055905864467e-03
1.2752055905868014e-03
1.1751955895869968e-03
1.0752055905865314e-03
9.7520559258649521e-04
8.7520559051339794e-04
7.7520559051270921e-04
6.7520559051301686e-04
5.7520559051325154e-04
4.7520559051313484e-04
3.7519558951253199e-04
2.7520559058652521e-04
1.7520559266056616e-04
7.5195593734801125e-05
-2.4794409412681769e-05
-1.2479441156074800e-04
-2.2480441470913113e-04
-3.2882190843884078e-04
-2.2882189575377276e-04
-1.2883188207120372e-04
-2.8821895982184212e-05
7.1178089109816208e-05
1.7116807520463028e-04
2.7117810401763344e-04
3.7117813182445901e-04
4.7117810394444750e-04
5.7117810394447909e-04
6.7117810394508575e-04
