0.0000000000000000e+00
0.0000000000000000e+00
0.0000000000000000e+00
0.0000000000000000e+00
0.0000000000000000e+00
0.0000000000000000e+00
0.0000000000000000e+00
1.6001370626812008e-04
1.0723101031033773e-03
2.1344730703723434e-03
3.2268949373942756e-03
3.2268949373942756e-03
3.2268949373942756e-03
3.2268949373942756e-03
3.2268949373942756e-03
3.2268949373942756e-03
3.2268949373942756e-03
3.2268949373942756e-03
3.2268949373942756e-03
3.2268949373942756e-03
3.2268949373942756e-03
3.2268949373942756e-03
3.2268949373942756e-03
3.2268949373942756e-03
3.2268949373942756e-03
3.2268949373942756e-03
3.2268949373942756e-03
3.2268949373942756e-03
3.2268949373942756e-03
3.8559214214964840e-03
4.8618630959969301e-03
4.8618630959969301e-03
4.8618630959969301e-03
4.8618630959969301e-03
4.8618630959969301e-03
4.8618630959969301e-03
4.8618630959969301e-03
4.8618630959969301e-03
4.8618630959969301e-03
4.8618630959969301e-03
4.8618630959969301e-03
4.8618630959969301e-03
4.8618630959969301e-03
4.8618630959969301e-03
4.8618630959969301e-03
4.8618630959969301e-03
4.8618630959969301e-03
4.8618630959969301e-03
4.8618630959969301e-03
4.8618630959969301e-03
4.8618630959969301e-03
4.8618630959969301e-03
4.8618630959969301e-03
4.8618630959969301e-03
4.8618630959969301e-03
4.8618630959969301e-03
4.8618630959969301e-03
4.8618630959969301e-03
4.8618630959969301e-03
4.8618630959969301e-03
4.8618630959969301e-03
4.8618630959969301e-03
4.8618630959969301e-03
4.8618630959969301e-03
4.8618630959969301e-03
4.8618630959969301e-03
4.8618630959969301e-03
4.8618630959969301e-03
4.8618630959969301e-03
4.8618630959969301e-03
5.0631082849386475e-03
5.0631082849386475e-03
5.0631082849386475e-03
5.0631082849386475e-03
5.0631082849386475e-03
5.0631082849386475e-03
5.0631082849386475e-03
5.0631082849386475e-03
5.0631082849386475e-03
5.0631082849386475e-03
5.0631082849386475e-03
5.0631082849386475e-03
5.0631082849386475e-03
5.0631082849386475e-03
5.0631082849386475e-03
5.0631082849386475e-03
5.0631082849386475e-03
5.0631082849386475e-03
5.0631082849386475e-03
5.0631082849386475e-03
5.0631082849386475e-03
5.0631082849386475e-03
5.0631082849386475e-03
5.0631082849386475e-03
5.0631082849386475e-03
5.0631082849386475e-03
5.0631082849386475e-03
5.0631082849386475e-03
5.0631082849386475e-03
5.0631082849386475e-03
5.0631082849386475e-03
5.0631082849386475e-03
5.0631082849386475e-03
5.0631082849386475e-03
5.0631082849386475e-03
5.0631082849386475e-03
5.0631082849386475e-03
5.0631082849386475e-03
5.0631082849386475e-03
5.0631082849386475e-03
5.1033786937836429e-03
5.1033786937836429e-03
5.1033786937836429e-03
5.1033786937836429e-03
5.1033786937836429e-03
5.1033786937836429e-03
5.1033786937836429e-03
5.1033786937836429e-03
5.1033786937836429e-03
5.1033786937836429e-03
5.1033786937836429e-03
5.1033786937836429e-03
5.1033786937836429e-03
5.1033786937836429e-03
5.1033786937836429e-03
5.1033786937836429e-03
5.1033786937836429e-03
5.1033786937836429e-03
5.1033786937836429e-03
5.1033786937836429e-03
5.1033786937836429e-03
5.1033786937836429e-03
5.1033786937836429e-03
5.1033786937836429e-03
5.1033786937836429e-03
5.1033786937836429e-03
5.1033786937836429e-03
5.1033786937836429e-03
5.1033786937836429e-03
5.1033786937836429e-03
5.1033786937836429e-03
5.1033786937836429e-03
5.1033786937836429e-03
5.1033786937836429e-03
5.1033786937836429e-03
5.1033786937836429e-03
5.1033786937836429e-03
5.1033786937836429e-03
5.1033786937836429e-03
5.1033786937836429e-03
5.1114336669220379e-03
5.1114336669220379e-03
5.1114336669220379e-03
5.1114336669220379e-03
5.1114336669220379e-03
5.1114336669220379e-03
5.1114336669220379e-03
5.1114336669220379e-03
5.1114336669220379e-03
5.1114336669220379e-03
5.1114336669220379e-03
