0.0000000000000000e+00
7.4285577069685568e-11
9.0183751180335365e-10
-8.8026394366523923e-03
8.2476780665981065e-09
5.2993433617902083e-06
-8.7920463052160100e-03
-1.4828877176428956e-03
-3.2837128751437836e-02
-1.2987657814990735e-03
-5.1613413818510195e-05
9.4026694263589609e-09
-8.7457355460268376e-03
8.0033828300137425e-09
-5.6878619415126571e-05
-8.9111155410160139e-03
8.2472682716547063e-09
1.0847334139052231e-04
6.9989270915664917e-10
7.2989308182003425e-10
7.4527030920996216e-10
7.1022980893009287e-10
7.9122538006677319e-10
-8.7973604304902257e-03
8.1238369198026639e-09
-5.2598961141533777e-06
-8.8078846120678497e-03
8.1441939030783152e-09
5.2550754565543541e-06
-2.2959438398490226e-02
-8.2490856795763064e-03
1.1299448508649060e-08
-5.5194822460956014e-04
-9.9102480005878249e-03
7.9018700966050292e-09
1.1203026312845727e-03
-6.5546369940806251e-03
3.8034542857594410e-10
-2.7824746620907779e-09
7.9420802529050912e-10
7.5567168802599563e-10
7.7987479928689876e-10
7.5075933943415020e-10
-8.8026404600097911e-03
8.3042473449703561e-09
5.3002443242708743e-06
-8.7920443525068195e-03
8.2570490821902189e-09
-5.3050604501957914e-06
-8.8132641924343943e-03
-2.6429155962142282e-02
1.5389804446476419e-07
1.7616237469186488e-02
8.2420124842020259e-09
8.3591570923130646e-09
-8.7973529120041489e-03
8.2711520265971428e-09
-5.2671725746677440e-06
8.9325077286222267e-10
9.5638505061611588e-10
9.5897308536929214e-10
1.0044622075032703e-09
9.8575992076068664e-10
-8.7973602729411078e-03
8.3610527809566544e-09
-5.2596725074376510e-06
-8.8078843747936980e-03
8.3169352654322746e-09
5.2551920245679737e-06
-8.7868637404592085e-03
-2.3532445990293582e-03
2.6336235846218976e-08
-6.4488973668167570e-03
5.6920913475538672e-09
-2.3488948348345329e-03
-1.3500880045883727e-02
1.3408950353588678e-08
4.7044368070506522e-03
6.0711193520847514e-04
1.5495330391974278e-09
1.2752628294769065e-09
1.1889122385650896e-09
1.2051669360305907e-09
-8.8026399751532751e-03
8.5560347446509829e-09
5.3005009610766166e-06
-8.7920442788494858e-03
8.5519819514096062e-09
-5.3045393200820801e-06
-8.8132632851851741e-03
-2.6429154762290397e-02
1.9538036280835682e-07
1.7616319377671691e-02
8.6571610404412665e-09
8.5684270590760762e-09
-8.7973526742989618e-03
8.5874593224653853e-09
-5.2669596109869911e-06
1.0380058940899279e-09
1.1360200507509948e-09
1.0999544660242438e-09
1.0652818653600506e-09
1.0647085651405629e-09
-8.7973602060123293e-03
8.4479843550934190e-09
-5.2595453616931617e-06
-8.8078842164347575e-03
8.4667375835173259e-09
5.2553457622115245e-06
-8.7868635710368452e-03
-9.4773992602065980e-05
3.0574913862900954e-08
-8.7077873180260723e-03
8.4392168653176950e-09
-8.9571285317372281e-05
-8.9818064331136666e-03
8.7106779892189921e-09
1.8449569998333081e-04
1.1333475626572994e-09
1.2185985241457696e-09
1.2027579692727487e-09
1.1689195681101734e-09
1.1379746429987389e-09
-8.8026401258959504e-03
8.5378296381330994e-09
5.3005476210645466e-06
-8.7920440498050791e-03
8.5254936184281766e-09
-5.3048398250188308e-06
-8.8132638632231145e-03
-2.6429155669825195e-02
2.0453330081222532e-07
1.7616338508339657e-02
8.3701618462647908e-09
8.4523228958347408e-09
-8.7973526941175096e-03
8.4599192713328946e-09
-5.2670493134091298e-06
1.0955845858703416e-09
9.9683593051161794e-10
1.0812072459267920e-09
1.1076327567296607e-09
1.0135322643454875e-09
-8.7973603128654407e-03
8.3617239979379516e-09
-5.2596430989251547e-06
-8.8078843185616200e-03
8.4527086759400104e-09
5.2554150426517341e-06
-8.7868634445493008e-03
-3.8919377165964840e-06
3.1465798299212669e-08
-8.7986854415291107e-03
8.4233982425367323e-09
1.3448263008307876e-06
-8.7999563187196213e-03
8.4396191529005088e-09
2.6090765005774317e-06
1.0359709722986512e-09
1.0177563408045012e-09
1.0940423905746430e-09
