0.0000000000000000e+00
7.6904062990227029e-11
8.8388450175422823e-10
-8.8026394877570094e-03
8.2046344427899974e-09
5.2993381505851388e-06
-8.7920462209292033e-03
-1.4828877031714776e-03
-3.2837128817044557e-02
-1.2987658505835488e-03
-5.1613443230971560e-05
9.4522526425647807e-09
-8.7457354816793016e-03
8.0225634089273235e-09
-5.6878690415230310e-05
-8.9111156985749000e-03
8.2922988117263324e-09
1.0847353497107711e-04
7.4984581112096859e-10
8.1932333808919212e-10
8.1494640709826685e-10
7.7264906160160712e-10
7.9239249753597584e-10
-8.7973603754646842e-03
8.1357884473073819e-09
-5.2598700886535073e-06
-8.8078845954098484e-03
8.1827290807884284e-09
5.2550686119922225e-06
-2.2959438402663675e-02
-8.2490856380589665e-03
1.1310684445094919e-08
-5.5194824808405115e-04
-9.9102480104094719e-03
7.9683772162421100e-09
1.1203027541066882e-03
-6.5546368052995518e-03
4.2814915723691235e-10
-2.6745541617591298e-09
8.2087628586043178e-10
8.5462844737622580e-10
8.3183211926794613e-10
8.5669319544528697e-10
-8.8026403040341039e-03
8.3047092930024447e-09
5.3001550829134607e-06
-8.7920444932007655e-03
8.3985289265105745e-09
-5.3047072416391631e-06
-8.8132635913978560e-03
-2.6429155120886741e-02
1.5397330739398099e-07
1.7616236790790222e-02
8.3807637632742114e-09
8.4931673207644989e-09
-8.7973528779108287e-03
8.3718120110374647e-09
-5.2669747266316161e-06
9.9124690562214552e-10
1.0011746502154735e-09
1.0233859611178092e-09
1.0853783800378812e-09
1.0870198228302920e-09
-8.7973601303652782e-03
8.4795108299865811e-09
-5.2595420299136844e-06
-8.8078842413021295e-03
8.4431009136870968e-09
5.2553335683226578e-06
-8.7868636335581458e-03
-2.3532444470515750e-03
2.6391018446497077e-08
-6.4488973079396871e-03
5.7554431870698352e-09
-2.3488947150784242e-03
-1.3500879880048125e-02
1.3476224766790779e-08
4.7044367615350835e-03
6.0711173902181490e-04
1.5901751417523596e-09
1.3018542076809861e-09
1.2596458528008433e-09
1.2400856947605508e-09
-8.8026399469537300e-03
8.5839484697797565e-09
5.3005687496815800e-06
-8.7920441828595874e-03
8.6224075041928166e-09
-5.3045402652138017e-06
-8.8132633727188714e-03
-2.6429154934419774e-02
1.9543739927910916e-07
1.7616319657955966e-02
8.6840233567135006e-09
8.6625413011359148e-09
-8.7973525837567179e-03
8.6410906052134268e-09
-5.2668873160234404e-06
1.0692232212495153e-09
1.1302217281053977e-09
1.0257167706558613e-09
1.0478339613939717e-09
1.0352417718583928e-09
-8.7973602230977353e-03
8.4418715642633466e-09
-5.2595248060286397e-06
-8.8078841914359541e-03
8.4262433213727806e-09
5.2552018896305301e-06
-8.7868637972157212e-03
-9.4774067244581618e-05
3.0530531355110579e-08
-8.7077873001094076e-03
8.3662073797543825e-09
-8.9571396168466319e-05
-8.9818065693385886e-03
8.7082346713016863e-09
1.8449573699473137e-04
1.1533953946290575e-09
1.3161296295122491e-09
1.2871158661239570e-09
1.2468353303553288e-09
1.2680151944595319e-09
-8.8026399645722755e-03
8.6680952306125656e-09
5.3007001297492191e-06
-8.7920439036929150e-03
8.6463330918718822e-09
-5.3047105190974740e-06
-8.8132638046841735e-03
-2.6429155555655282e-02
2.0456219654399709e-07
1.7616338479623985e-02
8.2943771233436729e-09
8.3873809379962039e-09
-8.7973527881060939e-03
8.4254568124758434e-09
-5.2670244947396756e-06
1.0714336192719474e-09
9.9673851551292985e-10
1.1172162549925198e-09
1.1270003861113580e-09
1.0113024412154810e-09
-8.7973603140952920e-03
8.3115841235438069e-09
-5.2597062788622219e-06
-8.8078843527381965e-03
8.4131406344212625e-09
5.2554411235443177e-06
-8.7868634374254229e-03
-3.8918767031217379e-06
3.1520971895498792e-08
-8.7986853554535352e-03
8.4530482340461668e-09
1.3448503888675179e-06
-8.7999562845054655e-03
8.4842236619185388e-09
2.6091789995321202e-06
1.1060940652876252e-09
1.0185494268683810e-09
1.0312386373412215e-09
