0.0000000000000000e+00
-4.4000000002269850e+01
-8.8000000001335735e+01
-1.3202200836403799e+02
-1.7600000001151182e+02
-2.1999998328894972e+02
-2.6402197491662872e+02
-3.0800216820111609e+02
-3.5204820522127153e+02
-3.9600185125339925e+02
-4.4000006777941854e+02
-3.9600000001287401e+02
-3.5202192392691251e+02
-3.0800000001148999e+02
-2.6400008440947562e+02
-2.2002216040091119e+02
-1.7600000001137826e+02
-1.3199984807260120e+02
-8.8000000001365493e+01
-4.4000000001367482e+01
-1.3094292068532963e-09
4.3999999998639908e+01
8.7999999998671569e+01
1.3197800835507269e+02
1.7599999998858894e+02
2.1999998327211196e+02
2.6397797492547210e+02
3.0799999998868367e+02
3.5200001667458685e+02
3.9596626351459497e+02
4.3998779275133700e+02
3.9599999998411505e+02
3.5199020611507029e+02
3.0795839441318788e+02
2.6399999995888220e+02
2.2001963280663099e+02
1.7601727625822076e+02
1.3200000000078032e+02
8.7999999985622708e+01
4.3999999998500257e+01
-1.5014340189511633e-09
-4.4000000001502791e+01
-8.8000000001528178e+01
-1.3202200836512623e+02
-1.7600000001144841e+02
-2.1999998328797426e+02
-2.6402197491452995e+02
-3.0800000001137067e+02
-3.5200001676554541e+02
-3.9602204189695283e+02
-4.4006609214593556e+02
-3.9600000020726020e+02
-3.5195595014658920e+02
-3.0800000001154069e+02
-2.6400000001138687e+02
-2.2002199165512440e+02
-1.7600000001142399e+02
-1.3200001671779614e+02
-8.8000000001314817e+01
-4.4000000001316813e+01
-1.2708051147302015e-09
4.3999999998814658e+01
8.7999999998766867e+01
1.3197800835503978e+02
1.7599999998871928e+02
2.1999998327230168e+02
2.6397797492572488e+02
3.0799999998871289e+02
3.5200001667443991e+02
3.9597804170289157e+02
4.3999653129455413e+02
3.9599999996407848e+02
3.5198146232800610e+02
3.0799999998898727e+02
2.6399654396098128e+02
2.1997107752111995e+02
1.7599999998892287e+02
1.3200693492243096e+02
8.7991865606882641e+01
4.3999999990150712e+01
7.8912528307563930e-10
-4.4000000001040938e+01
-8.8000000000998298e+01
-1.3202200836460526e+02
-1.7600000001106707e+02
-2.1999998328763286e+02
-2.6402197491433503e+02
-3.0800000001108418e+02
-3.5200001676519400e+02
-3.9602204189640941e+02
-4.4006609214526554e+02
-3.9600000026257948e+02
-3.5195595025779113e+02
-3.0800000001107338e+02
-2.6400000001109100e+02
-2.2002199165474048e+02
-1.7600000001106213e+02
-1.3200001671756985e+02
-8.8000000001221366e+01
-4.4000000001144144e+01
-1.2061515248536084e-09
4.3999999998790344e+01
8.7999999998789022e+01
1.3197800835508781e+02
1.7599999998878047e+02
2.1999998327235014e+02
2.6397797492585153e+02
3.0799999998881736e+02
3.5200001667451966e+02
3.9597804170301885e+02
4.3999985831788013e+02
3.9599999995847588e+02
3.5197813332015448e+02
3.0799999998883084e+02
2.6399987494252616e+02
2.1997774146117573e+02
1.7599999998881663e+02
1.3200026702899569e+02
8.7999999998894125e+01
4.3999999998969656e+01
-1.0432379161528812e-09
-4.4000000001033321e+01
-8.8000000000989417e+01
-1.3202200836472306e+02
-1.7600000001111582e+02
-2.1999998328758639e+02
-2.6402197491410664e+02
-3.0800000001110362e+02
-3.5200001676535538e+02
-3.9602204189680020e+02
-4.4006609214586706e+02
-3.9600000027490955e+02
-3.5195595028194418e+02
-3.0800000001139983e+02
-2.6400000001122646e+02
-2.2002199165479732e+02
-1.7600000001122305e+02
-1.3200001671774527e+02
-8.8000000001191779e+01
-4.4000000001242064e+01
-1.2253948474884312e-09
4.3999999998834511e+01
8.7999999998721847e+01
1.3197800835500408e+02
1.7599999998860989e+02
2.1999998327209954e+02
2.6397797492543918e+02
3.0799999998861318e+02
3.5200001667462618e+02
3.9597804170333853e+02
4.3999999376847245e+02
3.9599999995723431e+02
3.5197799778615223e+02
3.0799999998864973e+02
2.6400001055730598e+02
2.1997801277210709e+02
1.7599999998866917e+02
1.3199999555554194e+02
8.7999999998728882e+01
4.3999999998682419e+01
-1.2852455986696952e-09
