2.9999999999999983e+02
2.9999999999999983e+02
2.9999999999999983e+02
2.9999999999999983e+02
2.9999999999999983e+02
2.9999999999999983e+02
2.9999999999999983e+02
3.0640054825072446e+02
3.4129226706145374e+02
3.7465582178385984e+02
4.0773106679204727e+02
3.9680684812182795e+02
3.9680684812182795e+02
3.9680684812182795e+02
3.9680684812182795e+02
3.9680684812182795e+02
3.9680684812182795e+02
3.9680684812182795e+02
3.9680684812182795e+02
3.9680684812182795e+02
3.9680684812182795e+02
3.9680684812182795e+02
3.9680684812182795e+02
3.9680684812182795e+02
3.9680684812182795e+02
3.9680684812182795e+02
3.9680684812182795e+02
3.9680684812182795e+02
3.9680684812182795e+02
4.2196790748591638e+02
4.5591530962491214e+02
4.4585589287990769e+02
4.4585589287990769e+02
4.4585589287990769e+02
4.4585589287990769e+02
4.4585589287990769e+02
4.4585589287990769e+02
4.4585589287990769e+02
4.4585589287990769e+02
4.4585589287990769e+02
4.4585589287990769e+02
4.4585589287990769e+02
4.4585589287990769e+02
4.4585589287990769e+02
4.4585589287990769e+02
4.4585589287990769e+02
4.4585589287990769e+02
4.4585589287990769e+02
4.4585589287990769e+02
4.4585589287990769e+02
4.4585589287990769e+02
4.4585589287990769e+02
4.4585589287990769e+02
4.4585589287990769e+02
4.4585589287990769e+02
4.4585589287990769e+02
4.4585589287990769e+02
4.4585589287990769e+02
4.4585589287990769e+02
4.4585589287990769e+02
4.4585589287990769e+02
4.4585589287990769e+02
4.4585589287990769e+02
4.4585589287990769e+02
4.4585589287990769e+02
4.4585589287990769e+02
4.4585589287990769e+02
4.4585589287990769e+02
4.4585589287990769e+02
4.4585589287990769e+02
4.5390570043757612e+02
4.5189324854815925e+02
4.5189324854815925e+02
4.5189324854815925e+02
4.5189324854815925e+02
4.5189324854815925e+02
4.5189324854815925e+02
4.5189324854815925e+02
4.5189324854815925e+02
4.5189324854815925e+02
4.5189324854815925e+02
4.5189324854815925e+02
4.5189324854815925e+02
4.5189324854815925e+02
4.5189324854815925e+02
4.5189324854815925e+02
4.5189324854815925e+02
4.5189324854815925e+02
4.5189324854815925e+02
4.5189324854815925e+02
4.5189324854815925e+02
4.5189324854815925e+02
4.5189324854815925e+02
4.5189324854815925e+02
4.5189324854815925e+02
4.5189324854815925e+02
4.5189324854815925e+02
4.5189324854815925e+02
4.5189324854815925e+02
4.5189324854815925e+02
4.5189324854815925e+02
4.5189324854815925e+02
4.5189324854815925e+02
4.5189324854815925e+02
4.5189324854815925e+02
4.5189324854815925e+02
4.5189324854815925e+02
4.5189324854815925e+02
4.5189324854815925e+02
4.5189324854815925e+02
4.5350406490195917e+02
4.5310136081350902e+02
4.5310136081350902e+02
4.5310136081350902e+02
4.5310136081350902e+02
4.5310136081350902e+02
4.5310136081350902e+02
4.5310136081350902e+02
4.5310136081350902e+02
4.5310136081350902e+02
4.5310136081350902e+02
4.5310136081350902e+02
4.5310136081350902e+02
4.5310136081350902e+02
4.5310136081350902e+02
4.5310136081350902e+02
4.5310136081350902e+02
4.5310136081350902e+02
4.5310136081350902e+02
4.5310136081350902e+02
4.5310136081350902e+02
4.5310136081350902e+02
4.5310136081350902e+02
4.5310136081350902e+02
4.5310136081350902e+02
4.5310136081350902e+02
4.5310136081350902e+02
4.5310136081350902e+02
4.5310136081350902e+02
4.5310136081350902e+02
4.5310136081350902e+02
4.5310136081350902e+02
4.5310136081350902e+02
4.5310136081350902e+02
4.5310136081350902e+02
4.5310136081350902e+02
4.5310136081350902e+02
4.5310136081350902e+02
4.5310136081350902e+02
4.5310136081350902e+02
4.5342355973904489e+02
4.5334301000766095e+02
4.5334301000766095e+02
4.5334301000766095e+02
4.5334301000766095e+02
4.5334301000766095e+02
4.5334301000766095e+02
4.5334301000766095e+02
4.5334301000766095e+02
4.5334301000766095e+02
4.5334301000766095e+02
