0.0000000000000000e+00
4.4000000002345438e+01
8.8000000002228603e+01
1.3201320572457576e+02
1.7600000001973805e+02
2.1999998858829042e+02
2.6401318287036554e+02
3.0800068531340554e+02
3.5201536809248745e+02
3.9600055248758321e+02
4.4000001616599036e+02
3.9600000002230132e+02
3.5201317819139882e+02
3.0800000001950309e+02
2.6400002753082066e+02
2.2001324928529129e+02
1.7600000001964807e+02
1.3199995654603933e+02
8.8000000002090403e+01
4.4000000002142087e+01
2.0915527970979062e-09
4.3999999997898463e+01
8.7999999997879755e+01
1.3198680571547561e+02
1.7599999998045911e+02
2.1999998853199523e+02
2.6398678281007579e+02
3.0799999998052022e+02
3.5200001141951464e+02
3.9598922295299548e+02
4.3999604183699574e+02
3.9599999997281020e+02
3.5199075806330660e+02
3.0796830466119332e+02
2.6399999995094703e+02
2.2001851250393827e+02
1.7602383089512037e+02
1.3200000000037602e+02
8.7999999988351220e+01
4.3999999997692690e+01
2.3070525404221814e-09
4.4000000002308624e+01
8.8000000002331944e+01
1.3201320572474415e+02
1.7600000001975306e+02
2.1999998858817398e+02
2.6401318287010707e+02
3.0800000001969858e+02
3.5200001146066154e+02
3.9601322863306109e+02
4.4003966299039399e+02
3.9600000036119604e+02
3.5197356638371923e+02
3.0800000001985200e+02
2.6400000001981294e+02
2.2001319430222938e+02
1.7600000001974539e+02
1.3200001145072247e+02
8.8000000002257011e+01
4.4000000002295629e+01
2.2628158564286874e-09
4.3999999997769734e+01
8.7999999997730455e+01
1.3198680571524142e+02
1.7599999998029904e+02
2.1999998853190894e+02
2.6398678281003282e+02
3.0799999998033275e+02
3.5200001141917687e+02
3.9598682856657831e+02
4.3999888453907727e+02
3.9599999993771485e+02
3.5198791122534351e+02
3.0799999998326359e+02
2.6399889285575614e+02
2.1998457840108301e+02
1.7599999997548022e+02
1.3200223048564666e+02
8.7991258495045557e+01
4.3999999988580839e+01
5.1063795791424901e-10
4.4000000002265210e+01
8.8000000002220943e+01
1.3201320572464422e+02
1.7600000001963701e+02
2.1999998858816775e+02
2.6401318287010434e+02
3.0800000001967135e+02
3.5200001146065409e+02
3.9601322863308030e+02
4.4003966299041701e+02
3.9600000045798839e+02
3.5197356657730876e+02
3.0800000001974388e+02
2.6400000001970670e+02
2.2001319430211146e+02
1.7600000001967641e+02
1.3200001145064638e+02
8.8000000002274987e+01
4.4000000002277282e+01
2.2707507850338324e-09
4.3999999997733774e+01
8.7999999997739053e+01
1.3198680571530227e+02
1.7599999998033553e+02
2.1999998853188509e+02
2.6398678281005516e+02
3.0799999998037083e+02
3.5200001141924594e+02
3.9598682856670291e+02
4.3999995309190990e+02
3.9599999992792323e+02
3.5198684110746348e+02
3.0799999998042802e+02
2.6399996451386693e+02
2.1998672326767701e+02
1.7599999998010719e+02
1.3200008253327721e+02
8.7999999997750720e+01
4.3999999997702297e+01
2.2961492523975755e-09
4.4000000002241194e+01
8.8000000002192422e+01
1.3201320572467790e+02
1.7600000001971881e+02
2.1999998858821027e+02
2.6401318287012998e+02
3.0800000001968971e+02
3.5200001146058014e+02
3.9601322863296633e+02
4.4003966299025444e+02
3.9600000047945736e+02
3.5197356662043842e+02
3.0800000001973223e+02
2.6400000001964634e+02
2.2001319430205623e+02
1.7600000001966578e+02
1.3200001145070837e+02
8.8000000002275272e+01
4.4000000002238806e+01
2.3267147518755278e-09
4.3999999997717168e+01
8.7999999997709480e+01
1.3198680571531759e+02
1.7599999998027323e+02
2.1999998853177428e+02
2.6398678280977498e+02
3.0799999998018006e+02
3.5200001141919802e+02
3.9598682856677942e+02
4.3999999766037962e+02
3.9599999992574095e+02
3.5198679647155092e+02
3.0799999998021150e+02
2.6400000921246766e+02
2.1998681272840855e+02
1.7599999998020729e+02
1.3199999294641415e+02
8.7999999997657824e+01
4.3999999997664219e+01
2.3491434313588933e-09
