0.0000000000000000e+00
0.0000000000000000e+00
0.0000000000000000e+00
0.0000000000000000e+00
-8.4552845863823638e+00
-2.2970454104115177e+01
-2.3324484016815035e+01
-2.3333127740476726e+01
-2.3339775016470380e+01
-2.3346410756591382e+01
-2.3346410756591382e+01
-2.3346410756591382e+01
-2.3346410756591382e+01
-2.3346410756591382e+01
-2.3346410756591382e+01
-2.3346410756591382e+01
-2.3346410756591382e+01
-2.3346410756591354e+01
-2.3346410756591315e+01
-2.3346410756591290e+01
-2.3346410756591226e+01
-2.3346410756591226e+01
-2.3346410756591226e+01
-2.3346410756591226e+01
-2.3346410756591226e+01
-1.1970676276284069e+01
-1.1693219955342322e+01
-1.1686458288171718e+01
-1.1681261332594445e+01
-1.1676073424204569e+01
-1.1670885570720824e+01
-1.1670885570720824e+01
-1.1670885570720824e+01
-1.1670885570720824e+01
-1.1670885570720824e+01
-1.1670885570720824e+01
-1.1670885570720875e+01
-1.1670885570720873e+01
-1.1670885570720856e+01
-1.1670885570720850e+01
-1.1670885570720856e+01
-1.1670885570720856e+01
-1.1670885570720856e+01
-1.1670885570720856e+01
-1.1670885570720856e+01
-1.1670885570720856e+01
-1.1670885570720849e+01
-1.1670885570720852e+01
-1.1670885570720863e+01
-1.1670885570720866e+01
-1.1670885570720872e+01
-1.1670885570720872e+01
-1.1670885570720872e+01
-1.1670885570720872e+01
-1.1670885570720872e+01
-1.1670885570720872e+01
-1.1670885570720866e+01
-1.1670885570720854e+01
-1.1670885570720847e+01
-1.1670885570720843e+01
-1.1670885570720834e+01
-1.1670885570720834e+01
-1.1670885570720834e+01
-1.1670885570720834e+01
-1.1670885570720834e+01
-1.1670885570720834e+01
-1.1670885570720838e+01
-1.1670885570720854e+01
-1.1670885570720834e+01
-1.1670885570720836e+01
-1.1670885570720840e+01
-1.1670885570720840e+01
-1.1670885570720840e+01
-1.1670885570720840e+01
-1.1670885570720840e+01
-1.1670885570720840e+01
-1.1670885570720825e+01
-1.1670885570720834e+01
-1.1670885570720815e+01
-1.1670885570720795e+01
-1.1670885570720785e+01
-1.1670885570720785e+01
-1.1670885570720785e+01
-1.1670885570720785e+01
-1.1670885570720785e+01
-1.1670885570720785e+01
-1.1670885570720783e+01
-1.1670885570720781e+01
-1.1670885570720785e+01
-1.1670885570720815e+01
-1.1670885570720818e+01
-1.1670885570720818e+01
-1.1670885570720818e+01
-1.1670885570720818e+01
-1.1670885570720818e+01
-1.1670885570720818e+01
-1.1670885570720831e+01
-1.1670885570720836e+01
-1.1670885570720847e+01
-1.1670885570720827e+01
-1.1670885570720825e+01
-1.1670885570720825e+01
-1.1670885570720825e+01
-1.1670885570720825e+01
-1.1670885570720825e+01
-1.1670885570720825e+01
-1.1670885570720822e+01
-1.1670885570720820e+01
-1.1670885570720854e+01
-1.1670885570720845e+01
-1.1670885570720861e+01
-1.1670885570720865e+01
-1.1670885570720865e+01
-1.1670885570720865e+01
-1.1670885570720865e+01
-1.1670885570720861e+01
-1.1670885570720857e+01
-1.1670885570720856e+01
-1.1670885570720870e+01
-1.1670885570720861e+01
-1.1670885570720847e+01
-1.1670885570720847e+01
-1.1670885570720847e+01
-1.1670885570720847e+01
-1.1670885570720847e+01
-1.1670885570720847e+01
-1.1670885570720840e+01
-1.1670885570720838e+01
-1.1670885570720817e+01
-1.1670885570720827e+01
-1.1670885570720852e+01
-1.1670885570720852e+01
-1.1670885570720852e+01
-1.1670885570720852e+01
-1.1670885570720852e+01
-1.1670885570720852e+01
-1.1670885570720870e+01
-1.1670885570720870e+01
-1.1670885570720868e+01
-1.1670885570720866e+01
-1.1670885570720873e+01
-1.1670885570720873e+01
-1.1670885570720873e+01
-1.1670885570720873e+01
-1.1670885570720873e+01
-1.1670885570720873e+01
-1.1670885570720875e+01
-1.1670885570720912e+01
-1.1670885570720930e+01
-1.1670885570720946e+01
-1.1670885570720948e+01
-1.1670885570720946e+01
-1.1670885570720946e+01
-1.1670885570720946e+01
-1.1670885570720946e+01
-1.1670885570720944e+01
-1.1670885570720948e+01
-1.1670885570720941e+01
-1.1670885570720916e+01
-1.1670885570720916e+01
-1.1670885570720920e+01
