0.0000000000000000e+00
0.0000000000000000e+00
0.0000000000000000e+00
0.0000000000000000e+00
4.2276422931906925e+00
1.1485227052056951e+01
1.1662242008406867e+01
1.1666563870237715e+01
1.1669887508234552e+01
1.1673205378295071e+01
1.1673205378295080e+01
1.1673205378295069e+01
1.1673205378295066e+01
1.1673205378295066e+01
1.1673205378295076e+01
1.1673205378295053e+01
1.1673205378295048e+01
1.1673205378295046e+01
1.1673205378295023e+01
1.1673205378295025e+01
1.1673205378295021e+01
1.1673205378295039e+01
1.1673205378295041e+01
1.1673205378295034e+01
1.1673205378295044e+01
5.9853381381430832e+00
5.8466099776722533e+00
5.8432291440869584e+00
5.8406306662983312e+00
5.8380367121034027e+00
5.8354427853615327e+00
5.8354427853615309e+00
5.8354427853615336e+00
5.8354427853615256e+00
5.8354427853615283e+00
5.8354427853615238e+00
5.8354427853615523e+00
5.8354427853615478e+00
5.8354427853615549e+00
5.8354427853615523e+00
5.8354427853615523e+00
5.8354427853615469e+00
5.8354427853615469e+00
5.8354427853615540e+00
5.8354427853615531e+00
5.8354427853615558e+00
5.8354427853615523e+00
5.8354427853615487e+00
5.8354427853615496e+00
5.8354427853615496e+00
5.8354427853615345e+00
5.8354427853615363e+00
5.8354427853615469e+00
5.8354427853615487e+00
5.8354427853615451e+00
5.8354427853615487e+00
5.8354427853615389e+00
5.8354427853615443e+00
5.8354427853615434e+00
5.8354427853615540e+00
5.8354427853615478e+00
5.8354427853615514e+00
5.8354427853615487e+00
5.8354427853615460e+00
5.8354427853615425e+00
5.8354427853615398e+00
5.8354427853615451e+00
5.8354427853615398e+00
5.8354427853615363e+00
5.8354427853615380e+00
5.8354427853615283e+00
5.8354427853615265e+00
5.8354427853615247e+00
5.8354427853615212e+00
5.8354427853615283e+00
5.8354427853615274e+00
5.8354427853615167e+00
5.8354427853615167e+00
5.8354427853615016e+00
5.8354427853614954e+00
5.8354427853614892e+00
5.8354427853614945e+00
5.8354427853614865e+00
5.8354427853614981e+00
5.8354427853614945e+00
5.8354427853614892e+00
5.8354427853614874e+00
5.8354427853614768e+00
5.8354427853614803e+00
5.8354427853614945e+00
5.8354427853614936e+00
5.8354427853614919e+00
5.8354427853614936e+00
5.8354427853614936e+00
5.8354427853614830e+00
5.8354427853614830e+00
5.8354427853614972e+00
5.8354427853615025e+00
5.8354427853615043e+00
5.8354427853614972e+00
5.8354427853614981e+00
5.8354427853615052e+00
5.8354427853615150e+00
5.8354427853615114e+00
5.8354427853615114e+00
5.8354427853615150e+00
5.8354427853615185e+00
5.8354427853615150e+00
5.8354427853615096e+00
5.8354427853615185e+00
5.8354427853615176e+00
5.8354427853615132e+00
5.8354427853615141e+00
5.8354427853615158e+00
5.8354427853615158e+00
5.8354427853615141e+00
5.8354427853615096e+00
5.8354427853615070e+00
5.8354427853615043e+00
5.8354427853614919e+00
5.8354427853614865e+00
5.8354427853614723e+00
5.8354427853614679e+00
5.8354427853614723e+00
5.8354427853614723e+00
5.8354427853614723e+00
5.8354427853614741e+00
5.8354427853614759e+00
5.8354427853614705e+00
5.8354427853614679e+00
5.8354427853614750e+00
5.8354427853614714e+00
5.8354427853614830e+00
5.8354427853614812e+00
5.8354427853614812e+00
5.8354427853614803e+00
5.8354427853614927e+00
5.8354427853614919e+00
5.8354427853614865e+00
5.8354427853614927e+00
5.8354427853614999e+00
5.8354427853615034e+00
5.8354427853615141e+00
5.8354427853615185e+00
5.8354427853615203e+00
5.8354427853615238e+00
5.8354427853615238e+00
5.8354427853615425e+00
5.8354427853615567e+00
5.8354427853615647e+00
5.8354427853615647e+00
5.8354427853615611e+00
5.8354427853615718e+00
5.8354427853615700e+00
5.8354427853615709e+00
5.8354427853615656e+00
5.8354427853615674e+00
5.8354427853615674e+00
5.8354427853615629e+00
5.8354427853615629e+00
5.8354427853615611e+00
