0.0000000000000000e+00
0.0000000000000000e+00
0.0000000000000000e+00
0.0000000000000000e+00
4.2276422931916606e+00
1.1485227052058169e+01
1.1662242008408134e+01
1.1666563870238978e+01
1.1669887508235815e+01
1.1673205378296338e+01
1.1673205378296331e+01
1.1673205378296311e+01
1.1673205378296304e+01
1.1673205378296302e+01
1.1673205378296311e+01
1.1673205378296283e+01
1.1673205378296291e+01
1.1673205378296283e+01
1.1673205378296268e+01
1.1673205378296252e+01
1.1673205378296245e+01
1.1673205378296251e+01
1.1673205378296249e+01
1.1673205378296238e+01
1.1673205378296242e+01
5.9853381381410484e+00
5.8466099776701288e+00
5.8432291440848232e+00
5.8406306662961915e+00
5.8380367121012604e+00
5.8354427853593789e+00
5.8354427853593789e+00
5.8354427853593807e+00
5.8354427853593753e+00
5.8354427853593807e+00
5.8354427853593736e+00
5.8354427853593949e+00
5.8354427853593913e+00
5.8354427853593940e+00
5.8354427853593878e+00
5.8354427853593984e+00
5.8354427853593895e+00
5.8354427853593878e+00
5.8354427853593966e+00
5.8354427853593975e+00
5.8354427853593993e+00
5.8354427853593869e+00
5.8354427853593762e+00
5.8354427853593727e+00
5.8354427853593851e+00
5.8354427853593860e+00
5.8354427853593931e+00
5.8354427853594020e+00
5.8354427853594055e+00
5.8354427853594055e+00
5.8354427853594038e+00
5.8354427853594135e+00
5.8354427853594082e+00
5.8354427853594188e+00
5.8354427853594242e+00
5.8354427853594295e+00
5.8354427853594419e+00
5.8354427853594348e+00
5.8354427853594357e+00
5.8354427853594304e+00
5.8354427853594251e+00
5.8354427853594260e+00
5.8354427853594375e+00
5.8354427853594286e+00
5.8354427853594277e+00
5.8354427853594260e+00
5.8354427853594242e+00
5.8354427853594224e+00
5.8354427853594153e+00
5.8354427853594224e+00
5.8354427853594224e+00
5.8354427853594180e+00
5.8354427853594171e+00
5.8354427853594153e+00
5.8354427853594046e+00
5.8354427853594082e+00
5.8354427853594144e+00
5.8354427853594082e+00
5.8354427853594091e+00
5.8354427853594038e+00
5.8354427853594002e+00
5.8354427853593949e+00
5.8354427853593833e+00
5.8354427853593993e+00
5.8354427853594153e+00
5.8354427853594224e+00
5.8354427853594242e+00
5.8354427853594277e+00
5.8354427853594277e+00
5.8354427853594188e+00
5.8354427853594206e+00
5.8354427853594188e+00
5.8354427853594224e+00
5.8354427853594162e+00
5.8354427853594091e+00
5.8354427853594135e+00
5.8354427853594206e+00
5.8354427853594295e+00
5.8354427853594286e+00
5.8354427853594268e+00
5.8354427853594286e+00
5.8354427853594286e+00
5.8354427853594180e+00
5.8354427853594224e+00
5.8354427853594357e+00
5.8354427853594357e+00
5.8354427853594322e+00
5.8354427853594339e+00
5.8354427853594348e+00
5.8354427853594366e+00
5.8354427853594304e+00
5.8354427853594331e+00
5.8354427853594313e+00
5.8354427853594348e+00
5.8354427853594135e+00
5.8354427853594109e+00
5.8354427853593984e+00
5.8354427853593940e+00
5.8354427853593966e+00
5.8354427853593984e+00
5.8354427853593984e+00
5.8354427853594020e+00
5.8354427853594038e+00
5.8354427853594020e+00
5.8354427853593993e+00
5.8354427853594029e+00
5.8354427853593966e+00
5.8354427853594046e+00
5.8354427853594064e+00
5.8354427853594064e+00
5.8354427853594073e+00
5.8354427853594224e+00
5.8354427853594348e+00
5.8354427853594277e+00
5.8354427853594348e+00
5.8354427853594402e+00
5.8354427853594411e+00
5.8354427853594482e+00
5.8354427853594526e+00
5.8354427853594597e+00
5.8354427853594624e+00
5.8354427853594633e+00
5.8354427853594784e+00
5.8354427853595006e+00
5.8354427853595165e+00
5.8354427853595139e+00
5.8354427853595094e+00
5.8354427853595192e+00
5.8354427853595139e+00
5.8354427853595157e+00
5.8354427853595112e+00
5.8354427853595174e+00
5.8354427853595174e+00
5.8354427853594979e+00
5.8354427853595050e+00
5.8354427853595050e+00
