0.0000000000000000e+00
-8.0000000033819056e-04
-1.6000000002497480e-03
-2.4000000002496573e-03
-4.4682926896068799e-03
-7.4455681160307385e-03
-7.4986726865648983e-03
-7.4999704366364517e-03
-7.5012681883925517e-03
-7.5025659418323353e-03
-7.5019616178820057e-03
-6.7019616138222927e-03
-5.9019616137360731e-03
-5.1019616137366816e-03
-4.3019616137368287e-03
-3.5019616134868894e-03
-3.5019616134871886e-03
-3.5019616134873113e-03
-3.5019616134876587e-03
-3.5019616134873651e-03
-3.5019616134871149e-03
-2.7019616138239831e-03
-1.9019616137359173e-03
-1.1019616137365267e-03
-3.0196161373658532e-04
2.2043985531348016e-03
2.2460169620870220e-03
2.2470304735224640e-03
2.2480439839299956e-03
2.2490574933101554e-03
2.2500710016624009e-03
1.4493671453273188e-03
6.4936716261013465e-04
-1.5063283585875685e-04
-9.5063283585842704e-04
-1.7506328356084785e-03
-1.7506328356085895e-03
-1.7506328356088027e-03
-1.7506328356091474e-03
-1.7506328356089859e-03
-1.7506328356090672e-03
-2.5506328359478463e-03
-3.3506328358594915e-03
-4.1506328358598939e-03
-4.9506328358598179e-03
-5.7506328358598868e-03
-5.7506328360724269e-03
-5.7506328362847050e-03
-5.7506328364971288e-03
-5.7506328367098927e-03
-5.7506328369225177e-03
-4.9506328359469514e-03
-4.1506328358583327e-03
-3.3506328358586523e-03
-2.5506328358581112e-03
-1.7506328356084440e-03
-1.7506328356090937e-03
-1.7506328356096089e-03
-1.7506328356094868e-03
-1.7506328356098676e-03
-1.7506328356101354e-03
-9.5063283594611092e-04
-1.5063283585858633e-04
6.4936716414168395e-04
1.4493671641421114e-03
2.2493671641409586e-03
2.2493671496533786e-03
2.2493671351664704e-03
2.2493671206785188e-03
2.2493671061910364e-03
2.2493670917034967e-03
1.4493671640531697e-03
6.4936716414102985e-04
-1.5063283585891403e-04
-9.5063283585888306e-04
-1.7506328356090258e-03
-1.7506328356086097e-03
-1.7506328356081530e-03
-1.7506328356075443e-03
-1.7506328356070170e-03
-1.7506328356070985e-03
-2.5506328359460565e-03
-3.3506328358579953e-03
-4.1506328358575798e-03
-4.9506328358571890e-03
-5.7506328358569291e-03
-5.7506328360695021e-03
-5.7506328362821081e-03
-5.7506328364947913e-03
-5.7506328367077156e-03
-5.7506328369198679e-03
-4.9506328359434975e-03
-4.1506328358556751e-03
-3.3506328358564809e-03
-2.5506328358565295e-03
-1.7506328356070469e-03
-1.7506328356068131e-03
-1.7506328356066559e-03
-1.7506328356064269e-03
-1.7506328356063513e-03
-1.7506328356061290e-03
-9.5063283594358288e-04
-1.5063283585616303e-04
6.4936716414345336e-04
1.4493671641433938e-03
2.2493671641438790e-03
2.2493671496555427e-03
2.2493671351673161e-03
2.2493671206794347e-03
2.2493671061915802e-03
2.2493670917037986e-03
1.4493671640552061e-03
6.4936716414312041e-04
-1.5063283585682935e-04
-9.5063283585646139e-04
-1.7506328356063708e-03
-1.7506328356065800e-03
-1.7506328356064833e-03
-1.7506328356073591e-03
-1.7506328356071809e-03
-1.7506328356070582e-03
-2.5506328359446513e-03
-3.3506328358561578e-03
-4.1506328358562918e-03
-4.9506328358562878e-03
-5.7506328358558631e-03
-5.7506328360690849e-03
-5.7506328362819069e-03
-5.7506328364949084e-03
-5.7506328367074467e-03
-5.7506328369203155e-03
-4.9506328359430404e-03
-4.1506328358547930e-03
-3.3506328358549066e-03
-2.5506328358548278e-03
-1.7506328356056416e-03
-1.7506328356052265e-03
-1.7506328356055420e-03
-1.7506328356055112e-03
-1.7506328356052471e-03
-1.7506328356048937e-03
-9.5063283594162525e-04
-1.5063283585380502e-04
6.4936716414586290e-04
1.4493671641457077e-03
2.2493671641461177e-03
2.2493671496585672e-03
2.2493671351708827e-03
2.2493671206834428e-03
2.2493671061960428e-03
2.2493670917072429e-03
1.4493671640580326e-03
6.4936716414607377e-04
-1.5063283585402867e-04
-9.5063283585371196e-04
-1.7506328356035575e-03
-1.7506328356041811e-03
-1.7506328356036178e-03
-1.7506328356036880e-03
-1.7506328356035102e-03
-1.7506328356035837e-03
