0.0000000000000000e+00
2.0000000008949361e-04
4.0000000014664406e-04
6.0000000014663883e-04
1.4341463446726748e-03
2.7227840579899468e-03
2.7493363148067993e-03
2.7499840208959703e-03
2.7506317265659432e-03
2.7512794318167362e-03
2.7509808064710602e-03
2.5509808068342639e-03
2.3509808068917985e-03
2.1509808068919888e-03
1.9509808068914067e-03
1.7509808067453785e-03
1.7509808067454177e-03
1.7509808067454125e-03
1.7509808067452978e-03
1.7509808067451903e-03
1.7509808067448199e-03
1.5509808068343805e-03
1.3509808068910612e-03
1.1509808068915774e-03
9.5098080689102213e-04
-1.0219927701484771e-04
-1.2300849711269912e-04
-1.2351597221010592e-04
-1.2402344756587245e-04
-1.2453092317846155e-04
-1.2503839904971697e-04
7.5316428933392773e-05
2.7531641799597649e-04
4.7531641795082725e-04
6.7531641795101963e-04
8.7531641780463877e-04
8.7531641780392796e-04
8.7531641780378300e-04
8.7531641780390996e-04
8.7531641780403172e-04
8.7531641780444014e-04
1.0753164178928685e-03
1.2753164179504098e-03
1.4753164179497924e-03
1.6753164179503827e-03
1.8753164179508375e-03
1.8753164180759687e-03
1.8753164182008018e-03
1.8753164183260280e-03
1.8753164184510292e-03
1.8753164185770462e-03
1.6753164178927036e-03
1.4753164179497906e-03
1.2753164179498168e-03
1.0753164179501500e-03
8.7531641780396136e-04
8.7531641780455008e-04
8.7531641780496121e-04
8.7531641780542796e-04
8.7531641780511527e-04
8.7531641780550515e-04
6.7531641789407419e-04
4.7531641795060922e-04
2.7531641795028523e-04
7.5316417950320276e-05
-1.2468358204952048e-04
-1.2468358279020544e-04
-1.2468358353120065e-04
-1.2468358427280635e-04
-1.2468358501440888e-04
-1.2468358575627072e-04
7.5316417893956183e-05
2.7531641795073224e-04
4.7531641795083674e-04
6.7531641795045714e-04
8.7531641780371622e-04
8.7531641780449847e-04
8.7531641780461480e-04
8.7531641780516319e-04
8.7531641780560989e-04
8.7531641780567505e-04
1.0753164178948127e-03
1.2753164179521563e-03
1.4753164179513788e-03
1.6753164179518830e-03
1.8753164179520568e-03
1.8753164180781944e-03
1.8753164182044660e-03
1.8753164183307244e-03
1.8753164184569428e-03
1.8753164185830156e-03
1.6753164178965783e-03
1.4753164179531673e-03
1.2753164179526444e-03
1.0753164179532005e-03
8.7531641780737920e-04
8.7531641780741356e-04
8.7531641780685650e-04
8.7531641780671122e-04
8.7531641780686149e-04
8.7531641780658480e-04
6.7531641789704056e-04
4.7531641795455794e-04
2.7531641795435337e-04
7.5316417954021593e-05
-1.2468358204630877e-04
-1.2468358278680449e-04
-1.2468358352852110e-04
-1.2468358426912730e-04
-1.2468358501018808e-04
-1.2468358575115326e-04
7.5316417898342296e-05
2.7531641795504444e-04
4.7531641795513690e-04
6.7531641795496667e-04
8.7531641780842393e-04
8.7531641780787912e-04
8.7531641780743395e-04
8.7531641780755635e-04
8.7531641780788042e-04
8.7531641780804153e-04
1.0753164178975306e-03
1.2753164179551137e-03
1.4753164179553315e-03
1.6753164179557560e-03
1.8753164179558979e-03
1.8753164180818976e-03
1.8753164182077004e-03
1.8753164183333024e-03
1.8753164184596985e-03
1.8753164185848429e-03
1.6753164178991056e-03
1.4753164179563921e-03
1.2753164179563276e-03
1.0753164179562566e-03
8.7531641780940134e-04
8.7531641780953665e-04
8.7531641780883203e-04
8.7531641780792715e-04
8.7531641780842870e-04
8.7531641780831811e-04
6.7531641789781794e-04
4.7531641795459383e-04
2.7531641795444238e-04
7.5316417954646473e-05
-1.2468358204537926e-04
-1.2468358278612819e-04
-1.2468358352702019e-04
-1.2468358426777305e-04
-1.2468358500801404e-04
-1.2468358574969929e-04
7.5316417899038964e-05
2.7531641795719018e-04
4.7531641795724882e-04
6.7531641795742791e-04
8.7531641781127831e-04
8.7531641781052121e-04
8.7531641781104217e-04
8.7531641781062259e-04
8.7531641781146490e-04
8.7531641781125760e-04
