0.0000000000000000e+00
2.0000000008949361e-04
4.0000000014708533e-04
6.0000000014722430e-04
1.4341463446735268e-03
2.7227840579904187e-03
2.7493363148074126e-03
2.7499840208960709e-03
2.7506317265659484e-03
2.7512794318165848e-03
2.7509808064706074e-03
2.5509808068340028e-03
2.3509808068909190e-03
2.1509808068905945e-03
1.9509808068904518e-03
1.7509808067435076e-03
1.7509808067435371e-03
1.7509808067433757e-03
1.7509808067434284e-03
1.7509808067440688e-03
1.7509808067442574e-03
1.5509808068327239e-03
1.3509808068899220e-03
1.1509808068896525e-03
9.5098080688914624e-04
-1.0219927701626030e-04
-1.2300849711411842e-04
-1.2351597221245641e-04
-1.2402344756787489e-04
-1.2453092318058696e-04
-1.2503839905170553e-04
7.5316428930953278e-05
2.7531641799387308e-04
4.7531641794885281e-04
6.7531641794899033e-04
8.7531641780266389e-04
8.7531641780228681e-04
8.7531641780167629e-04
8.7531641780120553e-04
8.7531641780076914e-04
8.7531641780021826e-04
1.0753164178897592e-03
1.2753164179475115e-03
1.4753164179474481e-03
1.6753164179483997e-03
1.8753164179484722e-03
1.8753164180736598e-03
1.8753164181995313e-03
1.8753164183249280e-03
1.8753164184506356e-03
1.8753164185765891e-03
1.6753164178917636e-03
1.4753164179490191e-03
1.2753164179493740e-03
1.0753164179502534e-03
8.7531641780370613e-04
8.7531641780362363e-04
8.7531641780446345e-04
8.7531641780486460e-04
8.7531641780435861e-04
8.7531641780513999e-04
6.7531641789375630e-04
4.7531641795099254e-04
2.7531641795126421e-04
7.5316417951222780e-05
-1.2468358204855237e-04
-1.2468358278950464e-04
-1.2468358353083457e-04
-1.2468358427190573e-04
-1.2468358501372686e-04
-1.2468358575540734e-04
7.5316417895300797e-05
2.7531641795235182e-04
4.7531641795241735e-04
6.7531641795258142e-04
8.7531641780595878e-04
8.7531641780532745e-04
8.7531641780564534e-04
8.7531641780519550e-04
8.7531641780530327e-04
8.7531641780442149e-04
1.0753164178948619e-03
1.2753164179512143e-03
1.4753164179512885e-03
1.6753164179516816e-03
1.8753164179519501e-03
1.8753164180772466e-03
1.8753164182030945e-03
1.8753164183288541e-03
1.8753164184543208e-03
1.8753164185793905e-03
1.6753164178953811e-03
1.4753164179518419e-03
1.2753164179520687e-03
1.0753164179521627e-03
8.7531641780595770e-04
8.7531641780558939e-04
8.7531641780483598e-04
8.7531641780444556e-04
8.7531641780428315e-04
8.7531641780463128e-04
6.7531641789394582e-04
4.7531641795086591e-04
2.7531641795054646e-04
7.5316417951035972e-05
-1.2468358204905541e-04
-1.2468358279034999e-04
-1.2468358353205557e-04
-1.2468358427279377e-04
-1.2468358501405787e-04
-1.2468358575530266e-04
7.5316417894204276e-05
2.7531641795150896e-04
4.7531641795134426e-04
6.7531641795197329e-04
8.7531641780521502e-04
8.7531641780465861e-04
8.7531641780481256e-04
8.7531641780467899e-04
8.7531641780502030e-04
8.7531641780543414e-04
1.0753164178944350e-03
1.2753164179519784e-03
1.4753164179520039e-03
1.6753164179524327e-03
1.8753164179525304e-03
1.8753164180783427e-03
1.8753164182045941e-03
1.8753164183301018e-03
1.8753164184564398e-03
1.8753164185815940e-03
1.6753164178960115e-03
1.4753164179530536e-03
1.2753164179535317e-03
1.0753164179539559e-03
8.7531641780741497e-04
8.7531641780729083e-04
8.7531641780721093e-04
8.7531641780750854e-04
8.7531641780678494e-04
8.7531641780673518e-04
6.7531641789639980e-04
4.7531641795373189e-04
2.7531641795399537e-04
7.5316417953546930e-05
-1.2468358204639437e-04
-1.2468358278720101e-04
-1.2468358352839699e-04
-1.2468358426965111e-04
-1.2468358501057712e-04
-1.2468358575208759e-04
7.5316417898292490e-05
2.7531641795571036e-04
4.7531641795531428e-04
6.7531641795530754e-04
8.7531641780907933e-04
8.7531641780844746e-04
8.7531641780862906e-04
8.7531641780874562e-04
8.7531641780868186e-04
8.7531641780848476e-04
