0.0000000000000000e+00
0.0000000000000000e+00
0.0000000000000000e+00
0.0000000000000000e+00
1.2682926879573541e-03
3.4455681156172731e-03
3.4986726025222521e-03
3.4999691610715093e-03
3.5009662524705574e-03
3.5019616134887061e-03
3.5019616134887061e-03
3.5019616134887061e-03
3.5019616134887061e-03
3.5019616134887061e-03
3.5019616134887061e-03
3.5019616134887061e-03
3.5019616134887061e-03
3.5019616134887061e-03
3.5019616134887061e-03
3.5019616134887061e-03
3.5019616134887061e-03
3.5019616134887061e-03
3.5019616134887061e-03
3.5019616134887061e-03
3.5019616134887061e-03
5.2083217855347788e-03
5.2499402336760393e-03
5.2509544837516320e-03
5.2517340270882232e-03
5.2525122133467023e-03
5.2532903913692650e-03
5.2532903913692650e-03
5.2532903913692650e-03
5.2532903913692650e-03
5.2532903913692650e-03
5.2532903913692650e-03
5.2532903913692650e-03
5.2532903913692650e-03
5.2532903913692650e-03
5.2532903913692650e-03
5.2532903913692650e-03
5.2532903913692650e-03
5.2532903913692650e-03
5.2532903913692650e-03
5.2532903913692650e-03
5.2532903913692650e-03
5.2532903913692650e-03
5.2532903913692650e-03
5.2532903913692650e-03
5.2532903913692650e-03
5.2532903913692650e-03
5.2532903913692650e-03
5.2532903913692650e-03
5.2532903913692650e-03
5.2532903913692650e-03
5.2532903913692650e-03
5.2532903913692650e-03
5.2532903913692650e-03
5.2532903913692650e-03
5.2532903913692650e-03
5.2532903913692650e-03
5.2532903913692650e-03
5.2532903913692650e-03
5.2532903913692650e-03
5.2532903913692650e-03
5.2532903913692650e-03
5.2532903913692650e-03
5.2532903913692650e-03
5.2532903913692650e-03
5.2532903913692650e-03
5.2532903913692650e-03
5.2532903913692650e-03
5.2532903913692650e-03
5.2532903913692650e-03
5.2532903913692650e-03
5.2532903913692650e-03
5.2532903913692650e-03
5.2532903913692650e-03
5.2532903913692650e-03
5.2532903913692650e-03
5.2532903913692650e-03
5.2532903913692650e-03
5.2532903913692650e-03
5.2532903913692650e-03
5.2532903913692650e-03
5.2532903913692650e-03
5.2532903913692650e-03
5.2532903913692650e-03
5.2532903913692650e-03
5.2532903913692650e-03
5.2532903913692650e-03
5.2532903913692650e-03
5.2532903913692650e-03
5.2532903913692650e-03
5.2532903913692650e-03
5.2532903913692650e-03
5.2532903913692650e-03
5.2532903913692650e-03
5.2532903913692650e-03
5.2532903913692650e-03
5.2532903913692650e-03
5.2532903913692650e-03
5.2532903913692650e-03
5.2532903913692650e-03
5.2532903913692650e-03
5.2532903913692650e-03
5.2532903913692650e-03
5.2532903913692650e-03
5.2532903913692650e-03
5.2532903913692650e-03
5.2532903913692650e-03
5.2532903913692650e-03
5.2532903913692650e-03
5.2532903913692650e-03
5.2532903913692650e-03
5.2532903913692650e-03
5.2532903913692650e-03
5.2532903913692650e-03
5.2532903913692650e-03
5.2532903913692650e-03
5.2532903913692650e-03
5.2532903913692650e-03
5.2532903913692650e-03
5.2532903913692650e-03
5.2532903913692650e-03
5.2532903913692650e-03
5.2532903913692650e-03
5.2532903913692650e-03
5.2532903913692650e-03
5.2532903913692650e-03
5.2532903913692650e-03
5.2532903913692650e-03
5.2532903913692650e-03
5.2532903913692650e-03
5.2532903913692650e-03
5.2532903913692650e-03
5.2532903913692650e-03
5.2532903913692650e-03
5.2532903913692650e-03
5.2532903913692650e-03
5.2532903913692650e-03
5.2532903913692650e-03
5.2532903913692650e-03
5.2532903913692650e-03
5.2532903913692650e-03
5.2532903913692650e-03
5.2532903913692650e-03
5.2532903913692650e-03
5.2532903913692650e-03
5.2532903913692650e-03
5.2532903913692650e-03
5.2532903913692650e-03
5.2532903913692650e-03
5.2532903913692650e-03
5.2532903913692650e-03
5.2532903913692650e-03
5.2532903913692650e-03
5.2532903913692650e-03
5.2532903913692650e-03
5.2532903913692650e-03
5.2532903913692650e-03
