2.9999999999999983e+02
2.9999999999999983e+02
2.9999999999999983e+02
2.9999999999999983e+02
3.3931707332667776e+02
4.0554431889617797e+02
4.0501328256257227e+02
4.0500037139069428e+02
4.0502998466551566e+02
4.0505984376567915e+02
4.0505884840466092e+02
4.0505884840466092e+02
4.0505884840466092e+02
4.0505884840466092e+02
4.0505884840466092e+02
4.0505884840466092e+02
4.0505884840466092e+02
4.0505884840466092e+02
4.0505884840466092e+02
4.0505884840466092e+02
4.0505884840466092e+02
4.0505884840466092e+02
4.0505884840466092e+02
4.0505884840466092e+02
4.0505884840466092e+02
4.5795601373808915e+02
4.5753982545842211e+02
4.5752964876262433e+02
4.5755280035598327e+02
4.5757614458665932e+02
4.5759948991910028e+02
4.5759871174107764e+02
4.5759871174107764e+02
4.5759871174107764e+02
4.5759871174107764e+02
4.5759871174107764e+02
4.5759871174107764e+02
4.5759871174107764e+02
4.5759871174107764e+02
4.5759871174107764e+02
4.5759871174107764e+02
4.5759871174107764e+02
4.5759871174107764e+02
4.5759871174107764e+02
4.5759871174107764e+02
4.5759871174107764e+02
4.5759871174107764e+02
4.5759871174107764e+02
4.5759871174107764e+02
4.5759871174107764e+02
4.5759871174107764e+02
4.5759871174107764e+02
4.5759871174107764e+02
4.5759871174107764e+02
4.5759871174107764e+02
4.5759871174107764e+02
4.5759871174107764e+02
4.5759871174107764e+02
4.5759871174107764e+02
4.5759871174107764e+02
4.5759871174107764e+02
4.5759871174107764e+02
4.5759871174107764e+02
4.5759871174107764e+02
4.5759871174107764e+02
4.5759871174107764e+02
4.5759871174107764e+02
4.5759871174107764e+02
4.5759871174107764e+02
4.5759871174107764e+02
4.5759871174107764e+02
4.5759871174107764e+02
4.5759871174107764e+02
4.5759871174107764e+02
4.5759871174107764e+02
4.5759871174107764e+02
4.5759871174107764e+02
4.5759871174107764e+02
4.5759871174107764e+02
4.5759871174107764e+02
4.5759871174107764e+02
4.5759871174107764e+02
4.5759871174107764e+02
4.5759871174107764e+02
4.5759871174107764e+02
4.5759871174107764e+02
4.5759871174107764e+02
4.5759871174107764e+02
4.5759871174107764e+02
4.5759871174107764e+02
4.5759871174107764e+02
4.5759871174107764e+02
4.5759871174107764e+02
4.5759871174107764e+02
4.5759871174107764e+02
4.5759871174107764e+02
4.5759871174107764e+02
4.5759871174107764e+02
4.5759871174107764e+02
4.5759871174107764e+02
4.5759871174107764e+02
4.5759871174107764e+02
4.5759871174107764e+02
4.5759871174107764e+02
4.5759871174107764e+02
4.5759871174107764e+02
4.5759871174107764e+02
4.5759871174107764e+02
4.5759871174107764e+02
4.5759871174107764e+02
4.5759871174107764e+02
4.5759871174107764e+02
4.5759871174107764e+02
4.5759871174107764e+02
4.5759871174107764e+02
4.5759871174107764e+02
4.5759871174107764e+02
4.5759871174107764e+02
4.5759871174107764e+02
4.5759871174107764e+02
4.5759871174107764e+02
4.5759871174107764e+02
4.5759871174107764e+02
4.5759871174107764e+02
4.5759871174107764e+02
4.5759871174107764e+02
4.5759871174107764e+02
4.5759871174107764e+02
4.5759871174107764e+02
4.5759871174107764e+02
4.5759871174107764e+02
4.5759871174107764e+02
4.5759871174107764e+02
4.5759871174107764e+02
4.5759871174107764e+02
4.5759871174107764e+02
4.5759871174107764e+02
4.5759871174107764e+02
4.5759871174107764e+02
4.5759871174107764e+02
4.5759871174107764e+02
4.5759871174107764e+02
4.5759871174107764e+02
4.5759871174107764e+02
4.5759871174107764e+02
4.5759871174107764e+02
4.5759871174107764e+02
4.5759871174107764e+02
4.5759871174107764e+02
4.5759871174107764e+02
4.5759871174107764e+02
4.5759871174107764e+02
4.5759871174107764e+02
4.5759871174107764e+02
4.5759871174107764e+02
4.5759871174107764e+02
4.5759871174107764e+02
4.5759871174107764e+02
4.5759871174107764e+02
4.5759871174107764e+02
4.5759871174107764e+02
