0.0000000000000000e+00
8.7048282883939981e-10
1.4867776085481542e-08
1.4886036479351234e-08
4.9621913431734369e-08
1.3740010036245704e-08
-1.3137788935568433e-06
-1.5462146581221516e-04
1.2868477611418457e-02
2.5967565533043562e-02
-2.4149549727008239e-07
1.0906218830043833e-09
1.4940597310125584e-08
1.4902753053872435e-08
1.4878385959853778e-08
6.4396706025395107e-11
5.3373140293338914e-11
4.1331399339727247e-11
1.7762470212776153e-11
1.0707221021459967e-10
1.3465954003142971e-10
9.2795614401667401e-10
1.4874446685359285e-08
1.4849014976913797e-08
1.4749386038919767e-08
1.5976661317572967e-07
-8.6535549608492197e-07
-9.4976122953911328e-05
-1.0516273954918064e-02
-2.0997373683110471e-02
-3.1478926500492027e-02
1.1197739660784724e-06
-4.4746309049663360e-08
1.4678540260479166e-08
1.4729537527512117e-08
-1.8181672145457020e-11
-9.8004712709600084e-11
-1.7049829530645779e-10
-2.0087150066716313e-10
-2.0843922839880055e-10
-2.5918726459048245e-10
5.5521228468267515e-10
1.4589876430030250e-08
1.4544701617760866e-08
1.4671116695695404e-08
1.4688800557912219e-08
2.7370504116967363e-08
4.0131731276218339e-08
5.2851686203597751e-08
6.5606133112240777e-08
7.8388356097128641e-08
8.0098386681363962e-10
1.4768004100013116e-08
1.4781834784217622e-08
1.4929272755988067e-08
1.5413601862441599e-10
1.1850043447707451e-10
1.9803827502753055e-10
2.9691523744004210e-10
1.9827394070681335e-10
2.9528133071190624e-10
1.1177516873704953e-09
1.5010609468398528e-08
1.5075457564721162e-08
1.5084630051412425e-08
1.5068483865101025e-08
-7.5277380573120698e-07
-1.5206709335775988e-06
-2.2885965174460945e-06
-3.0565950915120841e-06
-3.8245961858466177e-06
1.3078626134462953e-09
1.5194099388194398e-08
1.5201745678819937e-08
1.5216509217224917e-08
3.8000489347647406e-10
3.8841069097908445e-10
4.4231064318494496e-10
4.6867957837297665e-10
5.0949674644097533e-10
4.3111659233568437e-10
1.3745059572053335e-09
1.5218817317743840e-08
1.5225311012361528e-08
1.5292356084778389e-08
1.5329981380222409e-08
2.8072208314075772e-08
4.0885934358936510e-08
5.3687837340868096e-08
6.6421035603672193e-08
7.9134749773477734e-08
1.6206345049257081e-09
1.5454605206737901e-08
1.5406007833699972e-08
1.5400645791750200e-08
6.7427049138090390e-10
6.4073982416106489e-10
5.5468898033262047e-10
5.2171753596000060e-10
5.2795023240422497e-10
5.4398833405466473e-10
1.4230754025972952e-09
1.5327506742963523e-08
1.5281129683578291e-08
1.5316865329647254e-08
1.5308714127786411e-08
-7.5258965024539491e-07
-1.5206271748881155e-06
-2.2884629931491203e-06
-3.0563795919678697e-06
-3.8242849418348537e-06
1.4843074994472637e-09
1.5397619202664581e-08
1.5374638712613140e-08
1.5468622086464200e-08
6.5218943750292473e-10
5.4828414672924056e-10
5.4639988472133919e-10
4.8330807451759816e-10
5.4422215717101151e-10
6.0427011145404610e-10
1.4327564251120050e-09
1.5459929354403007e-08
1.5483213867594598e-08
1.5530064276244014e-08
1.5559338507706297e-08
2.8320465501027407e-08
4.1168365060118159e-08
5.3884176559309789e-08
6.6745442614909942e-08
7.9433180103055863e-08
1.7730601233026396e-09
1.5728020202221983e-08
1.5763014481157851e-08
1.5765961052333594e-08
9.4213029804030100e-10
9.2976662094380928e-10
8.8185894311424167e-10
8.7508374996718802e-10
8.3070112617910128e-10
8.4172006715754485e-10
1.7624112246903370e-09
1.5726286277203470e-08
1.5733504718098232e-08
1.5668198278733266e-08
1.5692424461569633e-08
-7.5213909332649266e-07
-1.5200521196888264e-06
-2.2879445332410980e-06
-3.0557698491676916e-06
-3.8237901597411861e-06
2.0192817249167321e-09
1.6026466692989375e-08
1.5967203008549310e-08
1.5999557144878863e-08
1.2711487133496358e-09
1.1231292968330822e-09
1.1800511209305411e-09
1.1649713256287218e-09
1.2222683471934674e-09
1.1706262595628942e-09
