0.0000000000000000e+00
8.7048282883939981e-10
1.4840656822002558e-08
1.4842085916000820e-08
4.9595016724979298e-08
1.3734032541198220e-08
-1.3138142237841770e-06
-1.5462147214950943e-04
1.2868477614035857e-02
2.5967565557676466e-02
-2.4148449143399570e-07
1.0986534495870156e-09
1.4971974631725214e-08
1.4986391301204259e-08
1.4912411428753626e-08
1.7038345789853663e-10
1.7271382875748868e-10
1.5602933316034459e-10
1.3208597976300449e-10
1.7484456577050947e-10
1.7566671007413368e-10
1.0998468231600524e-09
1.4992191042669114e-08
1.5014823048748307e-08
1.4936012863774811e-08
1.5985554418650169e-07
-8.6525969571521992e-07
-9.4975948247004970e-05
-1.0516273798209529e-02
-2.0997373519953025e-02
-3.1478926346076276e-02
1.1199457756052525e-06
-4.4582753602026477e-08
1.4831407408927396e-08
1.4882152682140588e-08
1.0277828404354502e-10
4.0608337543074806e-11
6.8365304150591805e-12
-1.4625763089955842e-11
2.8395443512470853e-11
6.1086739952296195e-11
7.5539967704168131e-10
1.4784870940169793e-08
1.4700276262101568e-08
1.4797552984774923e-08
1.4841701917653378e-08
2.7520828818121314e-08
4.0211062519212974e-08
5.2915476012324356e-08
6.5615706821541917e-08
7.8399538000611828e-08
8.7147118801722576e-10
1.4850970302820701e-08
1.4844293551481825e-08
1.4921613147629560e-08
1.4766559124622462e-10
1.7298346252571270e-10
2.1028111469275917e-10
3.1157878397941674e-10
2.2984836076523546e-10
3.0465547490048037e-10
1.0962313557570688e-09
1.4913509304920330e-08
1.4938828503495585e-08
1.4949986921821252e-08
1.4938468350163792e-08
-7.5288335385734249e-07
-1.5207581210461641e-06
-2.2887256037053743e-06
-3.0567063769897768e-06
-3.8247191103020783e-06
1.1395086176760923e-09
1.5009229637230052e-08
1.5010816351013658e-08
1.4975715600084098e-08
1.6132659838924412e-10
2.5730636181968566e-10
3.1169421713018007e-10
3.9277547672737239e-10
4.7310027497218898e-10
4.3801098264526600e-10
1.2779937668485154e-09
1.5184661468424944e-08
1.5116211111807835e-08
1.5185852024662446e-08
1.5223584785116891e-08
2.8035643001548822e-08
4.0895222140903025e-08
5.3741356939835802e-08
6.6539552239326818e-08
7.9370117296717563e-08
1.6209867587087167e-09
1.5430220008667705e-08
1.5357660471688248e-08
1.5371593746076526e-08
6.7624716004759047e-10
6.6729711595483064e-10
5.5645144539247104e-10
5.6269251126134989e-10
5.8266351280154829e-10
5.6072828499775493e-10
1.5473140641923133e-09
1.5492397589863390e-08
1.5455756872257940e-08
1.5443077146533619e-08
1.5425899014268739e-08
-7.5242254525291549e-07
-1.5204623026310369e-06
-2.2882804296735270e-06
-3.0561771856255819e-06
-3.8240677990095462e-06
1.6854168945348812e-09
1.5554150597475110e-08
1.5543071577719263e-08
1.5577296687633913e-08
7.7386697750471117e-10
6.9958758369440703e-10
6.4291601960731425e-10
6.1203374813090285e-10
6.6067765459105290e-10
7.0882489003678938e-10
1.5884121387829188e-09
1.5605713233747406e-08
1.5638927681737755e-08
1.5687649160493776e-08
1.5713346497655594e-08
2.8516986275261616e-08
4.1311958614586360e-08
5.4055936294025905e-08
6.6907436331489796e-08
7.9593295963929597e-08
1.9395620124647157e-09
1.5888780312864467e-08
1.5890829213752008e-08
1.5826920695198984e-08
1.0111312020078674e-09
1.0124797039157313e-09
9.2323092519605991e-10
8.5632203097613107e-10
9.0088282507241218e-10
9.0798706280333352e-10
1.8092823260839702e-09
1.5697462253635423e-08
1.5702988872558707e-08
1.5664785284002335e-08
1.5688912055962478e-08
-7.5213815561688286e-07
-1.5200247122243527e-06
-2.2878765458811570e-06
-3.0556268225425641e-06
-3.8236609830760542e-06
2.0101239735958164e-09
1.6069159805644678e-08
1.6034359845467973e-08
1.6075227365837854e-08
1.3524054675214670e-09
1.2174235358859771e-09
1.3010765745675057e-09
1.2418576170682856e-09
1.3554173887090926e-09
1.3017140712354726e-09
