0.0000000000000000e+00
8.8000000037636184e+01
1.7600000003489035e+02
2.6400000003489691e+02
3.5200000020625106e+02
4.4000000005235080e+02
4.4000000858779481e+02
4.4000006300140910e+02
4.4003964719022088e+02
4.4007945990056641e+02
4.4000000036250879e+02
3.5200000003723801e+02
2.6400000003468500e+02
1.7600000003474133e+02
8.8000000034729936e+01
7.4724629885597715e-11
6.7766834642070772e-11
2.9436263112081091e-11
2.8291840119589536e-11
4.3796871065956464e-11
6.4746789284545229e-11
8.7999999962641056e+01
1.7599999996537485e+02
2.6399999996531113e+02
3.5199999996534700e+02
4.3999999932366273e+02
4.3999999552540868e+02
4.3999996133036689e+02
4.4003090835709150e+02
4.4006203445035226e+02
4.4009316156301884e+02
3.5199999734302293e+02
2.6399999982639741e+02
1.7599999996509700e+02
8.7999999965105403e+01
-2.0305467794696622e-12
-1.8508528142870144e-11
7.3033696185589651e-12
3.4493558040334988e-11
9.8697917171859101e-11
1.7569901175983894e-10
8.8000000037637278e+01
1.7600000003493841e+02
2.6400000003495285e+02
3.5200000003500065e+02
4.4000000003502549e+02
4.4000000006474619e+02
4.4000000009446183e+02
4.4000000012418661e+02
4.4000000015394983e+02
4.4000000018372998e+02
3.5200000003763563e+02
2.6400000003487105e+02
1.7600000003490032e+02
8.8000000034891002e+01
6.7931185260440954e-11
7.0906470755999480e-11
1.0984660748901530e-10
1.3536820692629635e-10
1.7665058765363503e-10
2.4302898083109731e-10
8.7999999962360874e+01
1.7599999996506449e+02
2.6399999996509882e+02
3.5199999996512258e+02
4.3999999996500969e+02
4.3999999875529784e+02
4.3999999754565488e+02
4.3999999633596650e+02
4.3999999512633178e+02
4.3999999391671349e+02
3.5199999996223289e+02
2.6399999996497405e+02
1.7599999996496553e+02
8.7999999964971721e+01
1.9508080083433491e-10
1.2652706820304093e-10
1.3050057462085054e-10
1.2735115522394303e-10
1.5192680032308788e-10
1.9928222606236354e-10
8.8000000037744556e+01
1.7600000003500787e+02
2.6400000003495012e+02
3.5200000003494216e+02
4.4000000003493517e+02
4.4000000006470799e+02
4.4000000009451395e+02
4.4000000012432247e+02
4.4000000015411558e+02
4.4000000018384759e+02
3.5200000003762818e+02
2.6400000003487440e+02
1.7600000003492394e+02
8.8000000034924696e+01
2.8084922046782865e-10
2.2580969221298458e-10
1.8067004111002704e-10
1.4819792512840834e-10
8.3966590185472225e-11
1.4286653867142178e-10
8.7999999962400679e+01
1.7599999996505858e+02
2.6399999996505852e+02
3.5199999996502822e+02
4.3999999996509598e+02
4.3999999875533507e+02
4.3999999754562634e+02
4.3999999633588527e+02
4.3999999512617649e+02
4.3999999391648316e+02
3.5199999996223579e+02
2.6399999996496354e+02
1.7599999996496467e+02
8.7999999964970357e+01
1.9266144550257543e-10
1.7756603840405807e-10
2.1549016120882741e-10
2.4672501503338884e-10
2.5982511899434684e-10
2.7063264003076419e-10
8.8000000037732690e+01
1.7600000003501822e+02
2.6400000003505045e+02
3.5200000003507500e+02
4.4000000003504499e+02
4.4000000006489120e+02
4.4000000009471330e+02
4.4000000012450846e+02
4.4000000015430516e+02
4.4000000018406786e+02
3.5200000003774187e+02
2.6400000003500674e+02
1.7600000003502018e+02
8.8000000034989412e+01
3.2677306913042408e-10
3.1096554760212111e-10
2.5750329426880603e-10
2.7023292327029302e-10
2.3702326497705323e-10
2.0132665143296187e-10
8.7999999962466433e+01
1.7599999996516812e+02
2.6399999996516067e+02
3.5199999996515209e+02
4.3999999996519369e+02
4.3999999875546899e+02
4.3999999754574742e+02
4.3999999633606274e+02
4.3999999512633735e+02
4.3999999391660208e+02
3.5199999996228973e+02
2.6399999996495779e+02
1.7599999996495666e+02
8.7999999964970073e+01
3.4771949839430435e-10
3.5107348764438348e-10
3.7540283301411283e-10
3.8300770814239868e-10
3.8955787327894743e-10
3.8275900348555776e-10
