0.0000000000000000e+00
-8.8000000036765698e+01
-1.7600000002003617e+02
-2.6400000002003287e+02
-3.5200000015664261e+02
-4.4000000003861356e+02
-4.4000000990159117e+02
-4.4000021762287827e+02
-4.4002677871260846e+02
-4.4005349233502102e+02
-4.4000000060399873e+02
-3.5200000003614321e+02
-2.6400000001972887e+02
-1.7600000001979669e+02
-8.8000000019834530e+01
2.6954026836970585e-10
2.3920060113390575e-10
2.1967590017522304e-10
1.7723094166370572e-10
2.4192008736297971e-10
2.7533222339741594e-10
8.7999999963654986e+01
1.7599999998030816e+02
2.6399999998024310e+02
3.5199999998018950e+02
4.3999999948347386e+02
4.3999999466010115e+02
4.3999986635433146e+02
4.4002039208321446e+02
4.4004103707675068e+02
4.4006168263659589e+02
3.5199999846288290e+02
2.6399999978173304e+02
1.7599999997985196e+02
8.7999999979911223e+01
2.9737612961725698e-11
-2.6064154603963067e-11
-7.7245435357596925e-11
-1.1896043097209586e-10
-8.1898534018132099e-11
-8.7667825233960512e-11
-8.8000000036981959e+01
-1.7600000002025095e+02
-2.6400000002033033e+02
-3.5200000002026610e+02
-4.4000000002026025e+02
-4.4000000003730054e+02
-4.4000000005429024e+02
-4.4000000007130268e+02
-4.4000000008833922e+02
-4.4000000010533626e+02
-3.5200000003679924e+02
-2.6400000002006152e+02
-1.7600000002008733e+02
-8.8000000019965597e+01
1.0900910254324344e-10
3.3240766940891279e-11
6.8439199385126538e-12
8.4764801157289465e-11
-4.8956702291636342e-12
1.2026973086703897e-11
8.7999999963467843e+01
1.7599999998002670e+02
2.6399999998010577e+02
3.5199999998013988e+02
4.3999999998001323e+02
4.3999999800246945e+02
4.3999999602494012e+02
4.3999999404730499e+02
4.3999999206968107e+02
4.3999999009205590e+02
3.5199999996345667e+02
2.6399999998007598e+02
1.7599999998007186e+02
8.7999999980067869e+01
1.4540507225265256e-10
2.1111704241661386e-10
2.8154596582373860e-10
3.7472443531272052e-10
4.5241450655190514e-10
4.1917404550715988e-10
-8.8000000036418328e+01
-1.7600000001980618e+02
-2.6400000001977941e+02
-3.5200000001970295e+02
-4.4000000001965839e+02
-4.4000000003665372e+02
-4.4000000005362347e+02
-4.4000000007060794e+02
-4.4000000008763527e+02
-4.4000000010459496e+02
-3.5200000003600741e+02
-2.6400000001943187e+02
-1.7600000001954217e+02
-8.8000000019538589e+01
5.4793509372614852e-10
5.4663493566897991e-10
4.9972079198987996e-10
5.1407824899630722e-10
5.2004184268484352e-10
5.4469605609214248e-10
8.7999999963885841e+01
1.7599999998046871e+02
2.6399999998042699e+02
3.5199999998040846e+02
4.3999999998046303e+02
4.3999999800282887e+02
4.3999999602508143e+02
4.3999999404751355e+02
4.3999999206989787e+02
4.3999999009230697e+02
3.5199999996382070e+02
2.6399999998043938e+02
1.7599999998042352e+02
8.7999999980493342e+01
6.0371516300817217e-10
5.2942699236410559e-10
5.2037591812164751e-10
3.9093258748160812e-10
4.4193311761164785e-10
4.8851115694391846e-10
-8.8000000036222133e+01
-1.7600000001948553e+02
-2.6400000001948945e+02
-3.5200000001946614e+02
-4.4000000001940856e+02
-4.4000000003647244e+02
-4.4000000005347323e+02
-4.4000000007053831e+02
-4.4000000008747867e+02
-4.4000000010455466e+02
-3.5200000003588559e+02
-2.6400000001919830e+02
-1.7600000001919335e+02
-8.8000000019192925e+01
8.0697031833951468e-10
8.3586576608682752e-10
7.7833931677086111e-10
7.5951019257932277e-10
7.9046203102238802e-10
8.3874800150233753e-10
8.7999999964252254e+01
1.7599999998087995e+02
2.6399999998087884e+02
3.5199999998081893e+02
4.3999999998088418e+02
4.3999999800333063e+02
4.3999999602570921e+02
4.3999999404815242e+02
4.3999999207063865e+02
4.3999999009287643e+02
3.5199999996430466e+02
2.6399999998100571e+02
1.7599999998095751e+02
8.7999999981007477e+01
1.1665361530702285e-09
1.0309987756892444e-09
1.1239792126579278e-09
1.1083207244231594e-09
1.1792000234441134e-09
1.1381564575242249e-09
