0.0000000000000000e+00
0.0000000000000000e+00
0.0000000000000000e+00
0.0000000000000000e+00
0.0000000000000000e+00
0.0000000000000000e+00
0.0000000000000000e+00
0.0000000000000000e+00
-2.3531828832443642e+00
-7.9315529616624652e+00
-1.3624605041844310e+01
-1.3624605041844310e+01
-1.3624605041844310e+01
-1.3624605041844310e+01
-1.3624605041844310e+01
-1.3624605041844310e+01
-1.3624605041844310e+01
-1.3624605041844310e+01
-1.3624605041844310e+01
-1.3624605041844310e+01
-1.3624605041844310e+01
-1.3624605041844310e+01
-1.3624605041844310e+01
-1.3624605041844310e+01
-1.3624605041844310e+01
-1.3624605041844310e+01
-1.3624605041844310e+01
-1.3624605041844310e+01
-1.3624605041844310e+01
-1.0094906009008266e+01
-4.8861124476824820e+00
-4.8861124476824820e+00
-4.8861124476824820e+00
-4.8861124476824820e+00
-4.8861124476824820e+00
-4.8861124476824802e+00
-4.8861124476824802e+00
-4.8861124476824802e+00
-4.8861124476824802e+00
-4.8861124476824802e+00
-4.8861124476824802e+00
-4.8861124476824802e+00
-4.8861124476824802e+00
-4.8861124476824802e+00
-4.8861124476824802e+00
-4.8861124476824811e+00
-4.8861124476824811e+00
-4.8861124476824784e+00
-4.8861124476824802e+00
-4.8861124476824802e+00
-4.8861124476824802e+00
-4.8861124476824802e+00
-4.8861124476824802e+00
-4.8861124476824802e+00
-4.8861124476824802e+00
-4.8861124476824802e+00
-4.8861124476824802e+00
-4.8861124476824802e+00
-4.8861124476824802e+00
-4.8861124476824802e+00
-4.8861124476824802e+00
-4.8861124476824802e+00
-4.8861124476824802e+00
-4.8861124476824802e+00
-4.8861124476824802e+00
-4.8861124476824802e+00
-4.8861124476824802e+00
-4.8861124476824802e+00
-4.8861124476824802e+00
-4.8861124476824802e+00
-4.8848658791672719e+00
-4.8848658791672719e+00
-4.8848658791672719e+00
-4.8848658791672719e+00
-4.8848658791672719e+00
-4.8848658791672719e+00
-4.8848658791672719e+00
-4.8848658791672701e+00
-4.8848658791672701e+00
-4.8848658791672701e+00
-4.8848658791672701e+00
-4.8848658791672701e+00
-4.8848658791672701e+00
-4.8848658791672692e+00
-4.8848658791672692e+00
-4.8848658791672701e+00
-4.8848658791672710e+00
-4.8848658791672710e+00
-4.8848658791672710e+00
-4.8848658791672710e+00
-4.8848658791672719e+00
-4.8848658791672719e+00
-4.8848658791672719e+00
-4.8848658791672719e+00
-4.8848658791672719e+00
-4.8848658791672719e+00
-4.8848658791672719e+00
-4.8848658791672719e+00
-4.8848658791672719e+00
-4.8848658791672719e+00
-4.8848658791672719e+00
-4.8848658791672719e+00
-4.8848658791672719e+00
-4.8848658791672719e+00
-4.8848658791672719e+00
-4.8848658791672719e+00
-4.8848658791672719e+00
-4.8848658791672719e+00
-4.8848658791672719e+00
-4.8848658791672719e+00
-4.8839698403613703e+00
-4.8839698403613667e+00
-4.8839698403613667e+00
-4.8839698403613667e+00
-4.8839698403613658e+00
-4.8839698403613676e+00
-4.8839698403613676e+00
-4.8839698403613694e+00
-4.8839698403613694e+00
-4.8839698403613694e+00
-4.8839698403613694e+00
-4.8839698403613694e+00
-4.8839698403613694e+00
-4.8839698403613676e+00
-4.8839698403613676e+00
-4.8839698403613685e+00
-4.8839698403613694e+00
-4.8839698403613694e+00
-4.8839698403613712e+00
-4.8839698403613712e+00
-4.8839698403613712e+00
-4.8839698403613712e+00
-4.8839698403613712e+00
-4.8839698403613712e+00
-4.8839698403613712e+00
-4.8839698403613712e+00
-4.8839698403613712e+00
-4.8839698403613712e+00
-4.8839698403613712e+00
-4.8839698403613712e+00
-4.8839698403613712e+00
-4.8839698403613712e+00
-4.8839698403613712e+00
-4.8839698403613712e+00
-4.8839698403613712e+00
-4.8839698403613712e+00
-4.8839698403613712e+00
-4.8839698403613712e+00
-4.8839698403613712e+00
-4.8839698403613712e+00
-4.8833257593059427e+00
-4.8833257593059427e+00
-4.8833257593059445e+00
-4.8833257593059436e+00
-4.8833257593059436e+00
-4.8833257593059436e+00
-4.8833257593059436e+00
-4.8833257593059436e+00
-4.8833257593059436e+00
-4.8833257593059436e+00
-4.8833257593059436e+00
