0.0000000000000000e+00
0.0000000000000000e+00
0.0000000000000000e+00
0.0000000000000000e+00
0.0000000000000000e+00
0.0000000000000000e+00
0.0000000000000000e+00
0.0000000000000000e+00
1.7473823723798547e+00
6.1567121713734823e+00
1.0849257550633968e+01
1.0849257550633968e+01
1.0849257550633968e+01
1.0849257550633968e+01
1.0849257550633968e+01
1.0849257550633972e+01
1.0849257550633972e+01
1.0849257550633972e+01
1.0849257550633972e+01
1.0849257550633974e+01
1.0849257550633967e+01
1.0849257550633967e+01
1.0849257550633967e+01
1.0849257550633959e+01
1.0849257550633959e+01
1.0849257550633963e+01
1.0849257550633963e+01
1.0849257550633967e+01
1.0849257550633958e+01
8.5194818586023455e+00
4.7909030084283879e+00
4.7909030084283879e+00
4.7909030084283879e+00
4.7909030084283879e+00
4.7909030084283879e+00
4.7909030084283879e+00
4.7909030084283879e+00
4.7909030084283879e+00
4.7909030084283879e+00
4.7909030084283879e+00
4.7909030084283879e+00
4.7909030084283879e+00
4.7909030084283879e+00
4.7909030084283879e+00
4.7909030084283879e+00
4.7909030084283879e+00
4.7909030084283879e+00
4.7909030084283879e+00
4.7909030084283879e+00
4.7909030084283879e+00
4.7909030084283879e+00
4.7909030084283879e+00
4.7909030084283879e+00
4.7909030084283861e+00
4.7909030084283843e+00
4.7909030084283861e+00
4.7909030084283852e+00
4.7909030084283861e+00
4.7909030084283879e+00
4.7909030084283897e+00
4.7909030084283879e+00
4.7909030084283843e+00
4.7909030084283852e+00
4.7909030084283852e+00
4.7909030084283861e+00
4.7909030084283861e+00
4.7909030084283861e+00
4.7909030084283870e+00
4.7909030084283870e+00
4.7909030084283843e+00
4.7900107186099117e+00
4.7900107186099117e+00
4.7900107186099117e+00
4.7900107186099117e+00
4.7900107186099117e+00
4.7900107186099117e+00
4.7900107186099117e+00
4.7900107186099117e+00
4.7900107186099117e+00
4.7900107186099117e+00
4.7900107186099117e+00
4.7900107186099117e+00
4.7900107186099117e+00
4.7900107186099117e+00
4.7900107186099117e+00
4.7900107186099117e+00
4.7900107186099117e+00
4.7900107186099117e+00
4.7900107186099117e+00
4.7900107186099117e+00
4.7900107186099117e+00
4.7900107186099117e+00
4.7900107186099117e+00
4.7900107186099081e+00
4.7900107186099055e+00
4.7900107186099037e+00
4.7900107186099046e+00
4.7900107186099028e+00
4.7900107186099046e+00
4.7900107186099028e+00
4.7900107186099010e+00
4.7900107186099028e+00
4.7900107186099028e+00
4.7900107186098992e+00
4.7900107186098992e+00
4.7900107186098984e+00
4.7900107186098966e+00
4.7900107186098957e+00
4.7900107186098930e+00
4.7900107186098912e+00
4.7893693254239142e+00
4.7893693254239142e+00
4.7893693254239142e+00
4.7893693254239142e+00
4.7893693254239142e+00
4.7893693254239142e+00
4.7893693254239142e+00
4.7893693254239142e+00
4.7893693254239142e+00
4.7893693254239142e+00
4.7893693254239142e+00
4.7893693254239142e+00
4.7893693254239142e+00
4.7893693254239142e+00
4.7893693254239142e+00
4.7893693254239142e+00
4.7893693254239142e+00
4.7893693254239142e+00
4.7893693254239142e+00
4.7893693254239142e+00
4.7893693254239142e+00
4.7893693254239142e+00
4.7893693254239142e+00
4.7893693254239134e+00
4.7893693254239142e+00
4.7893693254239125e+00
4.7893693254239142e+00
4.7893693254239151e+00
4.7893693254239151e+00
4.7893693254239142e+00
4.7893693254239142e+00
4.7893693254239160e+00
4.7893693254239116e+00
4.7893693254239107e+00
4.7893693254239134e+00
4.7893693254239134e+00
4.7893693254239151e+00
4.7893693254239151e+00
4.7893693254239151e+00
4.7893693254239169e+00
4.7889082801109906e+00
4.7889082801109906e+00
4.7889082801109906e+00
4.7889082801109906e+00
4.7889082801109906e+00
4.7889082801109906e+00
4.7889082801109906e+00
4.7889082801109906e+00
4.7889082801109906e+00
4.7889082801109906e+00
4.7889082801109906e+00
