0.0000000000000000e+00
0.0000000000000000e+00
0.0000000000000000e+00
0.0000000000000000e+00
0.0000000000000000e+00
0.0000000000000000e+00
0.0000000000000000e+00
0.0000000000000000e+00
6.0580051086450803e-01
1.7748407902889725e+00
2.7753474912103249e+00
2.7753474912103249e+00
2.7753474912103249e+00
2.7753474912103249e+00
2.7753474912103249e+00
2.7753474912103249e+00
2.7753474912103249e+00
2.7753474912103249e+00
2.7753474912103249e+00
2.7753474912103249e+00
2.7753474912103249e+00
2.7753474912103249e+00
2.7753474912103249e+00
2.7753474912103249e+00
2.7753474912103249e+00
2.7753474912103249e+00
2.7753474912103249e+00
2.7753474912103249e+00
2.7753474912103249e+00
1.5754241504059063e+00
9.5209439254075545e-02
9.5209439254075545e-02
9.5209439254075545e-02
9.5209439254075545e-02
9.5209439254075545e-02
9.5209439254075545e-02
9.5209439254075545e-02
9.5209439254075545e-02
9.5209439254075545e-02
9.5209439254075545e-02
9.5209439254075545e-02
9.5209439254075545e-02
9.5209439254075545e-02
9.5209439254075545e-02
9.5209439254075545e-02
9.5209439254075545e-02
9.5209439254075545e-02
9.5209439254075545e-02
9.5209439254075545e-02
9.5209439254075545e-02
9.5209439254075545e-02
9.5209439254075545e-02
9.5209439254075545e-02
9.5209439254075545e-02
9.5209439254075545e-02
9.5209439254075545e-02
9.5209439254075545e-02
9.5209439254075545e-02
9.5209439254075545e-02
9.5209439254075545e-02
9.5209439254075545e-02
9.5209439254075545e-02
9.5209439254075545e-02
9.5209439254075545e-02
9.5209439254075545e-02
9.5209439254075545e-02
9.5209439254075545e-02
9.5209439254075545e-02
9.5209439254075545e-02
9.5209439254075545e-02
9.4855160557344553e-02
9.4855160557344553e-02
9.4855160557344553e-02
9.4855160557344553e-02
9.4855160557344553e-02
9.4855160557344553e-02
9.4855160557344553e-02
9.4855160557344553e-02
9.4855160557344553e-02
9.4855160557344553e-02
9.4855160557344553e-02
9.4855160557344553e-02
9.4855160557344553e-02
9.4855160557344553e-02
9.4855160557344553e-02
9.4855160557344553e-02
9.4855160557344553e-02
9.4855160557344553e-02
9.4855160557344553e-02
9.4855160557344553e-02
9.4855160557344553e-02
9.4855160557344553e-02
9.4855160557344553e-02
9.4855160557344553e-02
9.4855160557344553e-02
9.4855160557344553e-02
9.4855160557344553e-02
9.4855160557344553e-02
9.4855160557344553e-02
9.4855160557344553e-02
9.4855160557344553e-02
9.4855160557344553e-02
9.4855160557344553e-02
9.4855160557344553e-02
9.4855160557344553e-02
9.4855160557344553e-02
9.4855160557344553e-02
9.4855160557344553e-02
9.4855160557344553e-02
9.4855160557344553e-02
9.4600514937422692e-02
9.4600514937422692e-02
9.4600514937422692e-02
9.4600514937422692e-02
9.4600514937422692e-02
9.4600514937422692e-02
9.4600514937422692e-02
9.4600514937422692e-02
9.4600514937422692e-02
9.4600514937422692e-02
9.4600514937422692e-02
9.4600514937422692e-02
9.4600514937422692e-02
9.4600514937422692e-02
9.4600514937422692e-02
9.4600514937422692e-02
9.4600514937422692e-02
9.4600514937422692e-02
9.4600514937422692e-02
9.4600514937422692e-02
9.4600514937422692e-02
9.4600514937422692e-02
9.4600514937422692e-02
9.4600514937422692e-02
9.4600514937422692e-02
9.4600514937422692e-02
9.4600514937422692e-02
9.4600514937422692e-02
9.4600514937422692e-02
9.4600514937422692e-02
9.4600514937422692e-02
9.4600514937422692e-02
9.4600514937422692e-02
9.4600514937422692e-02
9.4600514937422692e-02
9.4600514937422692e-02
9.4600514937422692e-02
9.4600514937422692e-02
9.4600514937422692e-02
9.4600514937422692e-02
9.4417479194916970e-02
9.4417479194916970e-02
9.4417479194916970e-02
9.4417479194916970e-02
9.4417479194916970e-02
9.4417479194916970e-02
9.4417479194916970e-02
9.4417479194916970e-02
9.4417479194916970e-02
9.4417479194916970e-02
9.4417479194916970e-02
