0.0000000000000000e+00
-3.7500000000916873e-04
-7.5000000001068819e-04
-1.1251406777683592e-03
-1.5000000000952958e-03
-1.8749998946308638e-03
-2.2501404668432709e-03
-2.6254218223196357e-03
-3.3302589921404991e-03
-4.4981760519358597e-03
-5.6896132566540431e-03
-5.3146152251935209e-03
-4.9397577645444307e-03
-4.5650407693583863e-03
-4.1896152257981031e-03
-3.8143305736830979e-03
-3.4396152254887592e-03
-3.0646152254712815e-03
-2.6897557977399486e-03
-2.3146152254512431e-03
-1.9396153308393657e-03
-1.5646152253665465e-03
-1.1896152253664562e-03
-8.1475579765314808e-04
-4.3961522545125491e-04
-6.4615330925536178e-05
3.1024399139155352e-04
6.8538477454905481e-04
1.0603848798714031e-03
1.9198333382610116e-03
3.0206533623137392e-03
2.6456534869199696e-03
2.2705129338630547e-03
1.8952315975562638e-03
1.5206534864375756e-03
1.1459350139789866e-03
7.7065348672354791e-04
3.9565348672354075e-04
2.0653486808306086e-05
-3.5434651319224820e-04
-7.2934651319128945e-04
-1.1043465131916664e-03
-1.4793465131915477e-03
-1.8544871909474700e-03
-2.2293465132772507e-03
-2.6043464078146289e-03
-2.9794869800278592e-03
-3.3547683355060233e-03
-3.7293465135635920e-03
-4.1040650530108740e-03
-4.4789240590793703e-03
-4.1043465130417697e-03
-3.7293465133512015e-03
-3.3544870859470379e-03
-2.9793465132759160e-03
-2.6043466182824617e-03
-2.2294872954963839e-03
-1.8543465132757426e-03
-1.4793464088900749e-03
-1.1043465131911525e-03
-7.2934651319134117e-04
-3.5434651319165368e-04
2.0653486808536096e-05
3.9551291452155711e-04
7.7065348672347494e-04
1.1456533812496104e-03
1.5205127035679445e-03
1.8952315590282833e-03
2.2706534864382361e-03
2.6459345251166550e-03
3.0210747807671765e-03
2.6458271866837127e-03
2.2708271866302273e-03
1.8956865088209187e-03
1.5208271865507321e-03
1.1458272920720882e-03
7.7068671991736685e-04
3.9582718655064490e-04
2.0827080817398196e-05
-3.5417281336562381e-04
-7.2917281336517430e-04
-1.1041728133652233e-03
-1.4791728133654414e-03
-1.8543134911207450e-03
-2.2291728134500124e-03
-2.6041727079877080e-03
-2.9793132802012796e-03
-3.3545946356799451e-03
-3.7291728137363376e-03
-4.1038913531828043e-03
-4.4787503592492867e-03
-4.1041728132149777e-03
-3.7291728135245531e-03
-3.3543133861206778e-03
-2.9791728134499641e-03
-2.6041729184563211e-03
-2.2293135956710582e-03
-1.8541728134509527e-03
-1.4791727090648114e-03
-1.1041728133659506e-03
-7.2917281336657889e-04
-3.5417281336657351e-04
2.0827186633450985e-05
3.9568661434570047e-04
7.7082718654721992e-04
1.1458270810723770e-03
1.5206864033896594e-03
1.8954052588497257e-03
2.2708271862614511e-03
2.6461082249405565e-03
3.0212484805924524e-03
2.6459520432886114e-03
2.2709520431984645e-03
1.8958113653524994e-03
1.5209520431566296e-03
1.1459521487535600e-03
7.7081157667226088e-04
3.9595204315659346e-04
2.0951937275361222e-05
-3.5404795675799327e-04
-7.2904795675760535e-04
-1.1040479567578315e-03
-1.4790479567576155e-03
-1.8541886345137004e-03
-2.2290479568434674e-03
-2.6040478513800688e-03
-2.9791884235945039e-03
-3.3544697790730536e-03
-3.7290479571301543e-03
-4.1037664965768127e-03
-4.4786255026441216e-03
-4.1040479566089270e-03
-3.7290479569181967e-03
-3.3541885295149182e-03
-2.9790479568435435e-03
-2.6040480618508837e-03
-2.2291887390659439e-03
-1.8540479568448177e-03
-1.4790478524575605e-03
-1.1040479567591614e-03
-7.2904795675859870e-04
-3.5404795675967368e-04
2.0952043240462540e-05
3.9581147095280229e-04
7.7095204315529649e-04
1.1459519376809839e-03
1.5208112599990281e-03
1.8955301154588596e-03
2.2709520428688323e-03
2.6462330815461036e-03
3.0213733371968333e-03
2.6460417916057246e-03
2.2710417914864234e-03
1.8959011136113239e-03
1.5210417914736027e-03
1.1460418971283978e-03
7.7090132510660922e-04
3.9604179147400415e-04
2.1041685475920441e-05
-3.5395820844096900e-04
-7.2895820844071145e-04
