0.0000000000000000e+00
1.2500000000419521e-04
2.5000000000894473e-04
3.7498437696718899e-04
5.0000000008040184e-04
6.2499999624110252e-04
7.4998436935500695e-04
8.7495312332811067e-04
1.2848207486207525e-03
2.1150608190091502e-03
2.9814378495712232e-03
2.8564641637757360e-03
2.7314748576060329e-03
2.6064699271558345e-03
2.4814641637941177e-03
2.3564427720378406e-03
2.2314641635626021e-03
2.1064641635808136e-03
1.9814485366457515e-03
1.8564641635966223e-03
1.7314641675007284e-03
1.6064641635264863e-03
1.4814641635259411e-03
1.3564485365727653e-03
1.2314641635981190e-03
1.1064641675765695e-03
9.8144854460278583e-04
8.5646416359820424e-04
7.3146415954434022e-04
2.1202541232890397e-04
-5.2779375339319812e-04
-4.0279419451083533e-04
-2.7781025856514268e-04
-1.5284194165231542e-04
-2.7794194440026439e-05
9.7237917788054978e-05
2.2220580531876619e-04
3.4720580531880563e-04
4.7220580524727225e-04
5.9720580524729003e-04
7.2220580524750850e-04
8.4720580524675541e-04
9.7220580524790315e-04
1.0971901822004761e-03
1.2222058053180974e-03
1.3472058014839510e-03
1.4721901746040235e-03
1.5971589285827699e-03
1.7222058055590041e-03
1.8472370477681925e-03
1.9722526591212128e-03
1.8472058059574863e-03
1.7222058053806733e-03
1.5971901778506154e-03
1.4722058053176720e-03
1.3472058097394998e-03
1.2221901872086316e-03
1.0972058053184989e-03
9.7220580037942492e-04
8.4720580524664450e-04
7.2220580524673210e-04
5.9720580524707915e-04
4.7220580524742376e-04
3.4719017829464369e-04
2.2220580531892852e-04
9.7205809297751253e-05
-2.7809813676436143e-05
-1.5284106751086809e-04
-2.7779419443925212e-04
-4.0276293660293532e-04
-5.2774729790558829e-04
-4.0294132350153559e-04
-2.7794132359437230e-04
-1.5295694673443617e-04
-2.7941323604359715e-05
9.7058672572737526e-05
2.2204304570374862e-04
3.4705867639533191e-04
4.7205868013186573e-04
5.9705867632331444e-04
7.2205867632325828e-04
8.4705867632375647e-04
9.7205867632305847e-04
1.0970430532764412e-03
1.2220586763945270e-03
1.3470586725608431e-03
1.4720430456815461e-03
1.5970117996593272e-03
1.7220586766350167e-03
1.8470899188444087e-03
1.9721055301973453e-03
1.8470586770332324e-03
1.7220586764561704e-03
1.5970430489262992e-03
1.4720586763939244e-03
1.3470586808150117e-03
1.2220430582843688e-03
1.0970586763931554e-03
9.7205867145372978e-04
8.4705867632136722e-04
7.2205867632160303e-04
5.9705867632125576e-04
4.7205867632115042e-04
3.4704304936722331e-04
2.2205867639243641e-04
9.7058680371680224e-05
-2.7956942601341200e-05
-1.5298819643454030e-04
-2.7794132336614617e-04
-4.0291006553298277e-04
-5.2789442683845163e-04
-4.0304708169174052e-04
-2.7804708176535731e-04
-1.5306270488646810e-04
-2.8047081794532205e-05
9.6952914345055781e-05
2.2193728743799448e-04
3.4695291820443868e-04
4.7195292201754005e-04
5.9695291813367693e-04
7.2195291813387848e-04
8.4695291813336327e-04
9.7195291813368767e-04
1.0969372950856726e-03
1.2219529182043946e-03
1.3469529143707647e-03
1.4719372874908805e-03
1.5969060414695586e-03
1.7219529184439128e-03
1.8469841606531955e-03
1.9719997720053593e-03
1.8469529188435811e-03
1.7219529182663062e-03
1.5969372907359469e-03
1.4719529182040515e-03
1.3469529226251189e-03
1.2219373000937120e-03
1.0969529182028623e-03
9.7195291326378176e-04
8.4695291813207123e-04
7.2195291813166920e-04
5.9695291813150755e-04
4.7195291813226052e-04
3.4693729117835309e-04
2.2195291820363395e-04
9.6952922181859280e-05
-2.8062700791299648e-05
-1.5309395462543982e-04
-2.7804708155577436e-04
-4.0301582372103897e-04
-5.2800018502516754e-04
-4.0312310233103679e-04
-2.7812310239298663e-04
-1.5313872550266772e-04
-2.8123102433830784e-05
9.6876893682747731e-05
2.2186126675289132e-04
3.4687689756699488e-04
4.7187690142687952e-04
5.9687689749581625e-04
7.2187689749577441e-04
