0.0000000000000000e+00
-1.7197777709447258e-16
8.2331793114953449e-29
-2.0318491543947779e-17
3.9402238201939449e-16
-1.7197777709458421e-16
2.0318491543740900e-17
-1.3134079400688184e-16
-1.9229626863835559e-16
-2.1261476018232121e-16
-1.5165928555044036e-16
-6.0119281880112864e-16
-1.0561706754524240e-15
-1.0764891669963601e-15
-1.0155336923644898e-15
-1.0358521839084158e-15
-5.9574849540041400e-16
-6.1606698694429159e-16
2.5762814944998122e-17
6.6759261683369434e-16
7.4342225960885480e-16
1.1577631331723520e-15
5.9176297405850016e-16
5.7688880591516938e-16
1.1984001162602466e-15
1.0467408307098405e-15
6.1208146560249401e-16
6.4727412528976371e-16
4.6440770139410350e-16
1.2988199194810688e-16
3.9178181029240022e-17
7.4370840716494637e-17
5.4052349172096563e-17
1.1500782380293150e-16
1.2589647060493974e-16
1.0557797906181099e-16
-6.0955474630934640e-17
6.1606698694485503e-16
5.0066827827785897e-17
2.9748336287115481e-17
5.9574849540092933e-16
2.9748336287136694e-17
5.6454135705548709e-16
4.1288207150502176e-16
1.0956350040413762e-16
3.1673393718581874e-16
5.0358588242350171e-16
4.8326739087947720e-16
4.6839322273629364e-16
-3.6651461746002214e-17
5.0066827829578417e-17
1.8140762183732953e-16
4.0889655016318167e-16
4.1434087356376028e-16
2.6268158801354739e-16
-7.5829642774595425e-17
-9.6148134318331571e-17
6.3239995714709034e-16
7.8950356609810617e-16
2.0318491544054241e-16
1.6254793235337304e-16
1.4222944081014215e-16
7.4342225959817797e-16
8.4900023867422818e-16
6.9734095312725282e-16
8.4900023868818333e-16
9.8034103259915714e-16
1.0264223391481758e-15
9.1540003669689625e-16
1.0467408307067363e-15
5.3625182282571816e-16
6.6759261682955430e-16
4.9561483973352712e-16
3.4395555417594114e-16
4.9561483968207988e-16
3.0331857111327382e-16
2.1660028152775241e-16
2.1660028152691627e-16
2.1660028150859285e-16
-3.6971836912952169e-16
-3.6971836913101648e-16
-2.1805908358074462e-16
-1.4222944080622319e-16
-3.1420721790090393e-16
-2.3837757512575166e-16
-2.3837757512602288e-16
4.2377071830681331e-16
1.2045214720593200e-16
1.0557797906299467e-16
6.5125964663350169e-16
1.2172598057474737e-15
4.9960036108235286e-16
5.8087432725819778e-16
5.8087432725839382e-16
9.7489670927827917e-16
9.3970404959120156e-16
1.4001262296438457e-15
1.3500594018120579e-15
8.5988888547262398e-16
3.6971836913471506e-16
2.0717043678346252e-16
4.7529634819825956e-16
4.7529634816887804e-16
1.3678511740879135e-16
1.3678511741040046e-16
2.7357023481867631e-16
8.3957039392085187e-16
8.7476305361555955e-16
1.2891039271749838e-15
1.2891039271708362e-15
1.2891039271662965e-15
1.1428889650267849e-15
1.1984001162554046e-15
1.6940149559888259e-15
1.7549704305984405e-15
1.8104815818654429e-15
1.7346519390872776e-15
1.7752889221757919e-15
1.8808669012144351e-15
2.0731631698771536e-15
2.1544371360524309e-15
2.0027778505017378e-15
2.0786074932768372e-15
1.9269482077262570e-15
1.9269482077262021e-15
2.3819260643773031e-15
2.4428815390092369e-15
2.3670518962338105e-15
2.3968002325204037e-15
2.4523113837516276e-15
3.0237558662660030e-15
2.7407557867092604e-15
2.1747556275954938e-15
2.1286743211071043e-15
1.9770150355566049e-15
1.2390370993484057e-15
6.7303694023477560e-16
7.4886658300948434e-16
8.2469622578380022e-16
9.9667400287900502e-16
8.8565170041639510e-16
1.5311808760773050e-16
3.0477737319698531e-16
1.7343657915582633e-16
-3.9256357995928616e-16
-4.1288207150362720e-16
-4.1288207150441404e-16
-4.8326739087915505e-16
1.5856241100933699e-16
1.9375507069554484e-16
7.5975522980752870e-16
7.3943673826579968e-16
8.4501471732794326e-16
8.8565170041616356e-16
9.6692566657900500e-16
9.4660717505565821e-16
1.0021183262853182e-15
1.0075626496835534e-15
1.1389034437518010e-15
1.1185849521415681e-15
1.7604147540315412e-15
