0.0000000000000000e+00
0.0000000000000000e+00
0.0000000000000000e+00
0.0000000000000000e+00
0.0000000000000000e+00
0.0000000000000000e+00
0.0000000000000000e+00
0.0000000000000000e+00
3.6656123150699804e-04
1.2491176646856393e-03
2.1609715821198157e-03
2.1609715821198157e-03
2.1609715821198157e-03
2.1609715821198157e-03
2.1609715821198157e-03
2.1609715821198157e-03
2.1609715821198157e-03
2.1609715821198157e-03
2.1609715821198157e-03
2.1609715821198157e-03
2.1609715821198157e-03
2.1609715821198157e-03
2.1609715821198157e-03
2.1609715821198157e-03
2.1609715821198157e-03
2.1609715821198157e-03
2.1609715821198157e-03
2.1609715821198157e-03
2.1609715821198157e-03
2.6993921342172295e-03
3.5046082499052820e-03
3.5046082499052820e-03
3.5046082499052820e-03
3.5046082499052820e-03
3.5046082499052820e-03
3.5046082499052820e-03
3.5046082499052820e-03
3.5046082499052820e-03
3.5046082499052820e-03
3.5046082499052820e-03
3.5046082499052820e-03
3.5046082499052820e-03
3.5046082499052820e-03
3.5046082499052820e-03
3.5046082499052820e-03
3.5046082499052820e-03
3.5046082499052820e-03
3.5046082499052820e-03
3.5046082499052820e-03
3.5046082499052820e-03
3.5046082499052820e-03
3.5046082499052820e-03
3.5046082499052820e-03
3.5046082499052820e-03
3.5046082499052820e-03
3.5046082499052820e-03
3.5046082499052820e-03
3.5046082499052820e-03
3.5046082499052820e-03
3.5046082499052820e-03
3.5046082499052820e-03
3.5046082499052820e-03
3.5046082499052820e-03
3.5046082499052820e-03
3.5046082499052820e-03
3.5046082499052820e-03
3.5046082499052820e-03
3.5046082499052820e-03
3.5046082499052820e-03
3.5046082499052820e-03
3.5048009528208628e-03
3.5048009528208628e-03
3.5048009528208628e-03
3.5048009528208628e-03
3.5048009528208628e-03
3.5048009528208628e-03
3.5048009528208628e-03
3.5048009528208628e-03
3.5048009528208628e-03
3.5048009528208628e-03
3.5048009528208628e-03
3.5048009528208628e-03
3.5048009528208628e-03
3.5048009528208628e-03
3.5048009528208628e-03
3.5048009528208628e-03
3.5048009528208628e-03
3.5048009528208628e-03
3.5048009528208628e-03
3.5048009528208628e-03
3.5048009528208628e-03
3.5048009528208628e-03
3.5048009528208628e-03
3.5048009528208628e-03
3.5048009528208628e-03
3.5048009528208628e-03
3.5048009528208628e-03
3.5048009528208628e-03
3.5048009528208628e-03
3.5048009528208628e-03
3.5048009528208628e-03
3.5048009528208628e-03
3.5048009528208628e-03
3.5048009528208628e-03
3.5048009528208628e-03
3.5048009528208628e-03
3.5048009528208628e-03
3.5048009528208628e-03
3.5048009528208628e-03
3.5048009528208628e-03
3.5049394689834106e-03
3.5049394689834106e-03
3.5049394689834106e-03
3.5049394689834106e-03
3.5049394689834106e-03
3.5049394689834106e-03
3.5049394689834106e-03
3.5049394689834106e-03
3.5049394689834106e-03
3.5049394689834106e-03
3.5049394689834106e-03
3.5049394689834106e-03
3.5049394689834106e-03
3.5049394689834106e-03
3.5049394689834106e-03
3.5049394689834106e-03
3.5049394689834106e-03
3.5049394689834106e-03
3.5049394689834106e-03
3.5049394689834106e-03
3.5049394689834106e-03
3.5049394689834106e-03
3.5049394689834106e-03
3.5049394689834106e-03
3.5049394689834106e-03
3.5049394689834106e-03
3.5049394689834106e-03
3.5049394689834106e-03
3.5049394689834106e-03
3.5049394689834106e-03
3.5049394689834106e-03
3.5049394689834106e-03
3.5049394689834106e-03
3.5049394689834106e-03
3.5049394689834106e-03
3.5049394689834106e-03
3.5049394689834106e-03
3.5049394689834106e-03
3.5049394689834106e-03
3.5049394689834106e-03
3.5050390359409990e-03
3.5050390359409990e-03
3.5050390359409990e-03
3.5050390359409990e-03
3.5050390359409990e-03
3.5050390359409990e-03
3.5050390359409990e-03
3.5050390359409990e-03
3.5050390359409990e-03
3.5050390359409990e-03
3.5050390359409990e-03
