0.0000000000000000e+00
3.9661064031138878e+01
7.9322128061666845e+01
1.1899425611921455e+02
1.5864425613348106e+02
1.9830531092013356e+02
2.3797742969394614e+02
2.7766062186855817e+02
3.1466244926027952e+02
3.4996008447434332e+02
3.8642075999609847e+02
3.4704893025813720e+02
3.0776130495736987e+02
2.6858993229985526e+02
2.2952192364462124e+02
1.9072405312465230e+02
1.5243101945111403e+02
1.1502898256154400e+02
7.9845115189696628e+01
5.1600088233057839e+01
4.5793229138958154e+01
6.8392041811745514e+01
1.0199962020704213e+02
1.3882764024857900e+02
1.7690343353654237e+02
2.1554412971949813e+02
2.5448738050716551e+02
2.9364294340553124e+02
3.3290935046122036e+02
3.6501236160934792e+02
3.9704917631383319e+02
3.5738846810612199e+02
3.1771675671185790e+02
2.7803405909312158e+02
2.3840686658687841e+02
1.9876890592154234e+02
1.5908712079736330e+02
1.1942843454632261e+02
7.9772112637332413e+01
4.0125165772717764e+01
1.5709557475901192e+00
3.9254386705539339e+01
7.8900860890784998e+01
1.1856810787145048e+02
1.5821575079723084e+02
1.9787536259755592e+02
2.3754649483401610e+02
2.7722896107587979e+02
3.1685640237106867e+02
3.5649496322356214e+02
3.9614462763027922e+02
3.5651706647353359e+02
3.1685640234202282e+02
2.7720688565139426e+02
2.3753547471787010e+02
1.9787538104975252e+02
1.5822678569670120e+02
1.1855709521454988e+02
7.8900851721849904e+01
3.9254386705494369e+01
1.5709557476035769e+00
4.0125165772774281e+01
7.9772112637332754e+01
1.1941733071516811e+02
1.5908712079734104e+02
1.9874674675382045e+02
2.3839576855877380e+02
2.7803400275937361e+02
3.1772780186881295e+02
3.5741060154735220e+02
3.9705694950592112e+02
3.5738682316737766e+02
3.1772615402529487e+02
2.7805451232079912e+02
2.3840520989124175e+02
1.9874510148081927e+02
1.5907436405591307e+02
1.1942674255178829e+02
7.9770376275679567e+01
4.0123334768515690e+01
1.5651101491998221e+00
3.9255791249353230e+01
7.8902374637543858e+01
1.1856965784682239e+02
1.5821731852353577e+02
1.9787694106866297e+02
2.3754808055433966e+02
2.7723055205064304e+02
3.1685799692703660e+02
3.5649656062735232e+02
3.9614622736831939e+02
3.5651866400394960e+02
3.1685799689801013e+02
2.7720847646282783e+02
2.3753706034273296e+02
1.9787695952097965e+02
1.5822835356809193e+02
1.1855864499490212e+02
7.8902365468461568e+01
3.9255791249245561e+01
1.5651101490035031e+00
4.0123334768574622e+01
7.9770385583414196e+01
1.1941563889976895e+02
1.5908544640776068e+02
1.9874508295109842e+02
2.3839411191531141e+02
2.7803235131370855e+02
3.1772615397992098e+02
3.5740895648722307e+02
3.9706245930916253e+02
3.5738564088637634e+02
3.1772496962536422e+02
2.7805332525577614e+02
2.3840401915768564e+02
1.9874390569193872e+02
1.5907316078785794e+02
1.1942552655503192e+02
7.9769135141634834e+01
4.0122019168119905e+01
1.5609084960702799e+00
3.9256801302917744e+01
7.8903462926176459e+01
1.1857077209147928e+02
1.5821844548547904e+02
1.9787807572862317e+02
2.3754922040823146e+02
2.7723169566951117e+02
3.1685914311119478e+02
3.5649770885155840e+02
3.9614737726497907e+02
3.5651981231922139e+02
3.1685914308220401e+02
2.7720961996437359e+02
2.3753820012802365e+02
1.9787809418111792e+02
1.5822948063413301e+02
1.1855975909935819e+02
7.8903453756919021e+01
3.9256801302856076e+01
1.5609084960417829e+00
4.0122019168220575e+01
7.9769144466600821e+01
1.1941442303184816e+02
1.5908424302505250e+02
1.9874388715392126e+02
2.3839292124806150e+02
2.7803116437102045e+02
3.1772496958457805e+02
3.5740777411791942e+02
3.9706641981903221e+02
3.5738479110769271e+02
3.1772411832702943e+02
2.7805247204625852e+02
2.3840316331738401e+02
1.9874304622637450e+02
1.5907229595914535e+02
1.1942465259738452e+02
7.9768243156353861e+01
4.0121073778208221e+01
1.5578884062547764e+00
