0.0000000000000000e+00
1.4278383044435093e-10
7.0667833522432612e-10
-8.2520621361052322e-03
6.4628251978661356e-09
4.1400792035381662e-06
-8.2437862300721483e-03
-2.4747902752844449e-02
-5.0415166367145925e-04
-3.1883808707801271e-04
-3.3868177391593738e-03
4.1484073123911460e-08
-4.8601043800365149e-03
-1.7963135635777262e-02
1.7267073044407626e-08
9.7009984751247700e-03
2.8832125741832735e-10
3.4401917167193588e-09
-8.2479317918944008e-03
6.4629585045043009e-09
-4.1152930541387751e-06
9.1422605394687672e-10
8.0860199876129176e-10
-8.2479376414161931e-03
6.5917273407724979e-09
-4.1091075364538322e-06
-8.2561597128306789e-03
6.5744329390874757e-09
4.1056505343652803e-06
2.8607771306336442e-03
5.2782430967115107e-05
3.7591094734034973e-08
-8.3047521011943744e-03
-2.4865717094101084e-02
2.5714495074371465e-08
1.6626051617268389e-02
6.4340370751714081e-09
6.4693111896048145e-09
7.4772796197132295e-10
7.0410154521574053e-10
8.1333911610770878e-10
6.8079626028552636e-10
8.5212141361457623e-10
-8.2520626744768642e-03
6.3244965045736482e-09
4.1405808486369169e-06
-8.2437849562487665e-03
-2.4747900807309355e-02
2.5528589096662584e-08
1.6508261456190679e-02
2.4772693029885381e-02
1.0105637488879372e-07
1.1332419401690433e-08
-8.2480168286774899e-03
6.3246688676529556e-09
-4.0303134104769443e-06
-8.2560018103349040e-03
6.4577026392085283e-09
3.9475097776251299e-06
7.1620029311209533e-10
7.2602660776948165e-10
7.2602672043494593e-10
8.2424248286148287e-10
-8.2479375437405928e-03
6.5582446640979404e-09
-4.1091034012373193e-06
-8.2561596916264253e-03
-2.4752025588033355e-02
2.5905809089311451e-08
1.6491762162196701e-02
3.6505544429996546e-02
2.6100236086640662e-08
1.1495190105035365e-08
-8.2520665910048446e-03
6.6953189852098209e-09
4.1450012403922800e-06
-8.2437765218207493e-03
6.6226085086840962e-09
-4.1524229844980899e-06
7.8237781557562168e-10
7.8711402871850817e-10
8.7670320570219568e-10
7.8294729518600119e-10
-8.2520626013046407e-03
6.4920185095821541e-09
4.1407942877297828e-06
-8.2437846439126303e-03
-2.4747900650201871e-02
2.5658698820873087e-08
1.6508261695827010e-02
2.4772693369348078e-02
1.0115703564560402e-07
1.1377348286444697e-08
-8.2480167832049370e-03
6.4477626385806961e-09
-4.0302766158354732e-06
-8.2560017293827597e-03
6.2899977047702535e-09
3.9472642274916266e-06
5.3847704959930128e-10
4.8251452304010040e-10
4.5030910122581404e-10
4.4313244147895076e-10
-8.2479381306221258e-03
6.0701314739570287e-09
-4.1095756082674634e-06
-8.2561600324666425e-03
-2.4752025775963214e-02
2.5378029376112043e-08
1.6491761233362916e-02
3.3193707655759075e-02
2.5655752235281240e-08
1.1981078116325660e-08
-8.2520652083283019e-03
6.2946889620124546e-09
4.1429526141385579e-06
-8.2437803865830772e-03
6.1006668690943312e-09
-4.1493448665240823e-06
5.3002185780913440e-10
5.9218650875904675e-10
4.9433066056251335e-10
5.7273618884569325e-10
-8.2520630386138452e-03
6.1279733661436358e-09
4.1405087495751335e-06
-8.2437850841571604e-03
-2.4747900963259697e-02
2.5133341377376485e-08
1.6508261095317809e-02
2.4772692639059839e-02
1.0081034457835094e-07
1.0998259636647251e-08
-8.2480172972981616e-03
6.0167558933940332e-09
-4.0307713466977828e-06
-8.2560024093570276e-03
5.7599709951868451e-09
3.9468498090811455e-06
1.7330709773662193e-10
1.6521533544625280e-10
3.8242060526189894e-11
1.3171088354545838e-10
-8.2479384582540369e-03
5.7417114952126203e-09
-4.1099969572327972e-06
-8.2561604578253022e-03
-2.4752026337145683e-02
2.4926390270560395e-08
1.6491760916738783e-02
3.0813115570430930e-02
2.5169431697937335e-08
1.1751381039063248e-08
-8.2520652203729259e-03
5.7936679203057402e-09
4.1419908445907019e-06
-8.2437817140877685e-03
5.9110195533117048e-09
-4.1484974243881369e-06
2.3371485234387552e-10
2.8564062238548697e-10
