0.0000000000000000e+00
-4.4000000001033264e+01
-8.8000000001020027e+01
-1.3201925687886751e+02
-1.7600000000901224e+02
-2.1999998625666746e+02
-2.6401922937168342e+02
-3.0805774311976194e+02
-3.5200005996439745e+02
-3.9600006372517419e+02
-4.4000089794484438e+02
-3.9599999996708181e+02
-3.5201834463289754e+02
-3.0805591820815067e+02
-2.6400000004610911e+02
-2.1996336720421249e+02
-1.7600000001545911e+02
-1.3200000001235816e+02
-8.8019243136943231e+01
-4.4000000008965358e+01
-1.3748413850288384e-05
4.3999999999154198e+01
8.7999999999104915e+01
1.3198075687130967e+02
1.7599999999109667e+02
2.1999998624355095e+02
2.6398072937854840e+02
3.0799999999111861e+02
3.5200001371529345e+02
3.9599987811178227e+02
4.4000000298546314e+02
3.9600000002433302e+02
3.5198074020240915e+02
3.0794220975407808e+02
2.6399999996378085e+02
2.2003857453725402e+02
1.7599999999089383e+02
1.3199999999094419e+02
8.7999999998984094e+01
4.3999999998891518e+01
-9.4366817431011291e-10
-4.4000000001049088e+01
-8.8000000000968768e+01
-1.3201925687885199e+02
-1.7600000000922208e+02
-2.1999998625684461e+02
-2.6401922937171042e+02
-3.0805774311975676e+02
-3.5200000003638536e+02
-3.9596147258623540e+02
-4.3994217448775566e+02
-3.9599999995000400e+02
-3.5200000001621123e+02
-3.0801924321017469e+02
-2.6400000000904458e+02
-2.2000001367537703e+02
-1.7601927045896753e+02
-1.3200000000896793e+02
-8.7999986447356946e+01
-4.4000000000962785e+01
-9.8418627085251283e-10
4.3999999998977437e+01
8.7999999999074134e+01
1.3198075687127425e+02
1.7599999999100089e+02
2.1999998624352520e+02
2.6398072937867164e+02
3.0794224313069924e+02
3.5199999996398242e+02
3.9603847241435130e+02
4.4004121955849729e+02
3.9600000001328254e+02
3.5200000000215289e+02
3.0798074311319255e+02
2.6399999999126857e+02
2.2000001375186690e+02
1.7598077064518208e+02
1.3199999999119268e+02
8.7999986198794389e+01
4.3999999999042672e+01
-9.1042242824370594e-10
-4.4000000000885301e+01
-8.8000000000941313e+01
-1.3201925687869490e+02
-1.7600000000895338e+02
-2.1999998625661527e+02
-2.6401922937146082e+02
-3.0805774311963830e+02
-3.5200000003615327e+02
-3.9596147258585404e+02
-4.3994217448707883e+02
-3.9599999994982517e+02
-3.5200000001605554e+02
-3.0801924321004850e+02
-2.6400000000892487e+02
-2.2000001367525118e+02
-1.7601927045891711e+02
-1.3200000000907170e+02
-8.7999986447457673e+01
-4.4000000001041592e+01
-1.1370626629452823e-09
4.3999999998866116e+01
8.7999999998879332e+01
1.3198075687092441e+02
1.7599999999063513e+02
2.1999998624304106e+02
2.6398072937812344e+02
3.0794224313018350e+02
3.5199999996355416e+02
3.9603847241385347e+02
4.4004584655022660e+02
3.9600000001258314e+02
3.5199999999745137e+02
3.0798074310445094e+02
2.6399999999063971e+02
2.2000001375953769e+02
1.7598077066086836e+02
1.3199999999053270e+02
8.7999986182009764e+01
4.3999999998725670e+01
-1.2080968551117483e-09
-4.4000000001274550e+01
-8.8000000001219121e+01
-1.3201925687913638e+02
-1.7600000000943149e+02
-2.1999998625692265e+02
-2.6401922937194496e+02
-3.0805774312005639e+02
-3.5200000003671749e+02
-3.9596147258646522e+02
-4.3994217448783178e+02
-3.9599999995031914e+02
-3.5200000001655809e+02
-3.0801924321067457e+02
-2.6400000000944107e+02
-2.2000001367591810e+02
-1.7601927045971146e+02
-1.3200000000970812e+02
-8.7999986447905428e+01
-4.4000000001513811e+01
-1.4530507785952811e-09
4.3999999998357737e+01
8.7999999998415859e+01
1.3198075687046511e+02
1.7599999999027870e+02
2.1999998624271552e+02
2.6398072937788527e+02
3.0794224312987126e+02
3.5199999996308793e+02
3.9603847241323120e+02
4.4004917239185897e+02
3.9600000001237714e+02
3.5199999999391514e+02
3.0798074309756942e+02
2.6399999999040142e+02
2.2000001376595142e+02
1.7598077067413971e+02
1.3199999999048339e+02
8.7999986168609496e+01
4.3999999998590184e+01
-1.3312050464292220e-09
