0.0000000000000000e+00
-1.1000000000241538e+01
-2.2000000000076120e+01
-3.3006877235250897e+01
-4.4000000000591790e+01
-5.4999995529163755e+01
-6.6006868289473942e+01
-7.7020622755640943e+01
-9.7995849458296377e+01
-1.2828496868060233e+02
-1.5579430479562848e+02
-1.4479323358643151e+02
-1.3379903478940145e+02
-1.2281170394103093e+02
-1.1179323361228811e+02
-1.0078165015651422e+02
-8.9793233608824153e+01
-7.8793233607263147e+01
-6.7800106372146843e+01
-5.6793233605518054e+01
-4.5793238070810844e+01
-3.4793233604821431e+01
-2.3793233604922417e+01
-1.2800106371485386e+01
-1.7932336054119702e+00
9.2067619287601392e+00
2.0199884699810330e+01
3.1206766394528600e+01
4.2206770850321220e+01
7.3006186240549525e+01
1.0842905819429021e+02
9.7429044267800961e+01
8.6422153114894684e+01
7.5408380261570386e+01
6.4429044249699444e+01
5.3442844399541187e+01
4.2429044251637023e+01
3.1429044251732918e+01
2.0429044252250222e+01
9.4290442522139521e+00
-1.5709557476552840e+00
-1.2570955747777031e+01
-2.3570955747655319e+01
-3.4577832983024457e+01
-4.5570955748400586e+01
-5.6570951276719356e+01
-6.7577824036799555e+01
-7.8591578502776215e+01
-8.9570955750350919e+01
-1.0055719682888710e+02
-1.1155030619636420e+02
-1.0057095570990518e+02
-8.9570955748863014e+01
-7.8577828554393477e+01
-6.7570955748339316e+01
-5.6570960174119193e+01
-4.5577837362893305e+01
-3.4570955748246213e+01
-2.3570951372560963e+01
-1.2570955747725304e+01
-1.5709557477326572e+00
9.4290442522555225e+00
2.0429044252370382e+01
3.1422171485840007e+01
4.2429044251780475e+01
5.3429039786012844e+01
6.4422162557166786e+01
7.5408417028704690e+01
8.6429044249886772e+01
9.7442785296557417e+01
1.0845432112660079e+02
9.7434889860729143e+01
8.6434889854276605e+01
7.5428012612498222e+01
6.4434889850355503e+01
5.3434894325060412e+01
4.2428021567998897e+01
3.1434889850287686e+01
2.0434885362426698e+01
9.4348898507256056e+00
-1.5651101492614767e+00
-1.2565110149216114e+01
-2.3565110149245221e+01
-3.4571987384548578e+01
-4.5565110149831561e+01
-5.6565105678171463e+01
-6.7571978438169538e+01
-7.8585732904248815e+01
-8.9565110151802003e+01
-1.0055135123015789e+02
-1.1154446059748348e+02
-1.0056511011130200e+02
-8.9565110150295553e+01
-7.8571982955833917e+01
-6.7565110149701951e+01
-5.6565114575468556e+01
-4.5571991764197541e+01
-3.4565110149736860e+01
-2.3565105774143717e+01
-1.2565110149275032e+01
-1.5651101493307769e+00
9.4348898506914551e+00
2.0434889850692976e+01
3.1428017084023537e+01
4.2434889850001390e+01
5.3434885384206517e+01
6.4428008155425147e+01
7.5414262627008156e+01
8.6434889848184838e+01
9.7448630894723593e+01
1.0845885156815105e+02
9.7439091513224184e+01
8.6439091506028745e+01
7.5432214263535784e+01
6.4439091502965383e+01
5.3439095979360502e+01
4.2432223223850002e+01
3.1439091502892381e+01
2.0439087011911869e+01
9.4390915035807232e+00
-1.5609084963782356e+00
-1.2560908496435999e+01
-2.3560908496394202e+01
-3.4567785731793052e+01
-4.5560908497075175e+01
-5.6560904025302747e+01
-6.7567776785449851e+01
-7.8581531251455800e+01
-8.9560908499093657e+01
-1.0054714957753401e+02
-1.1154025894492672e+02
-1.0056090845853697e+02
-8.9560908497611962e+01
-7.8567781303219988e+01
-6.7560908497099746e+01
-5.6560912922997232e+01
-4.5567790111917333e+01
-3.4560908497365851e+01
-2.3560904121634355e+01
-1.2560908496686650e+01
-1.5609084966857005e+00
9.4390915031546783e+00
2.0439091503209259e+01
3.1432218736559594e+01
4.2439091502500759e+01
5.3439087036673037e+01
6.4432209807850256e+01
7.5418464279369218e+01
8.6439091500559869e+01
9.7452832547097145e+01
1.0846210797023117e+02
9.7442111602758175e+01
8.6442111594799755e+01
7.5435234351474804e+01
6.4442111592445315e+01
5.3442116070379853e+01
4.2435243316506813e+01
3.1442111592499629e+01
2.0442107098443486e+01
9.4421115931191988e+00
-1.5578884067775589e+00
