2.9999999999999983e+02
2.9999999999999983e+02
2.9999999999999983e+02
2.9999999999999983e+02
2.9999999999999983e+02
2.9999999999999983e+02
2.9999999999999983e+02
2.9999999999999983e+02
3.1099683694520968e+02
3.3747352994056899e+02
3.6482914746359415e+02
3.6482914746359415e+02
3.6482914746359415e+02
3.6482914746359415e+02
3.6482914746359415e+02
3.6482914746359415e+02
3.6482914746359415e+02
3.6482914746359415e+02
3.6482914746359415e+02
3.6482914746359415e+02
3.6482914746359415e+02
3.6482914746359415e+02
3.6482914746359415e+02
3.6482914746359415e+02
3.6482914746359415e+02
3.6482914746359415e+02
3.6482914746359415e+02
3.6482914746359415e+02
3.6482914746359415e+02
3.8098176402651671e+02
4.0513824749715837e+02
4.0513824749715837e+02
4.0513824749715837e+02
4.0513824749715837e+02
4.0513824749715837e+02
4.0513824749715837e+02
4.0513824749715837e+02
4.0513824749715837e+02
4.0513824749715837e+02
4.0513824749715837e+02
4.0513824749715837e+02
4.0513824749715837e+02
4.0513824749715837e+02
4.0513824749715837e+02
4.0513824749715837e+02
4.0513824749715837e+02
4.0513824749715837e+02
4.0513824749715837e+02
4.0513824749715837e+02
4.0513824749715837e+02
4.0513824749715837e+02
4.0513824749715837e+02
4.0513824749715837e+02
4.0513824749715837e+02
4.0513824749715837e+02
4.0513824749715837e+02
4.0513824749715837e+02
4.0513824749715837e+02
4.0513824749715837e+02
4.0513824749715837e+02
4.0513824749715837e+02
4.0513824749715837e+02
4.0513824749715837e+02
4.0513824749715837e+02
4.0513824749715837e+02
4.0513824749715837e+02
4.0513824749715837e+02
4.0513824749715837e+02
4.0513824749715837e+02
4.0513824749715837e+02
4.0514402858462563e+02
4.0514402858462563e+02
4.0514402858462563e+02
4.0514402858462563e+02
4.0514402858462563e+02
4.0514402858462563e+02
4.0514402858462563e+02
4.0514402858462563e+02
4.0514402858462563e+02
4.0514402858462563e+02
4.0514402858462563e+02
4.0514402858462563e+02
4.0514402858462563e+02
4.0514402858462563e+02
4.0514402858462563e+02
4.0514402858462563e+02
4.0514402858462563e+02
4.0514402858462563e+02
4.0514402858462563e+02
4.0514402858462563e+02
4.0514402858462563e+02
4.0514402858462563e+02
4.0514402858462563e+02
4.0514402858462563e+02
4.0514402858462563e+02
4.0514402858462563e+02
4.0514402858462563e+02
4.0514402858462563e+02
4.0514402858462563e+02
4.0514402858462563e+02
4.0514402858462563e+02
4.0514402858462563e+02
4.0514402858462563e+02
4.0514402858462563e+02
4.0514402858462563e+02
4.0514402858462563e+02
4.0514402858462563e+02
4.0514402858462563e+02
4.0514402858462563e+02
4.0514402858462563e+02
4.0514818406950201e+02
4.0514818406950201e+02
4.0514818406950201e+02
4.0514818406950201e+02
4.0514818406950201e+02
4.0514818406950201e+02
4.0514818406950201e+02
4.0514818406950201e+02
4.0514818406950201e+02
4.0514818406950201e+02
4.0514818406950201e+02
4.0514818406950201e+02
4.0514818406950201e+02
4.0514818406950201e+02
4.0514818406950201e+02
4.0514818406950201e+02
4.0514818406950201e+02
4.0514818406950201e+02
4.0514818406950201e+02
4.0514818406950201e+02
4.0514818406950201e+02
4.0514818406950201e+02
4.0514818406950201e+02
4.0514818406950201e+02
4.0514818406950201e+02
4.0514818406950201e+02
4.0514818406950201e+02
4.0514818406950201e+02
4.0514818406950201e+02
4.0514818406950201e+02
4.0514818406950201e+02
4.0514818406950201e+02
4.0514818406950201e+02
4.0514818406950201e+02
4.0514818406950201e+02
4.0514818406950201e+02
4.0514818406950201e+02
4.0514818406950201e+02
4.0514818406950201e+02
4.0514818406950201e+02
4.0515117107822971e+02
4.0515117107822971e+02
4.0515117107822971e+02
4.0515117107822971e+02
4.0515117107822971e+02
4.0515117107822971e+02
4.0515117107822971e+02
4.0515117107822971e+02
4.0515117107822971e+02
4.0515117107822971e+02
4.0515117107822971e+02
