0.0000000000000000e+00
0.0000000000000000e+00
0.0000000000000000e+00
0.0000000000000000e+00
0.0000000000000000e+00
0.0000000000000000e+00
0.0000000000000000e+00
-5.3339383874143147e+00
-3.4666666701405489e+01
-6.4000000264373313e+01
-9.3333333607734517e+01
-9.3333333607734517e+01
-9.3333333607734517e+01
-9.3333333607734517e+01
-9.3333333607734517e+01
-9.3333333607734517e+01
-9.3333333607734517e+01
-9.3333333607734517e+01
-9.3333333607734517e+01
-9.3333333607734517e+01
-9.3333333607734517e+01
-9.3333333607734517e+01
-9.3333333607734517e+01
-9.3333333607734517e+01
-8.2669139600165309e+01
-5.3333333346137714e+01
-2.4000000233336877e+01
5.3333330605979059e+00
3.4666666393922057e+01
6.3999999727264445e+01
9.3333333060602811e+01
9.3333333060602740e+01
9.3333333060602740e+01
9.3333333060602769e+01
9.3333333060602769e+01
9.3333333060602769e+01
9.3333333060602740e+01
9.3333333060602740e+01
9.3333333060602740e+01
9.3333333060602797e+01
9.3333333060602797e+01
9.3333333060602783e+01
9.3333333060602783e+01
9.3333333060602783e+01
8.2664227990974865e+01
5.3333333320717870e+01
2.3999999764933705e+01
-5.3333336077331914e+00
-3.4666666941064150e+01
-6.4000000274392349e+01
-9.3333333607722466e+01
-9.3333333607722466e+01
-9.3333333607722466e+01
-9.3333333607722466e+01
-9.3333333607722466e+01
-9.3333333607722466e+01
-9.3333333607722466e+01
-9.3333333607722466e+01
-9.3333333607722466e+01
-9.3333333607722466e+01
-9.3333333607722466e+01
-9.3333333607722466e+01
-9.3333333607722466e+01
-9.3333333607722466e+01
-8.2669139600179250e+01
-5.3333333346142766e+01
-2.4000000233338540e+01
5.3333330605911247e+00
3.4666666393922824e+01
6.3999999727261056e+01
9.3333333060588302e+01
9.3333333060588330e+01
9.3333333060588330e+01
9.3333333060588330e+01
9.3333333060588330e+01
9.3333333060588330e+01
9.3333333060588330e+01
9.3333333060588330e+01
9.3333333060588330e+01
9.3333333060588330e+01
9.3333333060588302e+01
9.3333333060588245e+01
9.3333333060588274e+01
9.3333333060588274e+01
8.2664227990979427e+01
5.3333333320722787e+01
2.3999999764930511e+01
-5.3333336077420732e+00
-3.4666666941061060e+01
-6.4000000274395859e+01
-9.3333333607732399e+01
-9.3333333607732399e+01
-9.3333333607732399e+01
-9.3333333607732399e+01
-9.3333333607732399e+01
-9.3333333607732399e+01
-9.3333333607732399e+01
-9.3333333607732399e+01
-9.3333333607732399e+01
-9.3333333607732399e+01
-9.3333333607732399e+01
-9.3333333607732399e+01
-9.3333333607732399e+01
-9.3333333607732399e+01
-8.2669139600200538e+01
-5.3333333346158319e+01
-2.4000000233354733e+01
5.3333330605815705e+00
3.4666666393912294e+01
6.3999999727255229e+01
9.3333333060588501e+01
9.3333333060588501e+01
9.3333333060588501e+01
9.3333333060588444e+01
9.3333333060588416e+01
9.3333333060588416e+01
9.3333333060588444e+01
9.3333333060588473e+01
9.3333333060588473e+01
9.3333333060588444e+01
9.3333333060588444e+01
9.3333333060588444e+01
9.3333333060588387e+01
9.3333333060588387e+01
8.2664227990965344e+01
5.3333333320718559e+01
2.3999999764939794e+01
-5.3333336077240956e+00
-3.4666666941040567e+01
-6.4000000274371118e+01
-9.3333333607703452e+01
-9.3333333607703452e+01
-9.3333333607703452e+01
-9.3333333607703452e+01
-9.3333333607703452e+01
-9.3333333607703452e+01
-9.3333333607703452e+01
-9.3333333607703452e+01
-9.3333333607703452e+01
-9.3333333607703452e+01
-9.3333333607703452e+01
-9.3333333607703452e+01
-9.3333333607703452e+01
-9.3333333607703452e+01
-8.2669139600172784e+01
-5.3333333346139327e+01
-2.4000000233345027e+01
5.3333330605722509e+00
3.4666666393906141e+01
6.3999999727242042e+01
9.3333333060576905e+01
9.3333333060576905e+01
9.3333333060576905e+01
9.3333333060576919e+01
9.3333333060576933e+01
9.3333333060576933e+01
9.3333333060576905e+01
9.3333333060576962e+01
9.3333333060576962e+01
9.3333333060576962e+01
9.3333333060576919e+01
