0.0000000000000000e+00
0.0000000000000000e+00
0.0000000000000000e+00
0.0000000000000000e+00
0.0000000000000000e+00
0.0000000000000000e+00
0.0000000000000000e+00
2.6669691937062043e+00
1.7333333350698545e+01
3.2000000132179501e+01
4.6666666803858725e+01
4.6666666803858689e+01
4.6666666803858718e+01
4.6666666803858789e+01
4.6666666803858881e+01
4.6666666803858945e+01
4.6666666803859002e+01
4.6666666803858995e+01
4.6666666803858952e+01
4.6666666803858945e+01
4.6666666803859030e+01
4.6666666803859002e+01
4.6666666803859016e+01
4.6666666803859023e+01
4.1334569800074220e+01
2.6666666673061997e+01
1.2000000116660226e+01
-2.6666665303103532e+00
-1.7333333196975651e+01
-3.1999999863650697e+01
-4.6666666530319489e+01
-4.6666666530319496e+01
-4.6666666530319510e+01
-4.6666666530319610e+01
-4.6666666530319596e+01
-4.6666666530319596e+01
-4.6666666530319588e+01
-4.6666666530319681e+01
-4.6666666530319695e+01
-4.6666666530319667e+01
-4.6666666530319638e+01
-4.6666666530319603e+01
-4.6666666530319560e+01
-4.6666666530319624e+01
-4.1332113995505928e+01
-2.6666666660378834e+01
-1.1999999882483392e+01
2.6666668038498949e+00
1.7333333470515537e+01
3.2000000137177821e+01
4.6666666803838993e+01
4.6666666803838979e+01
4.6666666803838950e+01
4.6666666803838908e+01
4.6666666803838908e+01
4.6666666803838886e+01
4.6666666803838929e+01
4.6666666803838908e+01
4.6666666803838929e+01
4.6666666803838929e+01
4.6666666803838851e+01
4.6666666803838737e+01
4.6666666803838737e+01
4.6666666803838702e+01
4.1334569800062567e+01
2.6666666673038112e+01
1.2000000116633435e+01
-2.6666665303317538e+00
-1.7333333197005096e+01
-3.1999999863678340e+01
-4.6666666530343832e+01
-4.6666666530343804e+01
-4.6666666530343782e+01
-4.6666666530343761e+01
-4.6666666530343832e+01
-4.6666666530343768e+01
-4.6666666530343761e+01
-4.6666666530343818e+01
-4.6666666530343818e+01
-4.6666666530343804e+01
-4.6666666530343832e+01
-4.6666666530343761e+01
-4.6666666530343818e+01
-4.6666666530343740e+01
-4.1332113995544248e+01
-2.6666666660417857e+01
-1.1999999882526680e+01
2.6666668038086341e+00
1.7333333470467629e+01
3.2000000137134620e+01
4.6666666803800652e+01
4.6666666803800581e+01
4.6666666803800609e+01
4.6666666803800595e+01
4.6666666803800581e+01
4.6666666803800524e+01
4.6666666803800524e+01
4.6666666803800574e+01
4.6666666803800545e+01
4.6666666803800496e+01
4.6666666803800524e+01
4.6666666803800538e+01
4.6666666803800531e+01
4.6666666803800460e+01
4.1334569800034394e+01
2.6666666673011473e+01
1.2000000116606614e+01
-2.6666665303644486e+00
-1.7333333197030683e+01
-3.1999999863702286e+01
-4.6666666530372154e+01
-4.6666666530372169e+01
-4.6666666530372254e+01
-4.6666666530372325e+01
-4.6666666530372339e+01
-4.6666666530372368e+01
-4.6666666530372396e+01
-4.6666666530372368e+01
-4.6666666530372439e+01
-4.6666666530372524e+01
-4.6666666530372574e+01
-4.6666666530372595e+01
-4.6666666530372616e+01
-4.6666666530372616e+01
-4.1332113995561890e+01
-2.6666666660439986e+01
-1.1999999882547835e+01
2.6666668037860344e+00
1.7333333470447339e+01
3.2000000137111307e+01
4.6666666803776693e+01
4.6666666803776721e+01
4.6666666803776707e+01
4.6666666803776742e+01
4.6666666803776742e+01
4.6666666803776735e+01
4.6666666803776678e+01
4.6666666803776657e+01
4.6666666803776700e+01
4.6666666803776693e+01
4.6666666803776735e+01
4.6666666803776721e+01
4.6666666803776764e+01
4.6666666803776792e+01
4.1334569800012375e+01
2.6666666672998758e+01
1.2000000116604104e+01
-2.6666665303520554e+00
-1.7333333197017108e+01
-3.1999999863686014e+01
-4.6666666530352501e+01
-4.6666666530352501e+01
-4.6666666530352472e+01
-4.6666666530352501e+01
-4.6666666530352494e+01
-4.6666666530352614e+01
-4.6666666530352636e+01
-4.6666666530352629e+01
-4.6666666530352629e+01
-4.6666666530352586e+01
-4.6666666530352558e+01
