0.0000000000000000e+00
0.0000000000000000e+00
0.0000000000000000e+00
0.0000000000000000e+00
0.0000000000000000e+00
0.0000000000000000e+00
0.0000000000000000e+00
2.6669691937080970e+00
1.7333333350706802e+01
3.2000000132193584e+01
4.6666666803875373e+01
4.6666666803875337e+01
4.6666666803875451e+01
4.6666666803875529e+01
4.6666666803875621e+01
4.6666666803875671e+01
4.6666666803875742e+01
4.6666666803875735e+01
4.6666666803875671e+01
4.6666666803875700e+01
4.6666666803875778e+01
4.6666666803875763e+01
4.6666666803875771e+01
4.6666666803875756e+01
4.1334569800091153e+01
2.6666666673075770e+01
1.2000000116676693e+01
-2.6666665302874866e+00
-1.7333333196946334e+01
-3.1999999863613692e+01
-4.6666666530283443e+01
-4.6666666530283443e+01
-4.6666666530283450e+01
-4.6666666530283536e+01
-4.6666666530283528e+01
-4.6666666530283528e+01
-4.6666666530283507e+01
-4.6666666530283607e+01
-4.6666666530283628e+01
-4.6666666530283599e+01
-4.6666666530283614e+01
-4.6666666530283585e+01
-4.6666666530283536e+01
-4.6666666530283607e+01
-4.1332113995469626e+01
-2.6666666660339793e+01
-1.1999999882451082e+01
2.6666668038825767e+00
1.7333333470547899e+01
3.2000000137213803e+01
4.6666666803882819e+01
4.6666666803882819e+01
4.6666666803882762e+01
4.6666666803882705e+01
4.6666666803882656e+01
4.6666666803882663e+01
4.6666666803882698e+01
4.6666666803882691e+01
4.6666666803882705e+01
4.6666666803882663e+01
4.6666666803882613e+01
4.6666666803882521e+01
4.6666666803882521e+01
4.6666666803882450e+01
4.1334569800115268e+01
2.6666666673103304e+01
1.2000000116703831e+01
-2.6666665302606529e+00
-1.7333333196919149e+01
-3.1999999863584179e+01
-4.6666666530245976e+01
-4.6666666530245990e+01
-4.6666666530245962e+01
-4.6666666530245934e+01
-4.6666666530246054e+01
-4.6666666530246005e+01
-4.6666666530246012e+01
-4.6666666530246047e+01
-4.6666666530246061e+01
-4.6666666530246033e+01
-4.6666666530246047e+01
-4.6666666530245976e+01
-4.6666666530246033e+01
-4.6666666530245990e+01
-4.1332113995436757e+01
-2.6666666660306475e+01
-1.1999999882405413e+01
2.6666668039318848e+00
1.7333333470591889e+01
3.2000000137259661e+01
4.6666666803930262e+01
4.6666666803930219e+01
4.6666666803930248e+01
4.6666666803930205e+01
4.6666666803930141e+01
4.6666666803930056e+01
4.6666666803930070e+01
4.6666666803930113e+01
4.6666666803930106e+01
4.6666666803929999e+01
4.6666666803930028e+01
4.6666666803930021e+01
4.6666666803930049e+01
4.6666666803929971e+01
4.1334569800164047e+01
2.6666666673144789e+01
1.2000000116746101e+01
-2.6666665302191275e+00
-1.7333333196883615e+01
-3.1999999863554919e+01
-4.6666666530218407e+01
-4.6666666530218414e+01
-4.6666666530218428e+01
-4.6666666530218478e+01
-4.6666666530218500e+01
-4.6666666530218514e+01
-4.6666666530218535e+01
-4.6666666530218507e+01
-4.6666666530218549e+01
-4.6666666530218684e+01
-4.6666666530218734e+01
-4.6666666530218720e+01
-4.6666666530218720e+01
-4.6666666530218791e+01
-4.1332113995406516e+01
-2.6666666660281635e+01
-1.1999999882394997e+01
2.6666668039350361e+00
1.7333333470590233e+01
3.2000000137256912e+01
4.6666666803923817e+01
4.6666666803923874e+01
4.6666666803923860e+01
4.6666666803923817e+01
4.6666666803923825e+01
4.6666666803923768e+01
4.6666666803923761e+01
4.6666666803923782e+01
4.6666666803923796e+01
4.6666666803923846e+01
4.6666666803923889e+01
4.6666666803923874e+01
4.6666666803923874e+01
4.6666666803923931e+01
4.1334569800157695e+01
2.6666666673137868e+01
1.2000000116738192e+01
-2.6666665302229151e+00
-1.7333333196891743e+01
-3.1999999863558727e+01
-4.6666666530227189e+01
-4.6666666530227197e+01
-4.6666666530227168e+01
-4.6666666530227168e+01
-4.6666666530227175e+01
-4.6666666530227310e+01
-4.6666666530227317e+01
-4.6666666530227317e+01
-4.6666666530227303e+01
-4.6666666530227275e+01
-4.6666666530227232e+01
