0.0000000000000000e+00
-4.0000000002112087e-04
-8.0000000001558002e-04
-1.2001600640379319e-03
-1.6000000001408577e-03
-1.9999998721695537e-03
-2.4001598081218583e-03
-3.0000413928124724e-03
-4.5000000017196198e-03
-6.0000000117761392e-03
-7.5000000122506742e-03
-7.1000000115189182e-03
-6.7001599468159423e-03
-6.3000000104291992e-03
-5.9000001379682469e-03
-5.5001602014327624e-03
-5.1000000104295977e-03
-4.6999998835549721e-03
-4.3000000103033918e-03
-3.9000000103037854e-03
-3.5000000103033468e-03
-3.1000000103031909e-03
-2.7000000103031001e-03
-2.3001599463305131e-03
-1.5001683264611750e-03
-6.3425009547720825e-13
1.4999999896934432e-03
2.9999999878281142e-03
4.4999999878277252e-03
5.9999999878282383e-03
7.4999999878286984e-03
7.0999999884315736e-03
6.6998399250070848e-03
6.2999999896322847e-03
5.9000001183336249e-03
5.4998401831098474e-03
5.0999999896325296e-03
4.6999998600238064e-03
4.2999999897570295e-03
3.8999999897573871e-03
3.4999999897575161e-03
3.0999999897575931e-03
2.6999999897575891e-03
2.2998399257298011e-03
1.4998334441864575e-03
-6.2389527301190138e-13
-1.5000000103906662e-03
-3.0000000122505357e-03
-4.5000000122504069e-03
-6.0000000122502799e-03
-7.5000000122504356e-03
-7.1000000115193189e-03
-6.7001599468162910e-03
-6.3000000104293926e-03
-5.9000001379685661e-03
-5.5001602014327711e-03
-5.1000000104299108e-03
-4.6999998835554136e-03
-4.3000000103050034e-03
-3.9000000103049052e-03
-3.5000000103043139e-03
-3.1000000103040062e-03
-2.7000000103045534e-03
-2.3001599463325739e-03
-1.5001683264616822e-03
-6.3406722905331229e-13
1.4999999896936045e-03
2.9999999878286363e-03
4.4999999878284330e-03
5.9999999878288593e-03
7.4999999878283697e-03
7.0999999884311573e-03
6.6998399250062565e-03
6.2999999896318744e-03
5.9000001183324227e-03
5.4998401831085723e-03
5.0999999896317871e-03
4.6999998600239573e-03
4.2999999897573313e-03
3.8999999897567864e-03
3.4999999897575148e-03
3.0999999897567678e-03
2.6999999897574381e-03
2.2998399257306277e-03
1.4998334441880690e-03
-6.2333073165484468e-13
-1.5000000103893851e-03
-3.0000000122497560e-03
-4.5000000122491233e-03
-6.0000000122494151e-03
-7.5000000122494408e-03
-7.1000000115183986e-03
-6.7001599468157098e-03
-6.3000000104285149e-03
-5.9000001379669910e-03
-5.5001602014312107e-03
-5.1000000104291596e-03
-4.6999998835551664e-03
-4.3000000103039686e-03
-3.9000000103047629e-03
-3.5000000103048963e-03
-3.1000000103047665e-03
-2.7000000103049792e-03
-2.3001599463318453e-03
-1.5001683264631303e-03
-6.3502725159444233e-13
1.4999999896931409e-03
2.9999999878282941e-03
4.4999999878277876e-03
5.9999999878277933e-03
7.4999999878279603e-03
7.0999999884303090e-03
6.6998399250058974e-03
6.2999999896311979e-03
5.9000001183311329e-03
5.4998401831071932e-03
5.0999999896304982e-03
4.6999998600231914e-03
4.2999999897559687e-03
3.8999999897555734e-03
3.4999999897555394e-03
3.0999999897549030e-03
2.6999999897557303e-03
2.2998399257276696e-03
1.4998334441855496e-03
-6.2477548038891923e-13
-1.5000000103902460e-03
-3.0000000122501745e-03
-4.5000000122495370e-03
-6.0000000122495539e-03
-7.5000000122495084e-03
-7.1000000115183414e-03
-6.7001599468162771e-03
-6.3000000104298931e-03
-5.9000001379692192e-03
-5.5001602014337530e-03
-5.1000000104306411e-03
-4.6999998835552123e-03
-4.3000000103043546e-03
-3.9000000103041072e-03
-3.5000000103041868e-03
-3.1000000103040821e-03
-2.7000000103046297e-03
-2.3001599463326606e-03
-1.5001683264637018e-03
-6.3604132648475016e-13
1.4999999896910673e-03
2.9999999878255719e-03
4.4999999878255065e-03
5.9999999878251956e-03
7.4999999878256514e-03
7.0999999884287079e-03
6.6998399250042130e-03
6.2999999896289115e-03
5.9000001183295171e-03
5.4998401831055496e-03
5.0999999896292891e-03
4.6999998600224056e-03
4.2999999897544786e-03
3.8999999897545322e-03
3.4999999897545467e-03
