0.0000000000000000e+00
1.0000000000576372e-04
2.0000000000826177e-04
2.9999000101181930e-04
4.0000000008097507e-04
4.9999999815124048e-04
5.9998999722175460e-04
8.0000295490095872e-04
1.4500000008261463e-03
2.1000000076007324e-03
2.7500000078611417e-03
2.6500000058719405e-03
2.5499900028815468e-03
2.4500000052278615e-03
2.3500000085728747e-03
2.2499900109188915e-03
2.1500000052271226e-03
2.0500000005347248e-03
1.9500000051545382e-03
1.8500000051542278e-03
1.7500000051546860e-03
1.6500000051546304e-03
1.5500000051543730e-03
1.4499900041542056e-03
1.1500129283236521e-03
5.0000000030437221e-04
-1.4999999320404825e-04
-7.9999999218191347e-04
-1.4499999921818302e-03
-2.0999999921821775e-03
-2.7499999921815205e-03
-2.6499999941061391e-03
-2.5500099950302945e-03
-2.4499999948035729e-03
-2.3499999955771747e-03
-2.2500099953504677e-03
-2.1499999948031605e-03
-2.0499999952560376e-03
-1.9499999948760800e-03
-1.8499999948758191e-03
-1.7499999948757520e-03
-1.6499999948755165e-03
-1.5499999948755544e-03
-1.4500099938752039e-03
-1.1499878119694473e-03
-4.9999999969870630e-04
1.5000000683951093e-04
8.0000000786230199e-04
1.4500000078623112e-03
2.1000000078617619e-03
2.7500000078608936e-03
2.6500000058722055e-03
2.5499900028817428e-03
2.4500000052273783e-03
2.3500000085719648e-03
2.2499900109179500e-03
2.1500000052268311e-03
2.0500000005353423e-03
1.9500000051539421e-03
1.8500000051538978e-03
1.7500000051541063e-03
1.6500000051544290e-03
1.5500000051534633e-03
1.4499900041533387e-03
1.1500129283235027e-03
5.0000000030410452e-04
-1.4999999320406700e-04
-7.9999999218077864e-04
-1.4499999921816790e-03
-2.0999999921812586e-03
-2.7499999921813600e-03
-2.6499999941063668e-03
-2.5500099950307971e-03
-2.4499999948051653e-03
-2.3499999955785842e-03
-2.2500099953523104e-03
-2.1499999948050462e-03
-2.0499999952579753e-03
-1.9499999948785049e-03
-1.8499999948779185e-03
-1.7499999948771289e-03
-1.6499999948768411e-03
-1.5499999948761234e-03
-1.4500099938761686e-03
-1.1499878119701280e-03
-4.9999999969949104e-04
1.5000000683942241e-04
8.0000000786270976e-04
1.4500000078622982e-03
2.1000000078620447e-03
2.7500000078618486e-03
2.6500000058719557e-03
2.5499900028819926e-03
2.4500000052268978e-03
2.3500000085721691e-03
2.2499900109181322e-03
2.1500000052271559e-03
2.0500000005348996e-03
1.9500000051539644e-03
1.8500000051533930e-03
1.7500000051528671e-03
1.6500000051525875e-03
1.5500000051524778e-03
1.4499900041527914e-03
1.1500129283226377e-03
5.0000000030307387e-04
-1.4999999320521951e-04
-7.9999999218257939e-04
-1.4499999921827184e-03
-2.0999999921831646e-03
-2.7499999921834456e-03
-2.6499999941079770e-03
-2.5500099950317673e-03
-2.4499999948051441e-03
-2.3499999955790521e-03
-2.2500099953527983e-03
-2.1499999948051494e-03
-2.0499999952584029e-03
-1.9499999948782544e-03
-1.8499999948782884e-03
-1.7499999948779471e-03
-1.6499999948787717e-03
-1.5499999948784936e-03
-1.4500099938790424e-03
-1.1499878119719349e-03
-4.9999999970171203e-04
1.5000000683746675e-04
8.0000000786027703e-04
1.4500000078599942e-03
2.1000000078593662e-03
2.7500000078591303e-03
2.6500000058693419e-03
2.5499900028781628e-03
2.4500000052237684e-03
2.3500000085698472e-03
2.2499900109168793e-03
2.1500000052245760e-03
2.0500000005315299e-03
1.9500000051515809e-03
1.8500000051517528e-03
1.7500000051517803e-03
1.6500000051515565e-03
1.5500000051507372e-03
1.4499900041502133e-03
1.1500129283205679e-03
5.0000000030180568e-04
-1.4999999320638237e-04
-7.9999999218271427e-04
-1.4499999921826813e-03
-2.0999999921832153e-03
-2.7499999921828345e-03
-2.6499999941075321e-03
-2.5500099950321450e-03
-2.4499999948058267e-03
-2.3499999955789615e-03
-2.2500099953518759e-03
-2.1499999948058537e-03
-2.0499999952591805e-03
-1.9499999948786992e-03
-1.8499999948781104e-03
-1.7499999948777151e-03
