0.0000000000000000e+00
1.0000000000497821e-04
2.0000000000899816e-04
2.9999000101259922e-04
4.0000000008217208e-04
4.9999999815235623e-04
5.9998999722321133e-04
8.0000295490196009e-04
1.4500000008269645e-03
2.1000000076016943e-03
2.7500000078622619e-03
2.6500000058727940e-03
2.5499900028827047e-03
2.4500000052275839e-03
2.3500000085736302e-03
2.2499900109198214e-03
2.1500000052275419e-03
2.0500000005344680e-03
1.9500000051546635e-03
1.8500000051540760e-03
1.7500000051538988e-03
1.6500000051543518e-03
1.5500000051541299e-03
1.4499900041534185e-03
1.1500129283237620e-03
5.0000000030406624e-04
-1.4999999320386621e-04
-7.9999999218120245e-04
-1.4499999921809186e-03
-2.0999999921805261e-03
-2.7499999921807277e-03
-2.6499999941045236e-03
-2.5500099950285025e-03
-2.4499999948031444e-03
-2.3499999955774423e-03
-2.2500099953517289e-03
-2.1499999948032811e-03
-2.0499999952546537e-03
-1.9499999948762311e-03
-1.8499999948757755e-03
-1.7499999948756193e-03
-1.6499999948753402e-03
-1.5499999948752168e-03
-1.4500099938750889e-03
-1.1499878119685212e-03
-4.9999999969750316e-04
1.5000000683980974e-04
8.0000000786319342e-04
1.4500000078631393e-03
2.1000000078630959e-03
2.7500000078629510e-03
2.6500000058742000e-03
2.5499900028842656e-03
2.4500000052290866e-03
2.3500000085747339e-03
2.2499900109207490e-03
2.1500000052300707e-03
2.0500000005378768e-03
1.9500000051563382e-03
1.8500000051564595e-03
1.7500000051567004e-03
1.6500000051567687e-03
1.5500000051562898e-03
1.4499900041569076e-03
1.1500129283266560e-03
5.0000000030703306e-04
-1.4999999320141358e-04
-7.9999999217841638e-04
-1.4499999921774658e-03
-2.0999999921773541e-03
-2.7499999921775835e-03
-2.6499999941023106e-03
-2.5500099950264174e-03
-2.4499999948006022e-03
-2.3499999955743675e-03
-2.2500099953479871e-03
-2.1499999947999747e-03
-2.0499999952519636e-03
-1.9499999948724730e-03
-1.8499999948719107e-03
-1.7499999948712935e-03
-1.6499999948709119e-03
-1.5499999948705690e-03
-1.4500099938706519e-03
-1.1499878119637661e-03
-4.9999999969480642e-04
1.5000000684502340e-04
8.0000000786777179e-04
1.4500000078673247e-03
2.1000000078671031e-03
2.7500000078674791e-03
2.6500000058786114e-03
2.5499900028878725e-03
2.4500000052323696e-03
2.3500000085777280e-03
2.2499900109239743e-03
2.1500000052321715e-03
2.0500000005405795e-03
1.9500000051592783e-03
1.8500000051586592e-03
1.7500000051584863e-03
1.6500000051583904e-03
1.5500000051584780e-03
1.4499900041582382e-03
1.1500129283282116e-03
5.0000000030888813e-04
-1.4999999319906669e-04
-7.9999999217615354e-04
-1.4499999921764298e-03
-2.0999999921770631e-03
-2.7499999921765262e-03
-2.6499999941007775e-03
-2.5500099950250322e-03
-2.4499999947987694e-03
-2.3499999955734247e-03
-2.2500099953476427e-03
-2.1499999947987508e-03
-2.0499999952502852e-03
-1.9499999948725342e-03
-1.8499999948723505e-03
-1.7499999948722479e-03
-1.6499999948728099e-03
-1.5499999948719934e-03
-1.4500099938720044e-03
-1.1499878119655320e-03
-4.9999999969543233e-04
1.5000000684317480e-04
8.0000000786603262e-04
1.4500000078650859e-03
2.1000000078653389e-03
2.7500000078652929e-03
2.6500000058762093e-03
2.5499900028861325e-03
2.4500000052312663e-03
2.3500000085768771e-03
2.2499900109233997e-03
2.1500000052311705e-03
2.0500000005385642e-03
1.9500000051583665e-03
1.8500000051587745e-03
1.7500000051578056e-03
1.6500000051572104e-03
1.5500000051575766e-03
1.4499900041569449e-03
1.1500129283263110e-03
5.0000000030697407e-04
-1.4999999320129684e-04
-7.9999999217794746e-04
-1.4499999921780032e-03
-2.0999999921780840e-03
-2.7499999921779626e-03
-2.6499999941023583e-03
-2.5500099950270675e-03
-2.4499999948009487e-03
-2.3499999955745388e-03
-2.2500099953478231e-03
-2.1499999948002184e-03
-2.0499999952534533e-03
-1.9499999948740881e-03
-1.8499999948733527e-03
-1.7499999948733917e-03
