0.0000000000000000e+00
0.0000000000000000e+00
0.0000000000000000e+00
0.0000000000000000e+00
0.0000000000000000e+00
0.0000000000000000e+00
0.0000000000000000e+00
2.0002268952803661e-04
1.3000000013027042e-03
2.4000000099139974e-03
3.5000000102900410e-03
3.5000000102900410e-03
3.5000000102900410e-03
3.5000000102900410e-03
3.5000000102900410e-03
3.5000000102900410e-03
3.5000000102900410e-03
3.5000000102900410e-03
3.5000000102900410e-03
3.5000000102900410e-03
3.5000000102900410e-03
3.5000000102900410e-03
3.5000000102900410e-03
3.5000000102900410e-03
3.8999072855738859e-03
5.0000000200999201e-03
6.1000000118299541e-03
7.2000000103525034e-03
8.3000000103521619e-03
9.4000000103525022e-03
1.0500000010352692e-02
1.0500000010352692e-02
1.0500000010352692e-02
1.0500000010352692e-02
1.0500000010352692e-02
1.0500000010352692e-02
1.0500000010352692e-02
1.0500000010352692e-02
1.0500000010352692e-02
1.0500000010352692e-02
1.0500000010352692e-02
1.0500000010352692e-02
1.0500000010352692e-02
1.0500000010352692e-02
1.0900091450463738e-02
1.2000000000598372e-02
1.3100000008940278e-02
1.4200000010415284e-02
1.5300000010415205e-02
1.6400000010415000e-02
1.7500000010414886e-02
1.7500000010414886e-02
1.7500000010414886e-02
1.7500000010414886e-02
1.7500000010414886e-02
1.7500000010414886e-02
1.7500000010414886e-02
1.7500000010414886e-02
1.7500000010414886e-02
1.7500000010414886e-02
1.7500000010414886e-02
1.7500000010414886e-02
1.7500000010414886e-02
1.7500000010414886e-02
1.7899907285697764e-02
1.9000000020224131e-02
2.0100000011954285e-02
2.1200000010476651e-02
2.2300000010476592e-02
2.3400000010476769e-02
2.4500000010476551e-02
2.4500000010476551e-02
2.4500000010476551e-02
2.4500000010476551e-02
2.4500000010476551e-02
2.4500000010476551e-02
2.4500000010476551e-02
2.4500000010476551e-02
2.4500000010476551e-02
2.4500000010476551e-02
2.4500000010476551e-02
2.4500000010476551e-02
2.4500000010476551e-02
2.4500000010476551e-02
2.4900091450586869e-02
2.6000000000721495e-02
2.7100000009063714e-02
2.8200000010538927e-02
2.9300000010538389e-02
3.0400000010538449e-02
3.1500000010538563e-02
3.1500000010538563e-02
3.1500000010538563e-02
3.1500000010538563e-02
3.1500000010538563e-02
3.1500000010538563e-02
3.1500000010538563e-02
3.1500000010538563e-02
3.1500000010538563e-02
3.1500000010538563e-02
3.1500000010538563e-02
3.1500000010538563e-02
3.1500000010538563e-02
3.1500000010538563e-02
3.1899907285821018e-02
3.3000000020347600e-02
3.4100000012077747e-02
3.5200000010600349e-02
3.6300000010600263e-02
3.7400000010600606e-02
3.8500000010600610e-02
3.8500000010600610e-02
3.8500000010600610e-02
3.8500000010600610e-02
3.8500000010600610e-02
3.8500000010600610e-02
3.8500000010600610e-02
3.8500000010600610e-02
3.8500000010600610e-02
3.8500000010600610e-02
3.8500000010600610e-02
3.8500000010600610e-02
3.8500000010600610e-02
3.8500000010600610e-02
3.8900091450711466e-02
4.0000000000845720e-02
4.1100000009187433e-02
4.2200000010662313e-02
4.3300000010661678e-02
4.4400000010661564e-02
4.5500000010661533e-02
4.5500000010661533e-02
4.5500000010661533e-02
4.5500000010661533e-02
4.5500000010661533e-02
4.5500000010661533e-02
4.5500000010661533e-02
4.5500000010661533e-02
4.5500000010661533e-02
4.5500000010661533e-02
4.5500000010661533e-02
4.5500000010661533e-02
4.5500000010661533e-02
4.5500000010661533e-02
4.5899907285943925e-02
4.7000000020470181e-02
4.8100000012199967e-02
4.9200000010721889e-02
5.0300000010721907e-02
5.1400000010721980e-02
5.2500000010722025e-02
5.2500000010722025e-02
5.2500000010722025e-02
5.2500000010722025e-02
5.2500000010722025e-02
5.2500000010722025e-02
5.2500000010722025e-02
5.2500000010722025e-02
5.2500000010722025e-02
5.2500000010722025e-02
5.2500000010722025e-02
