0.0000000000000000e+00
-1.8587725300331075e-11
8.6574434861052237e-10
-8.8026394550750637e-03
8.2453956485920211e-09
5.2993090043763218e-06
-8.7920461549642007e-03
-2.2995602933467696e-03
1.2523502075536678e-08
3.8347401881302896e-07
3.9187555088790974e-07
7.3933337463033018e-08
-8.7976053993394331e-03
8.3779060132528583e-09
-5.0144446589806454e-06
-8.8073939833516850e-03
8.3664348102261145e-09
4.7648552521781037e-06
1.0672138388324013e-09
9.3388655374838973e-10
9.8026178082671465e-10
1.0463239175927789e-09
1.0233477132653934e-09
-8.7973602795661729e-03
-9.2113195917385687e-03
4.4977044122638766e-09
3.5761781145408499e-07
3.9049101449773876e-07
3.9051021403418678e-07
3.9055317133915165e-07
3.9062331796233001e-07
7.8513301093763228e-08
-8.8028747887693663e-03
8.4253041523938519e-09
5.5350247143072036e-06
-8.7915750605058358e-03
8.4224760055788589e-09
-5.7738796816907513e-06
1.0531131406581033e-09
1.1265407615723709e-09
1.1517351952831406e-09
1.1905922024435476e-09
1.2034213748760108e-09
-8.8026399890740511e-03
-9.2071772518149721e-03
4.8628844629683828e-09
3.5871706881541075e-07
3.9207572927232741e-07
3.9208488978240407e-07
3.9208376379998174e-07
3.9202392154554483e-07
7.4158187855492806e-08
-8.7976051284522263e-03
8.6342323620973181e-09
-5.0142981290693727e-06
-8.8073938532663935e-03
8.7329158426746655e-09
4.7653998580645603e-06
1.2697502791717288e-09
1.2856921399369642e-09
1.3797917663684607e-09
1.3929836654144967e-09
1.2478497001889648e-09
-8.7973598952765866e-03
-9.2113192451269317e-03
4.8745816731579333e-09
3.5793780029954706e-07
3.9091777256177843e-07
3.9099076123165032e-07
3.9103548834153848e-07
3.9098963635829556e-07
7.8712573275413091e-08
-8.8028746491724125e-03
8.5963187666488672e-09
5.5352448651272468e-06
-8.7915747674722107e-03
8.6791150753324400e-09
-5.7736486548694299e-06
1.3995043713698250e-09
1.4631618080391515e-09
1.5972659262048841e-09
1.6162132716349542e-09
1.7270825652869344e-09
-8.8026394704326799e-03
-9.2071766331012252e-03
5.1619615954206896e-09
3.5932632939286172e-07
3.9259292799415879e-07
3.9257127487040252e-07
3.9253541029749583e-07
3.9257358002078988e-07
7.4687759627758775e-08
-8.7976047121470901e-03
9.0095446126327516e-09
-5.0138835033651681e-06
-8.8073933884044390e-03
9.0206110032277814e-09
4.7657206648156135e-06
1.7154441303658266e-09
1.5675059797054658e-09
1.5209378585246145e-09
1.4526936972619255e-09
1.4406112814152731e-09
-8.7973597197716896e-03
-9.2113191769947599e-03
5.0317991238499014e-09
3.5816699367897074e-07
3.9111553551527150e-07
3.9106442543367861e-07
3.9097522375834548e-07
3.9104527064267285e-07
7.8869825653100643e-08
-8.8028744472466117e-03
8.8843403142462286e-09
5.5353822872496996e-06
-8.7915747075254340e-03
8.8861368020298829e-09
-5.7733864953611116e-06
1.4346516872524512e-09
1.4360951395668830e-09
1.4407669355708540e-09
1.2834760422431159e-09
1.4259449335593147e-09
-8.8026398347199070e-03
-9.2071770070880788e-03
4.9880389399684661e-09
3.5907243600710406e-07
3.9236962689865747e-07
3.9231177739308002e-07
3.9233853584577374e-07
3.9232706810206289e-07
7.4391817940961681e-08
-8.7976050400217359e-03
8.7191794946226902e-09
-5.0141560064639048e-06
-8.8073935923871915e-03
8.7285901017156586e-09
4.7652877553660238e-06
1.4055699511113142e-09
1.4710405869150296e-09
1.3589918281472353e-09
1.2879650548741420e-09
1.2954601414786790e-09
-8.7973600394497253e-03
-9.2113195300976385e-03
4.6603828819353677e-09
3.5771710910594338e-07
3.9073086302768444e-07
3.9075379869317009e-07
3.9069769566694519e-07
3.9077362014184885e-07
7.8585331051795993e-08
-8.8028748300220724e-03
8.4522305658758129e-09
5.5351286036482371e-06
-8.7915748307243521e-03
8.5296948176948554e-09
-5.7739475374529804e-06
1.0709323266860531e-09
1.1946687162443166e-09
1.1999326762716300e-09
