0.0000000000000000e+00
5.0535810150800434e-11
7.9867001703737321e-10
-8.8026395317879636e-03
8.1494034044474758e-09
5.2992053962227998e-06
-8.7920462722918952e-03
-2.2995603661948960e-03
1.2471856224477318e-08
3.8341998983668304e-07
3.9184119156968432e-07
7.3910742137966523e-08
-8.7976054386976477e-03
8.4652077110640139e-09
-5.0144525583227535e-06
-8.8073940256507589e-03
8.3458922869396299e-09
4.7648862396314949e-06
1.0624874424218753e-09
9.6636886580865947e-10
1.0687367208521735e-09
1.0897259127531825e-09
1.0336141286263612e-09
-8.7973602300739067e-03
-9.2113196128380866e-03
4.5055012093583010e-09
3.5758300046709228e-07
3.9042450436936852e-07
3.9043694171458533e-07
3.9046386373809996e-07
3.9059366615191993e-07
7.8414169632416405e-08
-8.8028749096581514e-03
8.4245725303938504e-09
5.5350879598229152e-06
-8.7915749083489064e-03
8.4716078176815601e-09
-5.7739518164411244e-06
1.1060723485114964e-09
1.1745110467950240e-09
1.1898949446421064e-09
1.2292726882727973e-09
1.2264337808352814e-09
-8.8026399597728733e-03
-9.2071772931922348e-03
4.8051059044132705e-09
3.5873069466300086e-07
3.9204062465865303e-07
3.9205482850152769e-07
3.9202302168930095e-07
3.9192687388882595e-07
7.4068143546494144e-08
-8.7976052652382567e-03
8.5568828938685891e-09
-5.0144917654401070e-06
-8.8073940264979406e-03
8.5212724678791473e-09
4.7652362789301195e-06
1.1095551675977596e-09
1.1050901231168708e-09
1.2022056757038728e-09
1.2275226738277893e-09
1.0474842751624338e-09
-8.7973601706172813e-03
-9.2113194648647291e-03
4.7240220490125790e-09
3.5783191941519522e-07
3.9084190887214436e-07
3.9080358063709519e-07
3.9088525608630797e-07
3.9086654853862669e-07
7.8575927439003983e-08
-8.8028748137540802e-03
8.4162245052233109e-09
5.5351150303412724e-06
-8.7915749050356019e-03
8.4846457923628738e-09
-5.7739511594347046e-06
1.0936457474856703e-09
1.1630871722806186e-09
1.3124386400767034e-09
1.3401618635104078e-09
1.4768321216066067e-09
-8.8026397214750439e-03
-9.2071769227538690e-03
5.0241419403083282e-09
3.5913770062861718e-07
3.9245615899884777e-07
3.9244007418409413e-07
3.9240502506197831e-07
3.9241284351936555e-07
7.4437026933930211e-08
-8.7976049153319375e-03
8.8366743337021410e-09
-5.0140731686202450e-06
-8.8073935869792883e-03
8.9009523847343813e-09
4.7655341229953902e-06
1.5529452311534040e-09
1.4359168316848185e-09
1.3576147285764205e-09
1.2783769601625834e-09
1.2709743561278203e-09
-8.7973598446158454e-03
-9.2113193096988576e-03
4.8740175908311911e-09
3.5798542067086598e-07
3.9093040551314358e-07
3.9090538993170199e-07
3.9082598125769410e-07
3.9084783230427129e-07
7.8635848385735490e-08
-8.8028746445106172e-03
8.7290329077640021e-09
5.5352917832295380e-06
-8.7915747699546763e-03
8.7114328071769846e-09
-5.7737268982924172e-06
1.3121717325774845e-09
1.2674668208224751e-09
1.3063443794829349e-09
1.1339906257854129e-09
1.2403597711946240e-09
-8.8026400829265584e-03
-9.2071771919496163e-03
4.8096724122334921e-09
3.5895694522221741e-07
3.9224676285289943e-07
3.9221051304499423e-07
3.9217450533465333e-07
3.9216973856745326e-07
7.4165613820102199e-08
-8.7976053116210120e-03
8.4822956224670950e-09
-5.0143218681229584e-06
-8.8073937324198888e-03
8.5869581623059678e-09
4.7651048260707652e-06
1.2609455359137316e-09
1.2930018693962428e-09
1.2494835592963136e-09
1.2173753548000199e-09
1.1105746985181296e-09
-8.7973602325204982e-03
-9.2113196408482884e-03
4.5636449778695318e-09
3.5761727413351855e-07
3.9063535886098999e-07
3.9065414582805514e-07
3.9055739880049077e-07
3.9066174053019756e-07
7.8447322365155948e-08
-8.8028749672567526e-03
8.3318135772518531e-09
5.5350523895457210e-06
-8.7915748566370928e-03
8.3619182582842455e-09
-5.7741236001983535e-06
9.9915347944401510e-10
1.1088887486672938e-09
1.1493371354769050e-09
