0.0000000000000000e+00
4.4000000002331312e+01
8.8000000002138293e+01
1.3201320572442393e+02
1.7600000001958779e+02
2.1999998858827405e+02
2.6401318287029801e+02
3.0800090758112123e+02
3.5200000005210745e+02
3.9600000039655981e+02
4.4000000041160121e+02
3.9600000017213324e+02
3.5201319421513836e+02
3.0800000001951071e+02
2.6400001153737793e+02
2.2001321732870250e+02
1.7600000001952881e+02
1.3199998844158500e+02
8.8000000002012357e+01
4.4000000001998551e+01
1.9867251032585481e-09
4.3999999998016492e+01
8.7999999998046007e+01
1.3198680571566624e+02
1.7599629059975177e+02
2.1999999998079301e+02
2.6399999964999427e+02
3.0799999959089638e+02
3.5199999959088279e+02
3.9599999959089632e+02
4.3999999959090394e+02
3.9599999981330166e+02
3.5198679431328628e+02
3.0799999998040295e+02
2.6400001137423521e+02
2.1998681705462403e+02
1.7599999998040670e+02
1.3199998861462075e+02
8.7999999997790667e+01
4.3999999997798071e+01
2.1899093954530562e-09
4.4000000002194717e+01
8.8000000002192166e+01
1.3201320572465147e+02
1.7600365801353703e+02
2.2000000001892252e+02
2.6400000035259853e+02
3.0800000041159882e+02
3.5200000041159569e+02
3.9600000041158785e+02
4.4000000041158307e+02
3.9600000017222067e+02
3.5201319421523567e+02
3.0800000001956732e+02
2.6400001153738759e+02
2.2001321732868419e+02
1.7600000001964366e+02
1.3199998844180504e+02
8.8000000002198547e+01
4.4000000002191683e+01
2.1736375052427563e-09
4.3999999997858204e+01
8.7999999997879314e+01
1.3198680571538148e+02
1.7599629059973157e+02
2.1999999998078619e+02
2.6399999964999262e+02
3.0799999959088683e+02
3.5199999959088467e+02
3.9599999959089206e+02
4.3999999959088308e+02
3.9599999981329842e+02
3.5198679431324587e+02
3.0799999998042750e+02
2.6400001137418712e+02
2.1998681705457363e+02
1.7599999998043381e+02
1.3199998861475626e+02
8.7999999997902194e+01
4.3999999997804942e+01
2.1997361329078679e-09
4.4000000002269601e+01
8.8000000002243610e+01
1.3201320572458624e+02
1.7600365801352970e+02
2.2000000001891493e+02
2.6400000035260331e+02
3.0800000041161201e+02
3.5200000041159046e+02
3.9600000041159274e+02
4.4000000041159740e+02
3.9600000017220947e+02
3.5201319421522800e+02
3.0800000001949979e+02
2.6400001153728908e+02
2.2001321732860450e+02
1.7600000001959023e+02
1.3199998844179683e+02
8.8000000002172555e+01
4.4000000002193268e+01
2.1749900659608815e-09
4.3999999997883315e+01
8.7999999997864620e+01
1.3198680571547197e+02
1.7599629059969985e+02
2.1999999998076311e+02
2.6399999964996846e+02
3.0799999959087307e+02
3.5199999959086898e+02
3.9599999959088348e+02
4.3999999959088348e+02
3.9599999981325186e+02
3.5198679431324740e+02
3.0799999998034315e+02
2.6400001137411840e+02
2.1998681705452196e+02
1.7599999998034284e+02
1.3199998861469081e+02
8.7999999997835303e+01
4.3999999997782112e+01
2.2518925997587616e-09
4.4000000002248115e+01
8.8000000002227338e+01
1.3201320572466483e+02
1.7600365801355025e+02
2.2000000001892056e+02
2.6400000035258847e+02
3.0800000041158415e+02
3.5200000041155920e+02
3.9600000041155477e+02
4.4000000041155317e+02
3.9600000017213313e+02
3.5201319421518008e+02
3.0800000001955959e+02
2.6400001153747201e+02
2.2001321732886495e+02
1.7600000001967510e+02
1.3199998844165756e+02
8.8000000002135266e+01
4.4000000002133213e+01
2.1000066874170549e-09
4.3999999997943263e+01
8.7999999997907864e+01
1.3198680571548812e+02
1.7599629059974191e+02
2.1999999998079204e+02
2.6399999964998335e+02
3.0799999959085932e+02
3.5199999959086040e+02
3.9599999959086409e+02
4.3999999959086676e+02
3.9599999981328892e+02
3.5198679431332965e+02
3.0799999998040096e+02
2.6400001137410959e+02
2.1998681705440956e+02
1.7599999998037359e+02
1.3199998861485781e+02
8.7999999997857074e+01
4.3999999997822670e+01
2.1875972642874893e-09
