0.0000000000000000e+00
-4.4000000002315339e+01
-8.8000000001306120e+01
-1.3202200836391737e+02
-1.7600000001139034e+02
-2.1999998328901694e+02
-2.6402197491651168e+02
-3.0800320714145101e+02
-3.5200000003960980e+02
-3.9600000001311298e+02
-4.4000000001974297e+02
-3.9600000009821122e+02
-3.5202199182055750e+02
-3.0800000001108936e+02
-2.6400001655182655e+02
-2.2002202472270704e+02
-1.7600000001117263e+02
-1.3199998367671429e+02
-8.8000000000947537e+01
-4.4000000001048406e+01
-9.6039927898940823e-10
4.3999999999084530e+01
8.7999999999074504e+01
1.3197800835541136e+02
1.7598707928014949e+02
2.1999999998529466e+02
2.6400000000759479e+02
3.0799999998135422e+02
3.5199999998135615e+02
3.9599999998140487e+02
4.3999999998151247e+02
3.9599999989176536e+02
3.5197799143843690e+02
3.0799999998882799e+02
2.6400001690929156e+02
2.1997802547963963e+02
1.7599999998885374e+02
1.3199998284070497e+02
8.7999999998870294e+01
4.3999999998948624e+01
-1.0183199162197982e-09
-4.4000000000984777e+01
-8.8000000000977252e+01
-1.3202200836462598e+02
-1.7601286519080952e+02
-2.2000000001408858e+02
-2.6399999999387467e+02
-3.0800000001954066e+02
-3.5200000001952594e+02
-3.9600000001953458e+02
-4.4000000001960768e+02
-3.9600000009810788e+02
-3.5202199182043262e+02
-3.0800000001097152e+02
-2.6400001655178238e+02
-2.2002202472262400e+02
-1.7600000001101657e+02
-1.3199998367648701e+02
-8.8000000001008942e+01
-4.4000000000996287e+01
-8.8098752570819741e-10
4.3999999999168438e+01
8.7999999999026926e+01
1.3197800835534858e+02
1.7598707928037646e+02
2.1999999998558553e+02
2.6400000000787736e+02
3.0799999998176668e+02
3.5199999998178174e+02
3.9599999998185251e+02
4.3999999998181119e+02
3.9599999989194276e+02
3.5197799143851444e+02
3.0799999998893367e+02
2.6400001690936699e+02
2.1997802547973743e+02
1.7599999998901561e+02
1.3199998284095625e+02
8.7999999999148827e+01
4.3999999999118046e+01
-7.4253350756930024e-10
-4.4000000000791402e+01
-8.8000000000641620e+01
-1.3202200836418220e+02
-1.7601286519030768e+02
-2.2000000001382196e+02
-2.6399999999337143e+02
-3.0800000001908739e+02
-3.5200000001908489e+02
-3.9600000001912252e+02
-4.4000000001910394e+02
-3.9600000009764716e+02
-3.5202199182004188e+02
-3.0800000001057668e+02
-2.6400001655126727e+02
-2.2002202472209223e+02
-1.7600000001062941e+02
-1.3199998367616945e+02
-8.8000000000538321e+01
-4.4000000000691557e+01
-7.3415355326303632e-10
4.3999999999248843e+01
8.7999999999220393e+01
1.3197800835568978e+02
1.7598707928045656e+02
2.1999999998571593e+02
2.6400000000804459e+02
3.0799999998189594e+02
3.5199999998185388e+02
3.9599999998178419e+02
4.3999999998182989e+02
3.9599999989200467e+02
3.5197799143870151e+02
3.0799999998915001e+02
2.6400001690945544e+02
2.1997802547978301e+02
1.7599999998914168e+02
1.3199998284113411e+02
8.7999999999208683e+01
4.3999999999133863e+01
-8.7748185445147859e-10
-4.4000000001039396e+01
-8.8000000000894175e+01
-1.3202200836462373e+02
-1.7601286519064979e+02
-2.2000000001402179e+02
-2.6399999999357385e+02
-3.0800000001927606e+02
-3.5200000001929806e+02
-3.9600000001929823e+02
-4.4000000001930511e+02
-3.9600000009785413e+02
-3.5202199182035594e+02
-3.0800000001095879e+02
-2.6400001655171087e+02
-2.2002202472252748e+02
-1.7600000001101742e+02
-1.3199998367646126e+02
-8.8000000000801961e+01
-4.4000000000751186e+01
-7.9579124052702783e-10
4.3999999999195929e+01
8.7999999999110912e+01
1.3197800835535210e+02
1.7598707928015648e+02
2.1999999998540406e+02
2.6400000000765050e+02
3.0799999998154237e+02
3.5199999998156437e+02
3.9599999998149167e+02
4.3999999998158438e+02
3.9599999989180554e+02
3.5197799143843110e+02
3.0799999998879292e+02
2.6400001690920010e+02
2.1997802547956604e+02
1.7599999998881944e+02
1.3199998284082218e+02
8.7999999998892136e+01
4.3999999998974459e+01
-1.0140068376802401e-09
