0.0000000000000000e+00
0.0000000000000000e+00
0.0000000000000000e+00
0.0000000000000000e+00
0.0000000000000000e+00
0.0000000000000000e+00
0.0000000000000000e+00
-1.3009561326843233e+00
-8.4870151981087645e+00
-1.5816757072186689e+01
-2.3150002241671505e+01
-2.3328861932586790e+01
-2.3333226888967729e+01
-2.3336583206356067e+01
-2.3339933694552755e+01
-2.3343284150147753e+01
-2.3346634606645459e+01
-2.3349985064241729e+01
-2.3349985064241729e+01
-2.3349985064241729e+01
-2.3349985064241729e+01
-2.3350004403463299e+01
-2.3350004403463299e+01
-2.3350004403463299e+01
-2.3350004403463295e+01
-2.3350004487419660e+01
-2.3350004487419660e+01
-2.3350004487419660e+01
-2.3350004487419660e+01
-2.3350004487419667e+01
-2.3350004487419667e+01
-2.3350004487419667e+01
-2.3350004487419667e+01
-2.3350004487419678e+01
-2.3350004487419678e+01
-2.3350004487419678e+01
-2.3350004487419678e+01
-2.3350004487419678e+01
-2.3350004487419678e+01
-2.3350004487419678e+01
-2.3350004487419678e+01
-2.3350004487419678e+01
-2.3350004487419678e+01
-2.3350004487419678e+01
-2.3350004487419678e+01
-2.3350004487419678e+01
-2.3350004487419678e+01
-2.3350004487419678e+01
-2.3350004487419678e+01
-2.3350004487419678e+01
-2.3350004487419678e+01
-2.3350004487419678e+01
-2.3350004487419664e+01
-2.3350004487419664e+01
-2.3350004487419664e+01
-2.3350004487419664e+01
-2.3350004487419671e+01
-2.3350004487419671e+01
-2.3350004487419671e+01
-2.3350004487419671e+01
-2.3350004487419671e+01
-2.3350004487419675e+01
-2.3350004487419675e+01
-2.3350004487419675e+01
-2.3350004487419689e+01
-2.3350004487419675e+01
-2.3350004487419675e+01
-2.3350004487419675e+01
-2.3350004487419675e+01
-2.3350004487419675e+01
-2.3350004487419675e+01
-2.3350004487419675e+01
-2.3350004487419675e+01
-2.3350004487419675e+01
-2.3350004487419675e+01
-2.3350004487419675e+01
-2.3350004487419675e+01
-2.3350004487419675e+01
-2.3350004487419675e+01
-2.3350004487419675e+01
-2.3350004487419675e+01
-2.3350004487419675e+01
-2.3350004487419675e+01
-2.3350004487419675e+01
-2.3350004487419675e+01
-2.3350004487419675e+01
-2.3350004487419675e+01
-2.3350004487419675e+01
-2.3350004487419675e+01
-2.3350004487419657e+01
-2.3350004487419657e+01
-2.3350004487419657e+01
-2.3350004487419660e+01
-2.3350004487419660e+01
-2.3350004487419660e+01
-2.3350004487419660e+01
-2.3350004487419646e+01
-2.3350004487419643e+01
-2.3350004487419643e+01
-2.3350004487419643e+01
-2.3350004487419643e+01
-2.3350004487419643e+01
-2.3350004487419643e+01
-2.3350004487419643e+01
-2.3350004487419643e+01
-2.3350004487419643e+01
-2.3350004487419643e+01
-2.3350004487419643e+01
-2.3350004487419643e+01
-2.3350004487419643e+01
-2.3350004487419643e+01
-2.3350004487419643e+01
-2.3350004487419643e+01
-2.3350004487419643e+01
-2.3350004487419643e+01
-2.3350004487419643e+01
-2.3350004487419632e+01
-2.3350004487419632e+01
-2.3350004487419632e+01
-2.3350004487419632e+01
-2.3350004487419632e+01
-2.3350004487419639e+01
-2.3350004487419639e+01
-2.3350004487419639e+01
-2.3350004487419632e+01
-2.3350004487419632e+01
-2.3350004487419632e+01
-2.3350004487419632e+01
-2.3350004487419621e+01
-2.3350004487419628e+01
-2.3350004487419628e+01
-2.3350004487419628e+01
-2.3350004487419614e+01
-2.3350004487419618e+01
-2.3350004487419618e+01
-2.3350004487419618e+01
-2.3350004487419618e+01
-2.3350004487419618e+01
-2.3350004487419618e+01
-2.3350004487419618e+01
-2.3350004487419618e+01
-2.3350004487419618e+01
-2.3350004487419618e+01
-2.3350004487419618e+01
-2.3350004487419618e+01
-2.3350004487419618e+01
-2.3350004487419618e+01
-2.3350004487419618e+01
-2.3350004487419618e+01
-2.3350004487419618e+01
-2.3350004487419618e+01
-2.3350004487419618e+01
-2.3350004487419611e+01
-2.3350004487419614e+01
-2.3350004487419614e+01
-2.3350004487419614e+01
-2.3350004487419614e+01
-2.3350004487419611e+01
-2.3350004487419611e+01
-2.3350004487419611e+01
-2.3350004487419604e+01
