0.0000000000000000e+00
0.0000000000000000e+00
0.0000000000000000e+00
0.0000000000000000e+00
0.0000000000000000e+00
0.0000000000000000e+00
0.0000000000000000e+00
6.5047806634205574e-01
4.2435075990538351e+00
7.9083785360926147e+00
1.1575001120834067e+01
1.1664430966291702e+01
1.1666613444482167e+01
1.1668291603176353e+01
1.1669966847274701e+01
1.1671642075072189e+01
1.1673317303321044e+01
1.1674992532119161e+01
1.1674992532119145e+01
1.1674992532119150e+01
1.1674992532119106e+01
1.1675002201729901e+01
1.1675002201729903e+01
1.1675002201729910e+01
1.1675002201729901e+01
1.1675002243708073e+01
1.1675002243708073e+01
1.1675002243708080e+01
1.1675002243708077e+01
1.1675002243708064e+01
1.1675002243708064e+01
1.1675002243708050e+01
1.1675002243708052e+01
1.1675002243708066e+01
1.1675002243708064e+01
1.1675002243708064e+01
1.1675002243708068e+01
1.1675002243708066e+01
1.1675002243708066e+01
1.1675002243708079e+01
1.1675002243708079e+01
1.1675002243708084e+01
1.1675002243708070e+01
1.1675002243708061e+01
1.1675002243708061e+01
1.1675002243708049e+01
1.1675002243708033e+01
1.1675002243708024e+01
1.1675002243708031e+01
1.1675002243708038e+01
1.1675002243708033e+01
1.1675002243708029e+01
1.1675002243708040e+01
1.1675002243708038e+01
1.1675002243708018e+01
1.1675002243708015e+01
1.1675002243708022e+01
1.1675002243708006e+01
1.1675002243708004e+01
1.1675002243707993e+01
1.1675002243707990e+01
1.1675002243707974e+01
1.1675002243707981e+01
1.1675002243707974e+01
1.1675002243707954e+01
1.1675002243707949e+01
1.1675002243707947e+01
1.1675002243707961e+01
1.1675002243707947e+01
1.1675002243707951e+01
1.1675002243707960e+01
1.1675002243707986e+01
1.1675002243707983e+01
1.1675002243707993e+01
1.1675002243707993e+01
1.1675002243708017e+01
1.1675002243708033e+01
1.1675002243708040e+01
1.1675002243708041e+01
1.1675002243708054e+01
1.1675002243708040e+01
1.1675002243708038e+01
1.1675002243708022e+01
1.1675002243708015e+01
1.1675002243708015e+01
1.1675002243708008e+01
1.1675002243708004e+01
1.1675002243707988e+01
1.1675002243707976e+01
1.1675002243707976e+01
1.1675002243707976e+01
1.1675002243708001e+01
1.1675002243707988e+01
1.1675002243707981e+01
1.1675002243707995e+01
1.1675002243707993e+01
1.1675002243708004e+01
1.1675002243708001e+01
1.1675002243707986e+01
1.1675002243707979e+01
1.1675002243707990e+01
1.1675002243708009e+01
1.1675002243708008e+01
1.1675002243708001e+01
1.1675002243708011e+01
1.1675002243708015e+01
1.1675002243708033e+01
1.1675002243708025e+01
1.1675002243708008e+01
1.1675002243708008e+01
1.1675002243708018e+01
1.1675002243708013e+01
1.1675002243707997e+01
1.1675002243708001e+01
1.1675002243708022e+01
1.1675002243708033e+01
1.1675002243708050e+01
1.1675002243708070e+01
1.1675002243708056e+01
1.1675002243708054e+01
1.1675002243708049e+01
1.1675002243708040e+01
1.1675002243708036e+01
1.1675002243708054e+01
1.1675002243708064e+01
1.1675002243708088e+01
1.1675002243708098e+01
1.1675002243708114e+01
1.1675002243708100e+01
1.1675002243708089e+01
1.1675002243708104e+01
1.1675002243708107e+01
1.1675002243708105e+01
1.1675002243708104e+01
1.1675002243708098e+01
1.1675002243708082e+01
1.1675002243708098e+01
1.1675002243708107e+01
1.1675002243708111e+01
1.1675002243708134e+01
1.1675002243708127e+01
1.1675002243708120e+01
1.1675002243708132e+01
1.1675002243708118e+01
1.1675002243708136e+01
1.1675002243708132e+01
1.1675002243708123e+01
1.1675002243708130e+01
1.1675002243708159e+01
1.1675002243708169e+01
1.1675002243708143e+01
1.1675002243708160e+01
1.1675002243708143e+01
1.1675002243708139e+01
1.1675002243708130e+01
1.1675002243708139e+01
1.1675002243708159e+01
1.1675002243708160e+01
1.1675002243708171e+01
1.1675002243708171e+01
1.1675002243708189e+01
