0.0000000000000000e+00
0.0000000000000000e+00
0.0000000000000000e+00
0.0000000000000000e+00
0.0000000000000000e+00
0.0000000000000000e+00
0.0000000000000000e+00
6.5047806634226979e-01
4.2435075990549329e+00
7.9083785360940695e+00
1.1575001120837412e+01
1.1664430966295065e+01
1.1666613444485535e+01
1.1668291603179703e+01
1.1669966847278046e+01
1.1671642075075550e+01
1.1673317303324399e+01
1.1674992532122504e+01
1.1674992532122507e+01
1.1674992532122499e+01
1.1674992532122459e+01
1.1675002201733252e+01
1.1675002201733255e+01
1.1675002201733262e+01
1.1675002201733259e+01
1.1675002243711431e+01
1.1675002243711438e+01
1.1675002243711441e+01
1.1675002243711436e+01
1.1675002243711427e+01
1.1675002243711429e+01
1.1675002243711415e+01
1.1675002243711393e+01
1.1675002243711408e+01
1.1675002243711400e+01
1.1675002243711393e+01
1.1675002243711388e+01
1.1675002243711388e+01
1.1675002243711388e+01
1.1675002243711400e+01
1.1675002243711408e+01
1.1675002243711418e+01
1.1675002243711411e+01
1.1675002243711416e+01
1.1675002243711427e+01
1.1675002243711436e+01
1.1675002243711429e+01
1.1675002243711432e+01
1.1675002243711450e+01
1.1675002243711454e+01
1.1675002243711454e+01
1.1675002243711448e+01
1.1675002243711459e+01
1.1675002243711470e+01
1.1675002243711447e+01
1.1675002243711448e+01
1.1675002243711450e+01
1.1675002243711427e+01
1.1675002243711424e+01
1.1675002243711404e+01
1.1675002243711395e+01
1.1675002243711374e+01
1.1675002243711376e+01
1.1675002243711377e+01
1.1675002243711358e+01
1.1675002243711353e+01
1.1675002243711351e+01
1.1675002243711361e+01
1.1675002243711351e+01
1.1675002243711356e+01
1.1675002243711358e+01
1.1675002243711386e+01
1.1675002243711376e+01
1.1675002243711392e+01
1.1675002243711395e+01
1.1675002243711402e+01
1.1675002243711409e+01
1.1675002243711408e+01
1.1675002243711411e+01
1.1675002243711422e+01
1.1675002243711406e+01
1.1675002243711408e+01
1.1675002243711399e+01
1.1675002243711388e+01
1.1675002243711390e+01
1.1675002243711377e+01
1.1675002243711392e+01
1.1675002243711386e+01
1.1675002243711374e+01
1.1675002243711377e+01
1.1675002243711363e+01
1.1675002243711386e+01
1.1675002243711365e+01
1.1675002243711365e+01
1.1675002243711379e+01
1.1675002243711376e+01
1.1675002243711386e+01
1.1675002243711390e+01
1.1675002243711372e+01
1.1675002243711367e+01
1.1675002243711376e+01
1.1675002243711397e+01
1.1675002243711383e+01
1.1675002243711377e+01
1.1675002243711386e+01
1.1675002243711390e+01
1.1675002243711418e+01
1.1675002243711408e+01
1.1675002243711393e+01
1.1675002243711393e+01
1.1675002243711388e+01
1.1675002243711374e+01
1.1675002243711356e+01
1.1675002243711363e+01
1.1675002243711392e+01
1.1675002243711386e+01
1.1675002243711400e+01
1.1675002243711404e+01
1.1675002243711393e+01
1.1675002243711400e+01
1.1675002243711411e+01
1.1675002243711404e+01
1.1675002243711388e+01
1.1675002243711395e+01
1.1675002243711422e+01
1.1675002243711443e+01
1.1675002243711445e+01
1.1675002243711464e+01
1.1675002243711443e+01
1.1675002243711434e+01
1.1675002243711445e+01
1.1675002243711445e+01
1.1675002243711447e+01
1.1675002243711456e+01
1.1675002243711448e+01
1.1675002243711454e+01
1.1675002243711464e+01
1.1675002243711475e+01
1.1675002243711482e+01
1.1675002243711498e+01
1.1675002243711509e+01
1.1675002243711482e+01
1.1675002243711488e+01
1.1675002243711480e+01
1.1675002243711495e+01
1.1675002243711491e+01
1.1675002243711489e+01
1.1675002243711504e+01
1.1675002243711527e+01
1.1675002243711543e+01
1.1675002243711521e+01
1.1675002243711537e+01
1.1675002243711537e+01
1.1675002243711528e+01
1.1675002243711521e+01
1.1675002243711527e+01
1.1675002243711550e+01
1.1675002243711539e+01
1.1675002243711562e+01
1.1675002243711553e+01
1.1675002243711567e+01
