0.0000000000000000e+00
-4.0000000002097868e-04
-8.0000000001612494e-04
-1.2001600640391729e-03
-1.6000000001420945e-03
-1.9999998721693217e-03
-2.4001598081227035e-03
-2.9951613787179473e-03
-4.4730522801049392e-03
-5.9725137109328218e-03
-7.4725003365046921e-03
-7.4993292952438458e-03
-7.4999843588932401e-03
-7.5006394229714538e-03
-7.5012944874792526e-03
-7.5019495524152819e-03
-7.5026046177809917e-03
-7.5032596835759467e-03
-7.5024977667638515e-03
-7.5017358505324707e-03
-7.5024977624221032e-03
-7.5032596748917067e-03
-7.5025006676637824e-03
-7.5017416610119710e-03
-7.5025006632830340e-03
-7.5032596661305569e-03
-7.5025006802569641e-03
-7.5017416949592006e-03
-7.5025006758759451e-03
-7.5032596573690099e-03
-7.5025006802563465e-03
-7.5017417037202463e-03
-7.5025006758752963e-03
-7.5032596486066571e-03
-7.5025006802563552e-03
-7.5017417124825965e-03
-7.5025006758756519e-03
-7.5032596398456790e-03
-7.5025006802569242e-03
-7.5017417212441765e-03
-7.5025006758762114e-03
-7.5032596310839325e-03
-7.5025006802572868e-03
-7.5017417300073429e-03
-7.5025006758769539e-03
-7.5032596223224930e-03
-7.5025006802583961e-03
-7.5017417387687963e-03
-7.5025006758765210e-03
-7.5032596135601289e-03
-7.5025006802574602e-03
-7.5017417475301829e-03
-7.5025006758760266e-03
-7.5032596047972522e-03
-7.5025006802566050e-03
-7.5017417562925704e-03
-7.5025006758755132e-03
-7.5032595960344145e-03
-7.5025006802565079e-03
-7.5017417650543395e-03
-7.5025006758749919e-03
-7.5032595872714745e-03
-7.5025006802553577e-03
-7.5017417738151961e-03
-7.5025006758746415e-03
-7.5032595785094799e-03
-7.5025006802555260e-03
-7.5017417825772531e-03
-7.5025006758743500e-03
-7.5032595697465138e-03
-7.5025006802553742e-03
-7.5017417913398332e-03
-7.5025006758740499e-03
-7.5032595609839086e-03
-7.5025006802548859e-03
-7.5017418001019111e-03
-7.5025006758737377e-03
-7.5032595522220155e-03
-7.5025006802550299e-03
-7.5017418088639794e-03
-7.5025006758746467e-03
-7.5032595434607018e-03
-7.5025006802558504e-03
-7.5017418176263721e-03
-7.5025006758746926e-03
-7.5032595346982821e-03
-7.5025006802558452e-03
-7.5017418263895368e-03
-7.5025006758741028e-03
-7.5032595259345684e-03
-7.5025006802560525e-03
-7.5017418351529374e-03
-7.5025006758740742e-03
-7.5032595171710906e-03
-7.5025006802562997e-03
-7.5017418439161255e-03
-7.5025006758743891e-03
-7.5032595084084950e-03
-7.5025006802569580e-03
-7.5017418526804498e-03
-7.5025006758752330e-03
-7.5032594996463590e-03
-7.5025006802573960e-03
-7.5017418614438053e-03
-7.5025006758748895e-03
-7.5032594908823512e-03
-7.5025006802577213e-03
-7.5017418702087273e-03
-7.5025006758761984e-03
-7.5032594821195110e-03
-7.5025006802581706e-03
-7.5017418789731704e-03
-7.5025006758767734e-03
-7.5032594733561364e-03
-7.5025006802588532e-03
-7.5017418877369752e-03
-7.5025006758763207e-03
-7.5032594645924123e-03
-7.5025006802578878e-03
-7.5017418964998736e-03
-7.5025006758760605e-03
-7.5032594558278286e-03
-7.5025006802584768e-03
-7.5017419052643098e-03
-7.5025006758760414e-03
-7.5032594470646474e-03
-7.5025006802588003e-03
-7.5017419140285682e-03
-7.5025006758763710e-03
-7.5032594382999458e-03
-7.5025006802582729e-03
-7.5017419227917780e-03
-7.5025006758758297e-03
-7.5032594295351427e-03
-7.5025006802581177e-03
-7.5017419315567876e-03
-7.5025006758756771e-03
-7.5032594207713839e-03
-7.5025006802587743e-03
-7.5017419403210625e-03
-7.5025006758772314e-03
-7.5032594120091767e-03
-7.5025006802600137e-03
-7.5017419490863973e-03
-7.5025006758784648e-03
-7.5032594032457657e-03
-7.5025006802611829e-03
-7.5017419578511909e-03
-7.5025006758781803e-03
-7.5032593944810780e-03
-7.5025006802607970e-03
-7.5017419666157216e-03
-7.5025006758784457e-03
-7.5032593857162514e-03
-7.5025006802605342e-03
-7.5017419753802758e-03
-7.5025006758786972e-03
-7.5032593769522420e-03
-7.5025006802610763e-03
-7.5017419841449584e-03
-7.5025006758774829e-03
