0.0000000000000000e+00
1.0000000000568904e-04
2.0000000000893988e-04
2.9999000101229645e-04
4.0000000008175190e-04
4.9999999815219468e-04
5.9998999722285398e-04
7.9756375359054733e-04
1.4365261400201476e-03
2.0862566725161694e-03
2.7362501704326779e-03
2.7496646458283415e-03
2.7499918738206021e-03
2.7503191017060171e-03
2.7506463294834967e-03
2.7509735571553894e-03
2.7513007847187001e-03
2.7516280121754493e-03
2.7512488793726320e-03
2.7508697464254266e-03
2.7512488796474287e-03
2.7516280127255761e-03
2.7512503298121188e-03
2.7508726467569224e-03
2.7512503300894738e-03
2.7516280132800744e-03
2.7512503361094964e-03
2.7508726587958977e-03
2.7512503363861856e-03
2.7516280138336949e-03
2.7512503361097501e-03
2.7508726582432313e-03
2.7512503363871562e-03
2.7516280143880800e-03
2.7512503361100558e-03
2.7508726576887547e-03
2.7512503363867429e-03
2.7516280149418510e-03
2.7512503361100814e-03
2.7508726571349915e-03
2.7512503363871597e-03
2.7516280154964885e-03
2.7512503361102215e-03
2.7508726565815258e-03
2.7512503363865148e-03
2.7516280160492339e-03
2.7512503361092734e-03
2.7508726560263636e-03
2.7512503363852918e-03
2.7516280166016514e-03
2.7512503361086030e-03
2.7508726554727261e-03
2.7512503363859011e-03
2.7516280171561193e-03
2.7512503361096213e-03
2.7508726549195553e-03
2.7512503363858959e-03
2.7516280177092883e-03
2.7512503361089573e-03
2.7508726543657496e-03
2.7512503363850680e-03
2.7516280182625199e-03
2.7512503361084594e-03
2.7508726538119236e-03
2.7512503363842748e-03
2.7516280188154872e-03
2.7512503361078445e-03
2.7508726532577605e-03
2.7512503363845012e-03
2.7516280193681511e-03
2.7512503361073262e-03
2.7508726527036790e-03
2.7512503363841759e-03
2.7516280199214346e-03
2.7512503361074130e-03
2.7508726521512615e-03
2.7512503363841343e-03
2.7516280204740182e-03
2.7512503361071953e-03
2.7508726515976787e-03
2.7512503363835796e-03
2.7516280210269097e-03
2.7512503361063713e-03
2.7508726510430369e-03
2.7512503363834252e-03
2.7516280215802232e-03
2.7512503361068865e-03
2.7508726504904784e-03
2.7512503363836412e-03
2.7516280221342136e-03
2.7512503361072985e-03
2.7508726499374456e-03
2.7512503363839409e-03
2.7516280226875969e-03
2.7512503361071571e-03
2.7508726493845567e-03
2.7512503363839717e-03
2.7516280232409845e-03
2.7512503361068947e-03
2.7508726488298550e-03
2.7512503363834951e-03
2.7516280237942854e-03
2.7512503361063006e-03
2.7508726482760532e-03
2.7512503363829308e-03
2.7516280243465151e-03
2.7512503361051517e-03
2.7508726477219530e-03
2.7512503363829534e-03
2.7516280249007441e-03
2.7512503361055750e-03
2.7508726471680610e-03
2.7512503363827470e-03
2.7516280254542853e-03
2.7512503361058786e-03
2.7508726466159445e-03
2.7512503363834769e-03
2.7516280260073086e-03
2.7512503361061115e-03
2.7508726460620816e-03
2.7512503363829456e-03
2.7516280265605601e-03
2.7512503361060755e-03
2.7508726455078062e-03
2.7512503363824096e-03
2.7516280271137989e-03
2.7512503361050121e-03
2.7508726449544580e-03
2.7512503363818133e-03
2.7516280276670482e-03
2.7512503361056149e-03
2.7508726444011272e-03
2.7512503363816849e-03
2.7516280282195815e-03
2.7512503361038125e-03
2.7508726438466666e-03
2.7512503363811159e-03
2.7516280287731582e-03
2.7512503361039309e-03
2.7508726432930782e-03
2.7512503363810534e-03
2.7516280293264990e-03
2.7512503361041287e-03
2.7508726427394989e-03
2.7512503363809416e-03
2.7516280298795215e-03
2.7512503361043100e-03
2.7508726421863966e-03
2.7512503363811610e-03
2.7516280304334000e-03
2.7512503361044947e-03
2.7508726416332393e-03
2.7512503363810491e-03
2.7516280309871012e-03
2.7512503361040168e-03
2.7508726410795511e-03
2.7512503363809372e-03
2.7516280315399862e-03
2.7512503361042644e-03
2.7508726405263014e-03
2.7512503363813891e-03
