0.0000000000000000e+00
1.0000000000565927e-04
2.0000000000928119e-04
2.9999000101309345e-04
4.0000000008233764e-04
4.9999999815223306e-04
5.9998999722191127e-04
7.9756375359092029e-04
1.4365261400205397e-03
2.0862566725165649e-03
2.7362501704340635e-03
2.7496646458291820e-03
2.7499918738210114e-03
2.7503191017061203e-03
2.7506463294835345e-03
2.7509735571544834e-03
2.7513007847181732e-03
2.7516280121746700e-03
2.7512488793741885e-03
2.7508697464295765e-03
2.7512488796484005e-03
2.7516280127243115e-03
2.7512503298140877e-03
2.7508726467605970e-03
2.7512503300904678e-03
2.7516280132777108e-03
2.7512503361108330e-03
2.7508726588020378e-03
2.7512503363888259e-03
2.7516280138327504e-03
2.7512503361128292e-03
2.7508726582490079e-03
2.7512503363887148e-03
2.7516280143860218e-03
2.7512503361122008e-03
2.7508726576959707e-03
2.7512503363891811e-03
2.7516280149399953e-03
2.7512503361126601e-03
2.7508726571422609e-03
2.7512503363885453e-03
2.7516280154929614e-03
2.7512503361123656e-03
2.7508726565881139e-03
2.7512503363883553e-03
2.7516280160459414e-03
2.7512503361113308e-03
2.7508726560348481e-03
2.7512503363886325e-03
2.7516280165999127e-03
2.7512503361117840e-03
2.7508726554813651e-03
2.7512503363884069e-03
2.7516280171532548e-03
2.7512503361123027e-03
2.7508726549287476e-03
2.7512503363896880e-03
2.7516280177076911e-03
2.7512503361128990e-03
2.7508726543755383e-03
2.7512503363894942e-03
2.7516280182609530e-03
2.7512503361125885e-03
2.7508726538219099e-03
2.7512503363891611e-03
2.7516280188139919e-03
2.7512503361125647e-03
2.7508726532687574e-03
2.7512503363890731e-03
2.7516280193674962e-03
2.7512503361128027e-03
2.7508726527154933e-03
2.7512503363904127e-03
2.7516280199214602e-03
2.7512503361139377e-03
2.7508726521639688e-03
2.7512503363912397e-03
2.7516280204761311e-03
2.7512503361139824e-03
2.7508726516100837e-03
2.7512503363920854e-03
2.7516280210308818e-03
2.7512503361139928e-03
2.7508726510550750e-03
2.7512503363909210e-03
2.7516280215836102e-03
2.7512503361137664e-03
2.7508726505017875e-03
2.7512503363911374e-03
2.7516280221381597e-03
2.7512503361144807e-03
2.7508726499478006e-03
2.7512503363908468e-03
2.7516280226916098e-03
2.7512503361142725e-03
2.7508726493940829e-03
2.7512503363905732e-03
2.7516280232451683e-03
2.7512503361139542e-03
2.7508726488398492e-03
2.7512503363903958e-03
2.7516280237982436e-03
2.7512503361129138e-03
2.7508726482853756e-03
2.7512503363894287e-03
2.7516280243510046e-03
2.7512503361126631e-03
2.7508726477320760e-03
2.7512503363890566e-03
2.7516280249037075e-03
2.7512503361125061e-03
2.7508726471797149e-03
2.7512503363895063e-03
2.7516280254572490e-03
2.7512503361140110e-03
2.7508726466276561e-03
2.7512503363913508e-03
2.7516280260122573e-03
2.7512503361148220e-03
2.7508726460747533e-03
2.7512503363919796e-03
2.7516280265666255e-03
2.7512503361158715e-03
2.7508726455222096e-03
2.7512503363922103e-03
2.7516280271195686e-03
2.7512503361159513e-03
2.7508726449694621e-03
2.7512503363929203e-03
2.7516280276736632e-03
2.7512503361166460e-03
2.7508726444171964e-03
2.7512503363931930e-03
2.7516280282265889e-03
2.7512503361165051e-03
2.7508726438640087e-03
2.7512503363935040e-03
2.7516280287804558e-03
2.7512503361162336e-03
2.7508726433108223e-03
2.7512503363930131e-03
2.7516280293326074e-03
2.7512503361172189e-03
2.7508726427589543e-03
2.7512503363938097e-03
2.7516280298867431e-03
2.7512503361175984e-03
2.7508726422061864e-03
2.7512503363936900e-03
2.7516280304395648e-03
2.7512503361176079e-03
2.7508726416525394e-03
2.7512503363939615e-03
2.7516280309930886e-03
2.7512503361170333e-03
2.7508726410986938e-03
2.7512503363935122e-03
2.7516280315457620e-03
2.7512503361169973e-03
2.7508726405451700e-03
2.7512503363936701e-03
