0.0000000000000000e+00
0.0000000000000000e+00
0.0000000000000000e+00
0.0000000000000000e+00
0.0000000000000000e+00
0.0000000000000000e+00
0.0000000000000000e+00
1.9514341990264862e-04
1.2730522797163146e-03
2.3725135608280035e-03
3.4725003362507246e-03
3.4993292898880170e-03
3.4999840333451585e-03
3.5004874809534091e-03
3.5009900541829132e-03
3.5014926225221607e-03
3.5019951909968181e-03
3.5024977596362569e-03
3.5024977596362569e-03
3.5024977596362569e-03
3.5024977596362569e-03
3.5025006605194945e-03
3.5025006605194945e-03
3.5025006605194945e-03
3.5025006605194945e-03
3.5025006731129490e-03
3.5025006731129490e-03
3.5025006731129490e-03
3.5025006731129490e-03
3.5025006731129490e-03
3.5025006731129490e-03
3.5025006731129490e-03
3.5025006731129490e-03
3.5025006731129490e-03
3.5025006731129490e-03
3.5025006731129490e-03
3.5025006731129490e-03
3.5025006731129490e-03
3.5025006731129490e-03
3.5025006731129490e-03
3.5025006731129490e-03
3.5025006731129490e-03
3.5025006731129490e-03
3.5025006731129490e-03
3.5025006731129490e-03
3.5025006731129490e-03
3.5025006731129490e-03
3.5025006731129490e-03
3.5025006731129490e-03
3.5025006731129490e-03
3.5025006731129490e-03
3.5025006731129490e-03
3.5025006731129490e-03
3.5025006731129490e-03
3.5025006731129490e-03
3.5025006731129490e-03
3.5025006731129490e-03
3.5025006731129490e-03
3.5025006731129490e-03
3.5025006731129490e-03
3.5025006731129490e-03
3.5025006731129490e-03
3.5025006731129490e-03
3.5025006731129490e-03
3.5025006731129490e-03
3.5025006731129490e-03
3.5025006731129490e-03
3.5025006731129490e-03
3.5025006731129490e-03
3.5025006731129490e-03
3.5025006731129490e-03
3.5025006731129490e-03
3.5025006731129490e-03
3.5025006731129490e-03
3.5025006731129490e-03
3.5025006731129490e-03
3.5025006731129490e-03
3.5025006731129490e-03
3.5025006731129490e-03
3.5025006731129490e-03
3.5025006731129490e-03
3.5025006731129490e-03
3.5025006731129490e-03
3.5025006731129490e-03
3.5025006731129490e-03
3.5025006731129490e-03
3.5025006731129490e-03
3.5025006731129490e-03
3.5025006731129490e-03
3.5025006731129490e-03
3.5025006731129490e-03
3.5025006731129490e-03
3.5025006731129490e-03
3.5025006731129490e-03
3.5025006731129490e-03
3.5025006731129490e-03
3.5025006731129490e-03
3.5025006731129490e-03
3.5025006731129490e-03
3.5025006731129490e-03
3.5025006731129490e-03
3.5025006731129490e-03
3.5025006731129490e-03
3.5025006731129490e-03
3.5025006731129490e-03
3.5025006731129490e-03
3.5025006731129490e-03
3.5025006731129490e-03
3.5025006731129490e-03
3.5025006731129490e-03
3.5025006731129490e-03
3.5025006731129490e-03
3.5025006731129490e-03
3.5025006731129490e-03
3.5025006731129490e-03
3.5025006731129490e-03
3.5025006731129490e-03
3.5025006731129490e-03
3.5025006731129490e-03
3.5025006731129490e-03
3.5025006731129490e-03
3.5025006731129490e-03
3.5025006731129490e-03
3.5025006731129490e-03
3.5025006731129490e-03
3.5025006731129490e-03
3.5025006731129490e-03
3.5025006731129490e-03
3.5025006731129490e-03
3.5025006731129490e-03
3.5025006731129490e-03
3.5025006731129490e-03
3.5025006731129490e-03
3.5025006731129490e-03
3.5025006731129490e-03
3.5025006731129490e-03
3.5025006731129490e-03
3.5025006731129490e-03
3.5025006731129490e-03
3.5025006731129490e-03
3.5025006731129490e-03
3.5025006731129490e-03
3.5025006731129490e-03
3.5025006731129490e-03
3.5025006731129490e-03
3.5025006731129490e-03
3.5025006731129490e-03
3.5025006731129490e-03
3.5025006731129490e-03
3.5025006731129490e-03
3.5025006731129490e-03
3.5025006731129490e-03
3.5025006731129490e-03
3.5025006731129490e-03
3.5025006731129490e-03
3.5025006731129490e-03
3.5025006731129490e-03
3.5025006731129490e-03
3.5025006731129490e-03
3.5025006731129490e-03
3.5025006731129490e-03
