0.0000000000000000e+00
7.6904062990227029e-11
8.8388450175422823e-10
-8.8026394877570094e-03
8.2046344427899974e-09
5.2993381505851388e-06
-8.7920462209292033e-03
-2.1905073561990901e-03
1.1431001256427406e-08
-2.5594606111918880e-05
3.9499747082539317e-07
-7.9988557834531492e-08
-3.9466046489388312e-05
6.5781275435661960e-03
1.3234155937060038e-02
1.9890362012936705e-02
2.6546524222152972e-02
3.3202641478515142e-02
-3.9200693242684612e-07
-3.3203476443695160e-02
-1.5266113960331406e-07
3.3075481469075824e-02
-3.9310550296190591e-07
-3.3076318036491088e-02
-1.5153326777631099e-07
3.3075410422150238e-02
-3.9298078276313671e-07
-3.3076246891349734e-02
-1.5150946972679317e-07
3.3075893381487809e-02
-3.9286430524933345e-07
-3.3076729705896646e-02
-1.5138333665660046e-07
3.3076376425908820e-02
-3.9291584005768654e-07
-3.3077212808839469e-02
-1.5146530509880296e-07
3.3076859347732253e-02
-3.9294569188294706e-07
-3.3077695800070216e-02
-1.5149381157251327e-07
3.3077342369450514e-02
-3.9297568614902627e-07
-3.3078178850646324e-02
-1.5162384301803258e-07
3.3077825202428315e-02
-3.9316044783669490e-07
-3.3078661915113751e-02
-1.5172628935987114e-07
3.3078308066029349e-02
-3.9318530107607779e-07
-3.3079144873016969e-02
-1.5166389045822526e-07
3.3078791143933965e-02
-3.9302216727321416e-07
-3.3079627782524303e-02
-1.5163259823221471e-07
3.3079274048157428e-02
-3.9312341971505159e-07
-3.3080110776050352e-02
-1.5172550687085683e-07
3.3079756950388055e-02
-3.9319359630930320e-07
-3.3080593777173269e-02
-1.5185515822620933e-07
3.3080239784201687e-02
-3.9330637539656055e-07
-3.3081076807488549e-02
-1.5184540315598932e-07
3.3080722642823752e-02
-3.9337439232486761e-07
-3.3081559832496471e-02
-1.5183958010589259e-07
3.3081205627915500e-02
-3.9324484429164815e-07
-3.3082042537423230e-02
-1.5175999629067917e-07
3.3081688501343930e-02
-3.9326676113541434e-07
-3.3082525491323754e-02
-1.5182715918832544e-07
3.3082171393155314e-02
-3.9341664337110238e-07
-3.3083008667439025e-02
-1.5190467396372345e-07
3.3082654309911697e-02
-3.9339493596806724e-07
-3.3083491612048689e-02
-1.5191625902681384e-07
3.3083137360513271e-02
-3.9339417318638171e-07
-3.3083974628261348e-02
-1.5193356133634885e-07
3.3083620305499911e-02
-3.9343624710322918e-07
-3.3084457587192202e-02
-1.5194932792897587e-07
3.3084103253615285e-02
-3.9350937080021492e-07
-3.3084940764361803e-02
-1.5203365267948118e-07
3.3084586184090679e-02
-3.9363690389406018e-07
-3.3085423889405760e-02
-1.5218927371991503e-07
3.3085068992977355e-02
-3.9384090226863600e-07
-3.3085907032498751e-02
-1.5225696511135618e-07
3.3085552030417964e-02
-3.9385786321360809e-07
-3.3086390085968809e-02
-1.5232370232250071e-07
3.3086035008429042e-02
-3.9376352276274890e-07
-3.3086872901547500e-02
-1.5212927291920924e-07
3.3086518012113451e-02
-3.9366625392455072e-07
-3.3087355893559670e-02
-1.5211412352472111e-07
3.3087001155296433e-02
-3.9362020229798565e-07
-3.3087838938903449e-02
-1.5213685848733468e-07
3.3087484116486619e-02
-3.9372064088317023e-07
-3.3088321926314578e-02
-1.5215847770560911e-07
3.3087967168151315e-02
-3.9362758356558791e-07
-3.3088804858433844e-02
-1.5217869037768846e-07
3.3088450119521114e-02
-3.9378835802518764e-07
-3.3089288013770139e-02
-1.5220977075174589e-07
3.3088933148247943e-02
-3.9383977558112412e-07
-3.3089771030288359e-02
-1.5226866566196578e-07
3.3089416054581516e-02
-3.9380299044160813e-07
-3.3090254079901710e-02
-1.5235575722383935e-07
3.3089898980201572e-02
-3.9387367420214924e-07
-3.3090737133577366e-02
-1.5236795499066906e-07
3.3090382001558248e-02
-3.9387352306991239e-07
-3.3091220192289217e-02
-1.5240593941696844e-07
3.3090865072216466e-02
-3.9395408982325368e-07
-3.3091703276193776e-02
-1.5244075151187758e-07
3.3091347988800951e-02
-3.9396046833673903e-07
-3.3092186333593288e-02
-1.5238008224807366e-07
