0.0000000000000000e+00
7.4285577069685568e-11
9.0183751180335365e-10
-8.8026394366523923e-03
8.2476780665981065e-09
5.2993433617902083e-06
-8.7920463052160100e-03
-2.1905073224144250e-03
1.1459959887051628e-08
-2.5594592459763679e-05
3.9507082809196230e-07
-7.9961864424746863e-08
-3.9466058658758316e-05
6.5781275104157075e-03
1.3234155897260985e-02
1.9890361897909999e-02
2.6546524105697362e-02
3.3202641382307586e-02
-3.9191506654159962e-07
-3.3203476114075266e-02
-1.5258698394344539e-07
3.3075481340039715e-02
-3.9295741341211872e-07
-3.3076317746486207e-02
-1.5151373594068732e-07
3.3075410174723451e-02
-3.9291669627069816e-07
-3.3076246414681938e-02
-1.5133767371258551e-07
3.3075893227241623e-02
-3.9267793290277355e-07
-3.3076729259329432e-02
-1.5128282112476828e-07
3.3076376206537361e-02
-3.9274421202755656e-07
-3.3077212178047391e-02
-1.5126014072033759e-07
3.3076859159897089e-02
-3.9272523595115524e-07
-3.3077695176630631e-02
-1.5138076490845712e-07
3.3077342032101810e-02
-3.9284328943631242e-07
-3.3078178292247934e-02
-1.5152164402687318e-07
3.3077824813786988e-02
-3.9308587755614866e-07
-3.3078661326917169e-02
-1.5157386208379706e-07
3.3078307771508560e-02
-3.9303950001644622e-07
-3.3079144242286439e-02
-1.5156879636201865e-07
3.3078790733814319e-02
-3.9292693685269019e-07
-3.3079627113502978e-02
-1.5141290917098262e-07
3.3079273776085064e-02
-3.9288558114444382e-07
-3.3080110033829768e-02
-1.5142562895987165e-07
3.3079756765224400e-02
-3.9289259077865139e-07
-3.3080592942386418e-02
-1.5148861558032204e-07
3.3080239614406454e-02
-3.9294166208951906e-07
-3.3081075895601636e-02
-1.5151098512751796e-07
3.3080722533509126e-02
-3.9296592183600916e-07
-3.3081558881279005e-02
-1.5135339220350288e-07
3.3081205545626491e-02
-3.9277154652789956e-07
-3.3082041530086440e-02
-1.5123280248893414e-07
3.3081688612862349e-02
-3.9273627886547905e-07
-3.3082524483589358e-02
-1.5114804669632385e-07
3.3082171690318810e-02
-3.9277225743356961e-07
-3.3083007626861199e-02
-1.5125609535053004e-07
3.3082654614508281e-02
-3.9277283636755820e-07
-3.3083490592016311e-02
-1.5125503546190436e-07
3.3083137704646021e-02
-3.9275495826342815e-07
-3.3083973702493795e-02
-1.5129774789669580e-07
3.3083620669423899e-02
-3.9282985280256033e-07
-3.3084456738160531e-02
-1.5140017407731403e-07
3.3084103585334201e-02
-3.9290980414947312e-07
-3.3084939912776570e-02
-1.5145112309597092e-07
3.3084586487587254e-02
-3.9310327972244269e-07
-3.3085423089063815e-02
-1.5161991835422616e-07
3.3085069389626548e-02
-3.9320789360430194e-07
-3.3085906175838842e-02
-1.5176168259422052e-07
3.3085552257015427e-02
-3.9326834756078140e-07
-3.3086389128633993e-02
-1.5175207870601275e-07
3.3086035239173223e-02
-3.9311710653499935e-07
-3.3086871918920777e-02
-1.5149325376424854e-07
3.3086518392926409e-02
-3.9295890781427543e-07
-3.3087354855536814e-02
-1.5141153233839019e-07
3.3087001559083264e-02
-3.9286302371777481e-07
-3.3087837809168200e-02
-1.5140024966665296e-07
3.3087484458203073e-02
-3.9294225737604732e-07
-3.3088320753685278e-02
-1.5136449505804809e-07
3.3087967590886044e-02
-3.9279508761626289e-07
-3.3088803611246241e-02
-1.5133487213516701e-07
3.3088450550417266e-02
-3.9287234526859868e-07
-3.3089286659187221e-02
-1.5129185106756691e-07
3.3088933610097279e-02
-3.9291089168557284e-07
-3.3089769647937174e-02
-1.5144376053400058e-07
3.3089416389539099e-02
-3.9287016893657738e-07
-3.3090252577261330e-02
-1.5143530286679715e-07
3.3089899397248573e-02
-3.9292941145281560e-07
-3.3090735618331216e-02
-1.5148508673276545e-07
3.3090382322905537e-02
-3.9296635433421836e-07
-3.3091218735634281e-02
-1.5153010507825739e-07
3.3090865324167218e-02
-3.9310743636607945e-07
-3.3091701858835365e-02
-1.5162138071584648e-07
3.3091348233936932e-02
-3.9310382874616785e-07
-3.3092184896635388e-02
-1.5149539255272909e-07
