0.0000000000000000e+00
-4.4000000002269850e+01
-8.8000000001335735e+01
-1.3202200836403799e+02
-1.7600000001151182e+02
-2.1999998328894972e+02
-2.6402197491662872e+02
-3.0800307072334772e+02
-3.5200000003702070e+02
-3.9600002930883068e+02
-4.3999999983041721e+02
-4.4000000062913290e+02
-4.4000005554331574e+02
-4.4001342455821725e+02
-4.4002687058462863e+02
-4.4004031710726969e+02
-4.4005376368418308e+02
-4.4006721031265880e+02
-4.4000000098003329e+02
-4.3993279173673841e+02
-4.4000000038276903e+02
-4.4006695384025835e+02
-4.4000000098241071e+02
-4.3993304821315030e+02
-4.4000000037978089e+02
-4.4006695152681266e+02
-4.4000000098234716e+02
-4.3993305052644536e+02
-4.4000000037967226e+02
-4.4006695032154568e+02
-4.4000000098219732e+02
-4.3993305173158438e+02
-4.4000000037956482e+02
-4.4006694911619536e+02
-4.4000000098224035e+02
-4.3993305293696164e+02
-4.4000000037963940e+02
-4.4006694791103695e+02
-4.4000000098232874e+02
-4.3993305414226813e+02
-4.4000000037975929e+02
-4.4006694670579083e+02
-4.4000000098242407e+02
-4.3993305534776118e+02
-4.4000000037992311e+02
-4.4006694550064196e+02
-4.4000000098266219e+02
-4.3993305655305960e+02
-4.4000000037992777e+02
-4.4006694429533428e+02
-4.4000000098256101e+02
-4.3993305775830095e+02
-4.4000000037988445e+02
-4.4006694308992837e+02
-4.4000000098240486e+02
-4.3993305896359396e+02
-4.4000000037975599e+02
-4.4006694188452877e+02
-4.4000000098241117e+02
-4.3993306016887220e+02
-4.4000000037972387e+02
-4.4006694067913088e+02
-4.4000000098230112e+02
-4.3993306137404682e+02
-4.4000000037972711e+02
-4.4006693947386657e+02
-4.4000000098234955e+02
-4.3993306257934506e+02
-4.4000000037968516e+02
-4.4006693826848868e+02
-4.4000000098234148e+02
-4.3993306378471783e+02
-4.4000000037961331e+02
-4.4006693706311091e+02
-4.4000000098221039e+02
-4.3993306498988795e+02
-4.4000000037952930e+02
-4.4006693585781420e+02
-4.4000000098221972e+02
-4.3993306619519490e+02
-4.4000000037961729e+02
-4.4006693465256853e+02
-4.4000000098234580e+02
-4.3993306740062815e+02
-4.4000000037965998e+02
-4.4006693344722771e+02
-4.4000000098233642e+02
-4.3993306860606288e+02
-4.4000000037960092e+02
-4.4006693224169146e+02
-4.4000000098235370e+02
-4.3993306981156667e+02
-4.4000000037962536e+02
-4.4006693103623627e+02
-4.4000000098241935e+02
-4.3993307101702499e+02
-4.4000000037969482e+02
-4.4006692983089027e+02
-4.4000000098253253e+02
-4.3993307222268993e+02
-4.4000000037983119e+02
-4.4006692862560806e+02
-4.4000000098267083e+02
-4.3993307342824602e+02
-4.4000000037988269e+02
-4.4006692742015287e+02
-4.4000000098278815e+02
-4.3993307463395240e+02
-4.4000000038008505e+02
-4.4006692621476236e+02
-4.4000000098286023e+02
-4.3993307583954555e+02
-4.4000000038016378e+02
-4.4006692500929580e+02
-4.4000000098288126e+02
-4.3993307704496766e+02
-4.4000000038000076e+02
-4.4006692380375296e+02
-4.4000000098270664e+02
-4.3993307825036288e+02
-4.4000000037994016e+02
-4.4006692259806448e+02
-4.4000000098272955e+02
-4.3993307945594347e+02
-4.4000000037994982e+02
-4.4006692139265670e+02
-4.4000000098281600e+02
-4.3993308066151411e+02
-4.4000000037998473e+02
-4.4006692018700272e+02
-4.4000000098269862e+02
-4.3993308186690842e+02
-4.4000000037992123e+02
-4.4006691898138757e+02
-4.4000000098273517e+02
-4.3993308307260088e+02
-4.4000000037989253e+02
-4.4006691777584967e+02
-4.4000000098282368e+02
-4.3993308427816140e+02
-4.4000000038010506e+02
-4.4006691657057922e+02
-4.4000000098295021e+02
-4.3993308548385050e+02
-4.4000000038026690e+02
-4.4006691536512216e+02
-4.4000000098310420e+02
-4.3993308668949044e+02
-4.4000000038024342e+02
-4.4006691415951332e+02
-4.4000000098307288e+02
-4.3993308789513964e+02
-4.4000000038030788e+02
-4.4006691295387384e+02
-4.4000000098310738e+02
-4.3993308910081305e+02
-4.4000000038037103e+02
-4.4006691174838045e+02
-4.4000000098316855e+02
-4.3993309030645236e+02
-4.4000000038018788e+02
