2.9999999999999983e+02
2.9999999999999983e+02
2.9999999999999983e+02
2.9999999999999983e+02
2.9999999999999983e+02
2.9999999999999983e+02
2.9999999999999983e+02
3.0604944601698179e+02
3.3926947725130287e+02
3.7227486810595150e+02
4.0527499686294425e+02
4.0500670765027752e+02
4.0500017574381155e+02
4.0501512787621010e+02
4.0503020419871660e+02
4.0504528124400372e+02
4.0506035829837896e+02
4.0507543535772686e+02
4.0507493278908743e+02
4.0507493278908743e+02
4.0507493278908743e+02
4.0507502271646763e+02
4.0507501981558471e+02
4.0507501981558471e+02
4.0507501981558471e+02
4.0507502020598179e+02
4.0507502019338807e+02
4.0507502019338807e+02
4.0507502019338807e+02
4.0507502019338807e+02
4.0507502019338807e+02
4.0507502019338807e+02
4.0507502019338807e+02
4.0507502019338807e+02
4.0507502019338807e+02
4.0507502019338807e+02
4.0507502019338807e+02
4.0507502019338807e+02
4.0507502019338807e+02
4.0507502019338807e+02
4.0507502019338807e+02
4.0507502019338807e+02
4.0507502019338807e+02
4.0507502019338807e+02
4.0507502019338807e+02
4.0507502019338807e+02
4.0507502019338807e+02
4.0507502019338807e+02
4.0507502019338807e+02
4.0507502019338807e+02
4.0507502019338807e+02
4.0507502019338807e+02
4.0507502019338807e+02
4.0507502019338807e+02
4.0507502019338807e+02
4.0507502019338807e+02
4.0507502019338807e+02
4.0507502019338807e+02
4.0507502019338807e+02
4.0507502019338807e+02
4.0507502019338807e+02
4.0507502019338807e+02
4.0507502019338807e+02
4.0507502019338807e+02
4.0507502019338807e+02
4.0507502019338807e+02
4.0507502019338807e+02
4.0507502019338807e+02
4.0507502019338807e+02
4.0507502019338807e+02
4.0507502019338807e+02
4.0507502019338807e+02
4.0507502019338807e+02
4.0507502019338807e+02
4.0507502019338807e+02
4.0507502019338807e+02
4.0507502019338807e+02
4.0507502019338807e+02
4.0507502019338807e+02
4.0507502019338807e+02
4.0507502019338807e+02
4.0507502019338807e+02
4.0507502019338807e+02
4.0507502019338807e+02
4.0507502019338807e+02
4.0507502019338807e+02
4.0507502019338807e+02
4.0507502019338807e+02
4.0507502019338807e+02
4.0507502019338807e+02
4.0507502019338807e+02
4.0507502019338807e+02
4.0507502019338807e+02
4.0507502019338807e+02
4.0507502019338807e+02
4.0507502019338807e+02
4.0507502019338807e+02
4.0507502019338807e+02
4.0507502019338807e+02
4.0507502019338807e+02
4.0507502019338807e+02
4.0507502019338807e+02
4.0507502019338807e+02
4.0507502019338807e+02
4.0507502019338807e+02
4.0507502019338807e+02
4.0507502019338807e+02
4.0507502019338807e+02
4.0507502019338807e+02
4.0507502019338807e+02
4.0507502019338807e+02
4.0507502019338807e+02
4.0507502019338807e+02
4.0507502019338807e+02
4.0507502019338807e+02
4.0507502019338807e+02
4.0507502019338807e+02
4.0507502019338807e+02
4.0507502019338807e+02
4.0507502019338807e+02
4.0507502019338807e+02
4.0507502019338807e+02
4.0507502019338807e+02
4.0507502019338807e+02
4.0507502019338807e+02
4.0507502019338807e+02
4.0507502019338807e+02
4.0507502019338807e+02
4.0507502019338807e+02
4.0507502019338807e+02
4.0507502019338807e+02
4.0507502019338807e+02
4.0507502019338807e+02
4.0507502019338807e+02
4.0507502019338807e+02
4.0507502019338807e+02
4.0507502019338807e+02
4.0507502019338807e+02
4.0507502019338807e+02
4.0507502019338807e+02
4.0507502019338807e+02
4.0507502019338807e+02
4.0507502019338807e+02
4.0507502019338807e+02
4.0507502019338807e+02
4.0507502019338807e+02
4.0507502019338807e+02
4.0507502019338807e+02
4.0507502019338807e+02
4.0507502019338807e+02
4.0507502019338807e+02
4.0507502019338807e+02
4.0507502019338807e+02
4.0507502019338807e+02
4.0507502019338807e+02
4.0507502019338807e+02
4.0507502019338807e+02
4.0507502019338807e+02
4.0507502019338807e+02
4.0507502019338807e+02
4.0507502019338807e+02
