0.0000000000000000e+00
4.4000000002345438e+01
8.8000000002228603e+01
1.3201320572457576e+02
1.7600000001973805e+02
2.1999998858829042e+02
2.6401318287036554e+02
3.0800088021600823e+02
3.5200000004846606e+02
3.9600000371423118e+02
4.4000000022545129e+02
4.4000000054915773e+02
4.4000001607726301e+02
4.4002000268574420e+02
4.4004010474054576e+02
4.4006020746922508e+02
4.4008031020834710e+02
4.4010041295408922e+02
4.4000000058807211e+02
4.3989958826045955e+02
4.4000000023014479e+02
4.4010002932166293e+02
4.4000000058937962e+02
4.3989997189525855e+02
4.4000000022825725e+02
4.4010002693711118e+02
4.4000000058939855e+02
4.3989997427979216e+02
4.4000000022824867e+02
4.4010002621485017e+02
4.4000000058942646e+02
4.3989997500210166e+02
4.4000000022823178e+02
4.4010002549251180e+02
4.4000000058940998e+02
4.3989997572446805e+02
4.4000000022827658e+02
4.4010002477029059e+02
4.4000000058949320e+02
4.3989997644677982e+02
4.4000000022832211e+02
4.4010002404799184e+02
4.4000000058951451e+02
4.3989997716918975e+02
4.4000000022835013e+02
4.4010002332565006e+02
4.4000000058953901e+02
4.3989997789143848e+02
4.4000000022827771e+02
4.4010002260325297e+02
4.4000000058944869e+02
4.3989997861374326e+02
4.4000000022826822e+02
4.4010002188086736e+02
4.4000000058943033e+02
4.3989997933614609e+02
4.4000000022823315e+02
4.4010002115844128e+02
4.4000000058940662e+02
4.3989998005846724e+02
4.4000000022814822e+02
4.4010002043598899e+02
4.4000000058925787e+02
4.3989998078068703e+02
4.4000000022805517e+02
4.4010001971356581e+02
4.4000000058922546e+02
4.3989998150299346e+02
4.4000000022800685e+02
4.4010001899107664e+02
4.4000000058917129e+02
4.3989998222536110e+02
4.4000000022801697e+02
4.4010001826869780e+02
4.4000000058920233e+02
4.3989998294785408e+02
4.4000000022803283e+02
4.4010001754637125e+02
4.4000000058921813e+02
4.3989998367020769e+02
4.4000000022812969e+02
4.4010001682411036e+02
4.4000000058925127e+02
4.3989998439248103e+02
4.4000000022807984e+02
4.4010001610169013e+02
4.4000000058925264e+02
4.3989998511496083e+02
4.4000000022801510e+02
4.4010001537922392e+02
4.4000000058927895e+02
4.3989998583740157e+02
4.4000000022800964e+02
4.4010001465672383e+02
4.4000000058928651e+02
4.3989998655986250e+02
4.4000000022801999e+02
4.4010001393430980e+02
4.4000000058932307e+02
4.3989998728235122e+02
4.4000000022808894e+02
4.4010001321194380e+02
4.4000000058930067e+02
4.3989998800475695e+02
4.4000000022797809e+02
4.4010001248934390e+02
4.4000000058926361e+02
4.3989998872734816e+02
4.4000000022807569e+02
4.4010001176690611e+02
4.4000000058929737e+02
4.3989998944993806e+02
4.4000000022812571e+02
4.4010001104441983e+02
4.4000000058944107e+02
4.3989999017255764e+02
4.4000000022818926e+02
4.4010001032195521e+02
4.4000000058939372e+02
4.3989999089498832e+02
4.4000000022817756e+02
4.4010000959942187e+02
4.4000000058948820e+02
4.3989999161756941e+02
4.4000000022818119e+02
4.4010000887694400e+02
4.4000000058948467e+02
4.3989999234017404e+02
4.4000000022822320e+02
4.4010000815438229e+02
4.4000000058948774e+02
4.3989999306267350e+02
4.4000000022816425e+02
4.4010000743172242e+02
4.4000000058940452e+02
4.3989999378526431e+02
4.4000000022814152e+02
4.4010000670922886e+02
4.4000000058944835e+02
4.3989999450782250e+02
4.4000000022824918e+02
4.4010000598680119e+02
4.4000000058961399e+02
4.3989999523052171e+02
4.4000000022837139e+02
4.4010000526431071e+02
4.4000000058970238e+02
4.3989999595311434e+02
4.4000000022831682e+02
4.4010000454167533e+02
4.4000000058965321e+02
4.3989999667567571e+02
4.4000000022834007e+02
4.4010000381907196e+02
4.4000000058957664e+02
4.3989999739824572e+02
4.4000000022834001e+02
4.4010000309649172e+02
4.4000000058963656e+02
4.3989999812083738e+02
4.4000000022825003e+02
