0.0000000000000000e+00
-4.0000000002112087e-04
-8.0000000001558002e-04
-1.2001600640379319e-03
-1.6000000001408577e-03
-1.9999998721695537e-03
-2.4001598081218583e-03
-2.8571463815479574e-03
-3.6123436226849965e-03
-4.5802481044843728e-03
-5.7001785629538686e-03
-6.2148553399499033e-03
-6.5818635417127479e-03
-6.8441887909383402e-03
-7.0315638346964398e-03
-7.1654029343333741e-03
-7.2610021956672471e-03
-7.3292873335359596e-03
-7.3780624070896280e-03
-7.4129017326164167e-03
-7.4377869586388749e-03
-7.4555621167683665e-03
-7.4682586565971215e-03
-7.4773276127544953e-03
-7.4838054381401340e-03
-7.4884324560481434e-03
-7.4930594953659790e-03
-7.4945564638536112e-03
-7.4960534345822625e-03
-7.4975504075513056e-03
-7.4990473827613920e-03
-7.5005443602126813e-03
-7.4998135180402064e-03
-7.4990826764027626e-03
-7.4998135169364790e-03
-7.5005443580045050e-03
-7.5012751996070513e-03
-7.5020060417430104e-03
-7.5008777688894621e-03
-7.5012288737354143e-03
-7.5015799787042352e-03
-7.5019310837977906e-03
-7.5022821890138973e-03
-7.5026332943529863e-03
-7.5013377440100735e-03
-7.5018728414490482e-03
-7.5024079391757675e-03
-7.5013377438617425e-03
-7.5018728405201601e-03
-7.5024079374658888e-03
-7.5013377438613226e-03
-7.5018728405203405e-03
-7.5024079374646935e-03
-7.5013377438608517e-03
-7.5018728405197282e-03
-7.5024079374648575e-03
-7.5013377438608335e-03
-7.5018728405197360e-03
-7.5024079374653553e-03
-7.5013377438610945e-03
-7.5018728405196137e-03
-7.5024079374647707e-03
-7.5013377438609315e-03
-7.5018728405191158e-03
-7.5024079374644047e-03
-7.5013377438594101e-03
-7.5018728405187515e-03
-7.5024079374641653e-03
-7.5013377438595593e-03
-7.5018728405182771e-03
-7.5024079374633474e-03
-7.5013377438594240e-03
-7.5018728405181383e-03
-7.5024079374626925e-03
-7.5013377438584326e-03
-7.5018728405174913e-03
-7.5024079374619518e-03
-7.5013377438577196e-03
-7.5018728405167913e-03
-7.5024079374618590e-03
-7.5013377438577829e-03
-7.5018728405167332e-03
-7.5024079374617584e-03
-7.5013377438573389e-03
-7.5018728405169535e-03
-7.5024079374620802e-03
-7.5013377438578940e-03
-7.5018728405169301e-03
-7.5024079374624427e-03
-7.5013377438586330e-03
-7.5018728405166742e-03
-7.5024079374628010e-03
-7.5013377438584257e-03
-7.5018728405175476e-03
-7.5024079374624714e-03
-7.5013377438587726e-03
-7.5018728405175199e-03
-7.5024079374633075e-03
-7.5013377438588498e-03
-7.5018728405180177e-03
-7.5024079374633674e-03
-7.5013377438584491e-03
-7.5018728405174418e-03
-7.5024079374622719e-03
-7.5013377438574334e-03
-7.5018728405168338e-03
-7.5024079374623378e-03
-7.5013377438580449e-03
-7.5018728405170125e-03
-7.5024079374621227e-03
-7.5013377438585584e-03
-7.5018728405170758e-03
-7.5024079374623829e-03
-7.5013377438582765e-03
-7.5018728405170619e-03
-7.5024079374626969e-03
-7.5013377438579425e-03
-7.5018728405170758e-03
-7.5024079374625139e-03
-7.5013377438582496e-03
-7.5018728405177272e-03
-7.5024079374628782e-03
-7.5013377438580839e-03
-7.5018728405170090e-03
-7.5024079374624696e-03
-7.5013377438578280e-03
-7.5018728405166915e-03
-7.5024079374621053e-03
-7.5013377438570058e-03
-7.5018728405163238e-03
-7.5024079374615910e-03
-7.5013377438579477e-03
-7.5018728405163645e-03
-7.5024079374620333e-03
-7.5013377438590979e-03
-7.5018728405171695e-03
-7.5024079374615979e-03
-7.5013377438577916e-03
-7.5018728405168720e-03
-7.5024079374621626e-03
-7.5013377438579608e-03
-7.5018728405163142e-03
-7.5024079374606074e-03
-7.5013377438565287e-03
-7.5018728405150687e-03
-7.5024079374601503e-03
-7.5013377438559519e-03
-7.5018728405156828e-03
-7.5024079374610194e-03
-7.5013377438569381e-03
-7.5018728405160957e-03
-7.5024079374609014e-03
-7.5013377438571012e-03
-7.5018728405154929e-03
-7.5024079374612623e-03
-7.5013377438566415e-03
-7.5018728405160948e-03
-7.5024079374623109e-03
-7.5013377438576190e-03
-7.5018728405172657e-03
-7.5024079374629233e-03
