0.0000000000000000e+00
1.0000000000576372e-04
2.0000000000826177e-04
2.9999000101181930e-04
4.0000000008097507e-04
4.9999999815124048e-04
5.9998999722175460e-04
7.2857148015137018e-04
1.0061248052791300e-03
1.3901001654314151e-03
1.8500771327780688e-03
2.1072837664567780e-03
2.2909202328176511e-03
2.4220885768128932e-03
2.5157789403852998e-03
2.5826999487382966e-03
2.6305003232865707e-03
2.6646432716489255e-03
2.6890310019727368e-03
2.7064507634721431e-03
2.7188934268542304e-03
2.7277810316160608e-03
2.7341293146407658e-03
2.7386637994082398e-03
2.7419027155138032e-03
2.7442162262089061e-03
2.7465297315509476e-03
2.7472782267377732e-03
2.7480267213640447e-03
2.7487752154294505e-03
2.7495237089354791e-03
2.7502722018803577e-03
2.7499067563907546e-03
2.7495413107666358e-03
2.7499067570247479e-03
2.7502722031495876e-03
2.7506376491394360e-03
2.7510030949966183e-03
2.7504388826148562e-03
2.7506144353903013e-03
2.7507899881352000e-03
2.7509655408491517e-03
2.7511410935326837e-03
2.7513166461853506e-03
2.7506688705696779e-03
2.7509364184626194e-03
2.7512039662832880e-03
2.7506688705661760e-03
2.7509364185204746e-03
2.7512039664030919e-03
2.7506688705663685e-03
2.7509364185203779e-03
2.7512039664039762e-03
2.7506688705671153e-03
2.7509364185208580e-03
2.7512039664040200e-03
2.7506688705672025e-03
2.7509364185216252e-03
2.7512039664035893e-03
2.7506688705669887e-03
2.7509364185209313e-03
2.7512039664028083e-03
2.7506688705668395e-03
2.7509364185218871e-03
2.7512039664041943e-03
2.7506688705680022e-03
2.7509364185221586e-03
2.7512039664049767e-03
2.7506688705681171e-03
2.7509364185226291e-03
2.7512039664059954e-03
2.7506688705694364e-03
2.7509364185230034e-03
2.7512039664062955e-03
2.7506688705692824e-03
2.7509364185237372e-03
2.7512039664070124e-03
2.7506688705698544e-03
2.7509364185241761e-03
2.7512039664069486e-03
2.7506688705700305e-03
2.7509364185244133e-03
2.7512039664071017e-03
2.7506688705708428e-03
2.7509364185251957e-03
2.7512039664075371e-03
2.7506688705709603e-03
2.7509364185254858e-03
2.7512039664075094e-03
2.7506688705701346e-03
2.7509364185249394e-03
2.7512039664077752e-03
2.7506688705716690e-03
2.7509364185262708e-03
2.7512039664087900e-03
2.7506688705719296e-03
2.7509364185267981e-03
2.7512039664097550e-03
2.7506688705725177e-03
2.7509364185256940e-03
2.7512039664085207e-03
2.7506688705725623e-03
2.7509364185268649e-03
2.7512039664096405e-03
2.7506688705730468e-03
2.7509364185274682e-03
2.7512039664104068e-03
2.7506688705736739e-03
2.7509364185277978e-03
2.7512039664095668e-03
2.7506688705740681e-03
2.7509364185280671e-03
2.7512039664101384e-03
2.7506688705741908e-03
2.7509364185281928e-03
2.7512039664104081e-03
2.7506688705743274e-03
2.7509364185286721e-03
2.7512039664104016e-03
2.7506688705739813e-03
2.7509364185278606e-03
2.7512039664101418e-03
2.7506688705739336e-03
2.7509364185278689e-03
2.7512039664102884e-03
2.7506688705736934e-03
2.7509364185287059e-03
2.7512039664106041e-03
2.7506688705744476e-03
2.7509364185279795e-03
2.7512039664102411e-03
2.7506688705740833e-03
2.7509364185281217e-03
2.7512039664099033e-03
2.7506688705725506e-03
2.7509364185270115e-03
2.7512039664092753e-03
2.7506688705732064e-03
2.7509364185271147e-03
2.7512039664090910e-03
2.7506688705721339e-03
2.7509364185266338e-03
2.7512039664097194e-03
2.7506688705728442e-03
2.7509364185268710e-03
2.7512039664088564e-03
2.7506688705728464e-03
2.7509364185269005e-03
2.7512039664097879e-03
2.7506688705732328e-03
2.7509364185267452e-03
2.7512039664097788e-03
2.7506688705738018e-03
2.7509364185286239e-03
2.7512039664106301e-03
2.7506688705746123e-03
2.7509364185292666e-03
2.7512039664117586e-03
2.7506688705744471e-03
2.7509364185282479e-03
2.7512039664109311e-03
