0.0000000000000000e+00
1.0000000000497821e-04
2.0000000000899816e-04
2.9999000101259922e-04
4.0000000008217208e-04
4.9999999815235623e-04
5.9998999722321133e-04
7.2857148015232590e-04
1.0061248052800819e-03
1.3901001654325806e-03
1.8500771327792569e-03
2.1072837664583479e-03
2.2909202328192588e-03
2.4220885768149150e-03
2.5157789403876646e-03
2.5826999487413528e-03
2.6305003232896256e-03
2.6646432716512618e-03
2.6890310019759027e-03
2.7064507634749647e-03
2.7188934268563844e-03
2.7277810316189048e-03
2.7341293146432803e-03
2.7386637994109707e-03
2.7419027155165172e-03
2.7442162262118473e-03
2.7465297315545844e-03
2.7472782267418390e-03
2.7480267213680722e-03
2.7487752154340640e-03
2.7495237089392058e-03
2.7502722018850389e-03
2.7499067563960646e-03
2.7495413107730990e-03
2.7499067570295869e-03
2.7502722031526121e-03
2.7506376491418650e-03
2.7510030949970984e-03
2.7504388826189866e-03
2.7506144353944802e-03
2.7507899881394917e-03
2.7509655408536628e-03
2.7511410935364736e-03
2.7513166461887607e-03
2.7506688705745265e-03
2.7509364184677421e-03
2.7512039662894497e-03
2.7506688705709820e-03
2.7509364185251879e-03
2.7512039664079830e-03
2.7506688705710106e-03
2.7509364185249177e-03
2.7512039664080094e-03
2.7506688705708120e-03
2.7509364185250816e-03
2.7512039664074964e-03
2.7506688705713702e-03
2.7509364185250200e-03
2.7512039664078615e-03
2.7506688705710020e-03
2.7509364185242038e-03
2.7512039664071156e-03
2.7506688705705327e-03
2.7509364185252885e-03
2.7512039664083251e-03
2.7506688705709859e-03
2.7509364185251753e-03
2.7512039664076798e-03
2.7506688705711464e-03
2.7509364185253605e-03
2.7512039664076642e-03
2.7506688705711286e-03
2.7509364185249450e-03
2.7512039664071737e-03
2.7506688705711160e-03
2.7509364185250257e-03
2.7512039664078312e-03
2.7506688705714712e-03
2.7509364185260505e-03
2.7512039664088018e-03
2.7506688705723620e-03
2.7509364185266481e-03
2.7512039664091522e-03
2.7506688705722813e-03
2.7509364185269495e-03
2.7512039664102780e-03
2.7506688705723455e-03
2.7509364185267331e-03
2.7512039664100880e-03
2.7506688705729019e-03
2.7509364185271065e-03
2.7512039664094059e-03
2.7506688705730251e-03
2.7509364185269638e-03
2.7512039664097797e-03
2.7506688705724613e-03
2.7509364185268519e-03
2.7512039664102442e-03
2.7506688705732432e-03
2.7509364185273589e-03
2.7512039664098400e-03
2.7506688705737671e-03
2.7509364185280558e-03
2.7512039664109532e-03
2.7506688705737255e-03
2.7509364185278676e-03
2.7512039664109571e-03
2.7506688705738703e-03
2.7509364185282796e-03
2.7512039664109155e-03
2.7506688705744124e-03
2.7509364185286426e-03
2.7512039664109511e-03
2.7506688705742381e-03
2.7509364185279760e-03
2.7512039664100742e-03
2.7506688705741041e-03
2.7509364185279118e-03
2.7512039664098547e-03
2.7506688705735537e-03
2.7509364185279387e-03
2.7512039664101366e-03
2.7506688705740330e-03
2.7509364185283316e-03
2.7512039664105629e-03
2.7506688705744541e-03
2.7509364185286400e-03
2.7512039664110075e-03
2.7506688705751748e-03
2.7509364185293560e-03
2.7512039664123085e-03
2.7506688705756111e-03
2.7509364185293113e-03
2.7512039664115474e-03
2.7506688705747368e-03
2.7509364185284058e-03
2.7512039664114971e-03
2.7506688705756493e-03
2.7509364185292701e-03
2.7512039664121060e-03
2.7506688705757217e-03
2.7509364185295147e-03
2.7512039664127808e-03
2.7506688705760301e-03
2.7509364185301197e-03
2.7512039664127057e-03
2.7506688705760721e-03
2.7509364185305204e-03
2.7512039664130241e-03
2.7506688705760994e-03
2.7509364185301245e-03
2.7512039664128012e-03
2.7506688705773970e-03
2.7509364185314025e-03
2.7512039664140263e-03
2.7506688705770314e-03
2.7509364185313344e-03
2.7512039664139608e-03
2.7506688705765635e-03
2.7509364185302307e-03
2.7512039664124659e-03
