0.0000000000000000e+00
0.0000000000000000e+00
0.0000000000000000e+00
0.0000000000000000e+00
0.0000000000000000e+00
0.0000000000000000e+00
0.0000000000000000e+00
5.7144014079400806e-05
4.1227802598838904e-04
9.8021489099813820e-04
1.7001617291334270e-03
2.2145750524897529e-03
2.5818473434107937e-03
2.8441806717032681e-03
3.0315596741824925e-03
3.1654008129732214e-03
3.2610011138434632e-03
3.3292867817674085e-03
3.3780621256411210e-03
3.4129015890442958e-03
3.4377868853967593e-03
3.4555620794030190e-03
3.4682586375343175e-03
3.4773276030288531e-03
3.4838054331784436e-03
3.4884324535168960e-03
3.4923790342666549e-03
3.4945564566135120e-03
3.4960834536205444e-03
3.4973713242078576e-03
3.4985712812141139e-03
3.4997389175947507e-03
3.4998135143734718e-03
3.4998135143734718e-03
3.4998409395076268e-03
3.5002057034278808e-03
3.5006944890900778e-03
3.5012288711104207e-03
3.5012288711104207e-03
3.5012288711104207e-03
3.5012288711104207e-03
3.5013889341179759e-03
3.5016181701323090e-03
3.5018728374290216e-03
3.5018728374290216e-03
3.5018728374290216e-03
3.5018728374290216e-03
3.5018728374290216e-03
3.5018728374290216e-03
3.5018728374290216e-03
3.5018728374290216e-03
3.5018728374290216e-03
3.5018728374290216e-03
3.5018728374290216e-03
3.5018728374290216e-03
3.5018728374290216e-03
3.5018728374290216e-03
3.5018728374290216e-03
3.5018728374290216e-03
3.5018728374290216e-03
3.5018728374290216e-03
3.5018728374290216e-03
3.5018728374290216e-03
3.5018728374290216e-03
3.5018728374290216e-03
3.5018728374290216e-03
3.5018728374290216e-03
3.5018728374290216e-03
3.5018728374290216e-03
3.5018728374290216e-03
3.5018728374290216e-03
3.5018728374290216e-03
3.5018728374290216e-03
3.5018728374290216e-03
3.5018728374290216e-03
3.5018728374290216e-03
3.5018728374290216e-03
3.5018728374290216e-03
3.5018728374290216e-03
3.5018728374290216e-03
3.5018728374290216e-03
3.5018728374290216e-03
3.5018728374290216e-03
3.5018728374290216e-03
3.5018728374290216e-03
3.5018728374290216e-03
3.5018728374290216e-03
3.5018728374290216e-03
3.5018728374290216e-03
3.5018728374290216e-03
3.5018728374290216e-03
3.5018728374290216e-03
3.5018728374290216e-03
3.5018728374290216e-03
3.5018728374290216e-03
3.5018728374290216e-03
3.5018728374290216e-03
3.5018728374290216e-03
3.5018728374290216e-03
3.5018728374290216e-03
3.5018728374290216e-03
3.5018728374290216e-03
3.5018728374290216e-03
3.5018728374290216e-03
3.5018728374290216e-03
3.5018728374290216e-03
3.5018728374290216e-03
3.5018728374290216e-03
3.5018728374290216e-03
3.5018728374290216e-03
3.5018728374290216e-03
3.5018728374290216e-03
3.5018728374290216e-03
3.5018728374290216e-03
3.5018728374290216e-03
3.5018728374290216e-03
3.5018728374290216e-03
3.5018728374290216e-03
3.5018728374290216e-03
3.5018728374290216e-03
3.5018728374290216e-03
3.5018728374290216e-03
3.5018728374290216e-03
3.5018728374290216e-03
3.5018728374290216e-03
3.5018728374290216e-03
3.5018728374290216e-03
3.5018728374290216e-03
3.5018728374290216e-03
3.5018728374290216e-03
3.5018728374290216e-03
3.5018728374290216e-03
3.5018728374290216e-03
3.5018728374290216e-03
3.5018728374290216e-03
3.5018728374290216e-03
3.5018728374290216e-03
3.5018728374290216e-03
3.5018728374290216e-03
3.5018728374290216e-03
3.5018728374290216e-03
3.5018728374290216e-03
3.5018728374290216e-03
3.5018728374290216e-03
3.5018728374290216e-03
3.5018728374290216e-03
3.5018728374290216e-03
3.5018728374290216e-03
3.5018728374290216e-03
3.5018728374290216e-03
3.5018728374290216e-03
3.5018728374290216e-03
3.5018728374290216e-03
3.5018728374290216e-03
3.5018728374290216e-03
3.5018728374290216e-03
3.5018728374290216e-03
3.5018728374290216e-03
3.5018728374290216e-03
3.5018728374290216e-03
3.5018728374290216e-03
