0.0000000000000000e+00
4.4000000002331312e+01
8.8000000002138293e+01
1.3201320572442393e+02
1.7600000001958779e+02
2.1999998858827405e+02
2.6401318287029801e+02
3.0800016197111574e+02
3.5200452223043430e+02
3.9600228214090004e+02
4.4000115297886555e+02
4.4002433443522267e+02
4.4000112282853576e+02
4.4000055969737775e+02
4.4000028721522182e+02
4.4000014639800173e+02
4.4000007464076259e+02
4.4000003806309104e+02
4.4000001941301593e+02
4.4000000990208912e+02
4.4000000505111632e+02
4.4000000257674668e+02
4.4000000131450224e+02
4.4000000067060779e+02
4.4000000034209626e+02
4.4000000017452089e+02
4.4008981944564192e+02
4.4000000049922596e+02
4.3999603784552471e+02
4.4002364002704508e+02
4.4006284694919032e+02
4.4010632034185340e+02
4.4000000025281088e+02
4.3990352697382889e+02
4.3999638009372023e+02
4.4004470452914069e+02
4.4007665812982259e+02
4.4010259304645086e+02
4.3995365434590002e+02
4.4000000021658451e+02
4.4004634609539505e+02
4.4007156366547406e+02
4.4008765040672540e+02
4.4010038022683187e+02
4.3992936754254481e+02
4.4000000033175741e+02
4.4007063313997213e+02
4.3992936752918558e+02
4.4000000025509956e+02
4.4007063299998640e+02
4.3992936752914181e+02
4.4000000025508194e+02
4.4007063299990602e+02
4.3992936752911407e+02
4.4000000025504585e+02
4.4007063299988789e+02
4.3992936752912578e+02
4.4000000025506222e+02
4.4007063299991307e+02
4.3992936752913101e+02
4.4000000025499349e+02
4.4007063299980319e+02
4.3992936752907292e+02
4.4000000025502482e+02
4.4007063299987396e+02
4.3992936752901346e+02
4.4000000025500117e+02
4.4007063299985930e+02
4.3992936752903955e+02
4.4000000025497741e+02
4.4007063299983082e+02
4.3992936752907343e+02
4.4000000025495098e+02
4.4007063299975374e+02
4.3992936752896134e+02
4.4000000025491255e+02
4.4007063299973169e+02
4.3992936752893365e+02
4.4000000025490931e+02
4.4007063299975664e+02
4.3992936752898493e+02
4.4000000025494052e+02
4.4007063299976903e+02
4.3992936752896475e+02
4.4000000025499247e+02
4.4007063299985077e+02
4.3992936752901795e+02
4.4000000025499145e+02
4.4007063299987050e+02
4.3992936752906473e+02
4.4000000025495581e+02
4.4007063299987749e+02
4.3992936752911652e+02
4.4000000025508086e+02
4.4007063299990688e+02
4.3992936752913442e+02
4.4000000025511110e+02
4.4007063300004427e+02
4.3992936752920525e+02
4.4000000025513157e+02
4.4007063299998072e+02
4.3992936752918274e+02
4.4000000025515050e+02
4.4007063299997043e+02
4.3992936752910992e+02
4.4000000025509905e+02
4.4007063300000578e+02
4.3992936752918962e+02
4.4000000025515254e+02
4.4007063299994081e+02
4.3992936752925357e+02
4.4000000025515152e+02
4.4007063299996884e+02
4.3992936752921850e+02
4.4000000025511781e+02
4.4007063299996037e+02
4.3992936752917353e+02
4.4000000025512162e+02
4.4007063299991864e+02
4.3992936752915853e+02
4.4000000025515374e+02
4.4007063299994923e+02
4.3992936752916302e+02
4.4000000025510855e+02
4.4007063299993865e+02
4.3992936752914119e+02
4.4000000025511201e+02
4.4007063299993342e+02
4.3992936752913852e+02
4.4000000025508280e+02
4.4007063299993405e+02
4.3992936752921628e+02
4.4000000025508371e+02
4.4007063299991643e+02
4.3992936752921685e+02
4.4000000025507097e+02
4.4007063299985629e+02
4.3992936752917063e+02
4.4000000025508626e+02
4.4007063299992063e+02
4.3992936752913573e+02
4.4000000025502146e+02
4.4007063299983861e+02
4.3992936752905001e+02
4.4000000025494467e+02
4.4007063299975130e+02
4.3992936752898493e+02
4.4000000025499969e+02
4.4007063299986498e+02
4.3992936752908338e+02
4.4000000025500583e+02
4.4007063299983787e+02
4.3992936752916347e+02
4.4000000025507705e+02
4.4007063299994576e+02
4.3992936752914022e+02
4.4000000025515124e+02
4.4007063300008008e+02
4.3992936752919604e+02
4.4000000025515845e+02
4.4007063300003006e+02
