0.0000000000000000e+00
-4.4000000002315339e+01
-8.8000000001306120e+01
-1.3202200836391737e+02
-1.7600000001139034e+02
-2.1999998328901694e+02
-2.6402197491651168e+02
-3.0800035887197350e+02
-3.5200990904283327e+02
-3.9600502482606549e+02
-4.4000255046162658e+02
-4.4003732880601785e+02
-4.4000244079789809e+02
-4.4000122653434437e+02
-4.4000062809786039e+02
-4.4000032030125476e+02
-4.4000016336049976e+02
-4.4000008332600527e+02
-4.4000004250566622e+02
-4.4000002168379126e+02
-4.4000001106214728e+02
-4.4000000564363000e+02
-4.4000000287930618e+02
-4.4000000146902340e+02
-4.4000000074946115e+02
-4.4000000038234879e+02
-4.4005988199618747e+02
-4.4000000109357916e+02
-4.3999735796605449e+02
-4.4001575830850817e+02
-4.4004189539120108e+02
-4.4007087703407188e+02
-4.4000000055384476e+02
-4.3993568867258324e+02
-4.3999758694060199e+02
-4.4002979947768881e+02
-4.4005109818388382e+02
-4.4006838449269475e+02
-4.3996910316546166e+02
-4.4000000036088852e+02
-4.4003089757522463e+02
-4.4004770926404939e+02
-4.4005843374720592e+02
-4.4006692029644154e+02
-4.3995291190527570e+02
-4.4000000055265139e+02
-4.4004708924432009e+02
-4.3995291188602823e+02
-4.4000000042497197e+02
-4.4004708900811380e+02
-4.3995291188598281e+02
-4.4000000042503109e+02
-4.4004708900793776e+02
-4.3995291188591210e+02
-4.4000000042493679e+02
-4.4004708900799437e+02
-4.3995291188589965e+02
-4.4000000042492536e+02
-4.4004708900808021e+02
-4.3995291188595388e+02
-4.4000000042497084e+02
-4.4004708900806577e+02
-4.3995291188597821e+02
-4.4000000042483430e+02
-4.4004708900792730e+02
-4.3995291188571190e+02
-4.4000000042478234e+02
-4.4004708900789194e+02
-4.3995291188572088e+02
-4.4000000042467462e+02
-4.4004708900773801e+02
-4.3995291188565989e+02
-4.4000000042467354e+02
-4.4004708900767707e+02
-4.3995291188556052e+02
-4.4000000042457515e+02
-4.4004708900754110e+02
-4.3995291188543655e+02
-4.4000000042442906e+02
-4.4004708900749938e+02
-4.3995291188540205e+02
-4.4000000042438882e+02
-4.4004708900746778e+02
-4.3995291188532929e+02
-4.4000000042438728e+02
-4.4004708900745811e+02
-4.3995291188539818e+02
-4.4000000042438626e+02
-4.4004708900752024e+02
-4.3995291188551533e+02
-4.4000000042436830e+02
-4.4004708900759317e+02
-4.3995291188542035e+02
-4.4000000042443617e+02
-4.4004708900749495e+02
-4.3995291188548094e+02
-4.4000000042443486e+02
-4.4004708900754213e+02
-4.3995291188542978e+02
-4.4000000042452513e+02
-4.4004708900762188e+02
-4.3995291188536885e+02
-4.4000000042438398e+02
-4.4004708900739678e+02
-4.3995291188522401e+02
-4.4000000042427473e+02
-4.4004708900737842e+02
-4.3995291188527921e+02
-4.4000000042429338e+02
-4.4004708900739911e+02
-4.3995291188532872e+02
-4.4000000042427934e+02
-4.4004708900743117e+02
-4.3995291188530632e+02
-4.4000000042431321e+02
-4.4004708900750973e+02
-4.3995291188528120e+02
-4.4000000042431554e+02
-4.4004708900751450e+02
-4.3995291188536612e+02
-4.4000000042445873e+02
-4.4004708900756702e+02
-4.3995291188532946e+02
-4.4000000042435113e+02
-4.4004708900749188e+02
-4.3995291188529825e+02
-4.4000000042425097e+02
-4.4004708900742139e+02
-4.3995291188512579e+02
-4.4000000042420339e+02
-4.4004708900731299e+02
-4.3995291188525545e+02
-4.4000000042421442e+02
-4.4004708900742958e+02
-4.3995291188550738e+02
-4.4000000042440445e+02
-4.4004708900739934e+02
-4.3995291188527375e+02
-4.4000000042432794e+02
-4.4004708900745851e+02
-4.3995291188534765e+02
-4.4000000042427371e+02
-4.4004708900720641e+02
-4.3995291188512601e+02
-4.4000000042408334e+02
-4.4004708900719788e+02
-4.3995291188506860e+02
-4.4000000042416457e+02
-4.4004708900727593e+02
-4.3995291188518655e+02
-4.4000000042425052e+02
-4.4004708900727684e+02
-4.3995291188514443e+02
-4.4000000042405196e+02
-4.4004708900725257e+02
-4.3995291188507139e+02
-4.4000000042411114e+02
-4.4004708900734789e+02
-4.3995291188522964e+02
-4.4000000042436085e+02
-4.4004708900753445e+02
