0.0000000000000000e+00
-1.8587725300331075e-11
8.6574434861052237e-10
-8.8026394550750637e-03
8.2453956485920211e-09
5.2993090043763218e-06
-8.7920461549642007e-03
-1.9690082268232430e-04
-5.3868123625074871e-03
-2.7426851146404368e-03
-1.3974827265051636e-03
-1.2994370746453970e-02
-1.3179693231997853e-03
-6.6683691694309998e-04
-3.4088258150220233e-04
-1.7390317101192082e-04
-8.8719654250235384e-05
-4.5262868008691055e-05
-2.3092568827068237e-05
-1.1781632715384461e-05
-6.0109878398228368e-06
-3.0668131235927455e-06
-1.5647451569905342e-06
-7.9835272474263633e-07
-4.0730114147513986e-07
-2.0775422562718715e-07
2.9937449552671247e-02
-5.9424225946710155e-07
-1.3201204074975090e-03
7.8817186649728921e-03
2.0951558088201028e-02
3.5443307909382493e-02
-3.0088603103829827e-07
-3.2161698541625136e-02
-1.2068467387963352e-03
1.4905051517579183e-02
2.5559945983691507e-02
3.4208553719192361e-02
-1.5448819430132796e-02
-1.4416839310216082e-07
1.5448520315432462e-02
2.3854401582089430e-02
2.9216659640660076e-02
3.3459930496597658e-02
-2.3544362572669397e-02
-2.2072981160791017e-07
2.3543895884422336e-02
-2.3544356670766920e-02
-1.6971486778497958e-07
2.3543992034767623e-02
-2.3544356683195950e-02
-1.6980026679199165e-07
2.3543992104496734e-02
-2.3544356674413593e-02
-1.6974739092635494e-07
2.3543992005750025e-02
-2.3544356651139318e-02
-1.6975184152227594e-07
2.3543991965323627e-02
-2.3544356695740176e-02
-1.6987917355942402e-07
2.3543991862467802e-02
-2.3544356800067986e-02
-1.6972114075101231e-07
2.3543992063501547e-02
-2.3544356612310358e-02
-1.6968939484490113e-07
2.3543992045599527e-02
-2.3544356606265152e-02
-1.6962410670808349e-07
2.3543992111925989e-02
-2.3544356558809147e-02
-1.6968440796629076e-07
2.3543992073883302e-02
-2.3544356569259288e-02
-1.6965895275902340e-07
2.3543992177409729e-02
-2.3544356490494578e-02
-1.6949378961824170e-07
2.3543992276688436e-02
-2.3544356386767266e-02
-1.6942635938074544e-07
2.3543992317995234e-02
-2.3544356369821814e-02
-1.6938291182470227e-07
2.3543992440147612e-02
-2.3544356402791580e-02
-1.6942203640194561e-07
2.3543992380283665e-02
-2.3544356435057642e-02
-1.6941657806872602e-07
2.3543992255456950e-02
-2.3544356328877070e-02
-1.6940853113359710e-07
2.3543992374785938e-02
-2.3544356399533402e-02
-1.6939954024881245e-07
2.3543992451828182e-02
-2.3544356275882451e-02
-1.6940075669148613e-07
2.3543992338949708e-02
-2.3544356211622000e-02
-1.6926554755040942e-07
2.3543992545716388e-02
-2.3544356158381449e-02
-1.6923499968243299e-07
2.3543992577751055e-02
-2.3544356139577362e-02
-1.6919388392365531e-07
2.3543992524086479e-02
-2.3544356136927035e-02
-1.6917995227937417e-07
2.3543992492783980e-02
-2.3544356157953642e-02
-1.6928374674152147e-07
2.3543992357794682e-02
-2.3544356177205919e-02
-1.6928698485432285e-07
2.3543992308090848e-02
-2.3544356310042158e-02
-1.6938278833134590e-07
2.3543992302223971e-02
-2.3544356250837513e-02
-1.6932184048957908e-07
2.3543992381244720e-02
-2.3544356220275682e-02
-1.6923256021143034e-07
2.3543992431468971e-02
-2.3544356069182620e-02
-1.6917240174645784e-07
2.3543992597661507e-02
-2.3544356070487913e-02
-1.6916790105468138e-07
2.3543992464080753e-02
-2.3544356297792897e-02
-1.6935692958819951e-07
2.3543992465263758e-02
-2.3544356090221971e-02
-1.6923115794513281e-07
2.3543992494876171e-02
-2.3544356164649397e-02
-1.6923640474866802e-07
2.3543992660802766e-02
-2.3544356036068945e-02
-1.6908720568881308e-07
2.3543992622354099e-02
-2.3544356037255465e-02
-1.6910562006703880e-07
2.3543992634272561e-02
-2.3544356082920867e-02
-1.6921653286564022e-07
2.3543992582639742e-02
-2.3544355939847619e-02
-1.6896286603461799e-07
2.3543992727712949e-02
-2.3544355910999622e-02
-1.6895937072883486e-07
2.3543992736227259e-02
-2.3544356037688070e-02
-1.6920377370853470e-07
2.3543992470129570e-02
