0.0000000000000000e+00
5.0535810150800434e-11
7.9867001703737321e-10
-8.8026395317879636e-03
8.1494034044474758e-09
5.2992053962227998e-06
-8.7920462722918952e-03
-1.9690089221103494e-04
-5.3868124356829198e-03
-2.7426852163543606e-03
-1.3974827952070458e-03
-1.2994370844071805e-02
-1.3179694013162537e-03
-6.6683701626093735e-04
-3.4088269618754341e-04
-1.7390333551525820e-04
-8.8719820220523109e-05
-4.5262960896024642e-05
-2.3092731876436657e-05
-1.1781771998980701e-05
-6.0110741187891470e-06
-3.0669534430143159e-06
-1.5648620033143159e-06
-7.9847840668365043e-07
-4.0742870076241852e-07
-2.0790144813433182e-07
2.9937449355710695e-02
-5.9446395595900709e-07
-1.3201206515507699e-03
7.8817184086287916e-03
2.0951557889920765e-02
3.5443307653963502e-02
-3.0118188800763401e-07
-3.2161698967045169e-02
-1.2068470243605874e-03
1.4905051386189201e-02
2.5559945893934798e-02
3.4208553793149299e-02
-1.5448819692685013e-02
-1.4443944007033610e-07
1.5448520025122030e-02
2.3854401267455808e-02
2.9216659398156770e-02
3.3459930284212333e-02
-2.3544362889123659e-02
-2.2105856353637101e-07
2.3543895419655757e-02
-2.3544357014114642e-02
-1.7002968269045518e-07
2.3543991710414471e-02
-2.3544356999426259e-02
-1.7009832503428340e-07
2.3543991831842030e-02
-2.3544356921374347e-02
-1.7003508602648497e-07
2.3543991781899105e-02
-2.3544356896992944e-02
-1.6997436145233211e-07
2.3543991700417096e-02
-2.3544356949762604e-02
-1.7007543491765967e-07
2.3543991612141171e-02
-2.3544357009780248e-02
-1.6989789189221983e-07
2.3543991829831794e-02
-2.3544356784084227e-02
-1.6987314782949670e-07
2.3543991889574116e-02
-2.3544356756054756e-02
-1.6977091862106749e-07
2.3543992073603366e-02
-2.3544356614607267e-02
-1.6976066891442574e-07
2.3543992080026572e-02
-2.3544356629627013e-02
-1.6966636244641005e-07
2.3543992203771395e-02
-2.3544356515699812e-02
-1.6954554842238053e-07
2.3543992237831154e-02
-2.3544356447114279e-02
-1.6947092625234363e-07
2.3543992284343319e-02
-2.3544356358976594e-02
-1.6940685390173423e-07
2.3543992345316907e-02
-2.3544356357653777e-02
-1.6936740289280170e-07
2.3543992320119812e-02
-2.3544356466105192e-02
-1.6940832163154015e-07
2.3543992312975427e-02
-2.3544356278618894e-02
-1.6930144863315665e-07
2.3543992448201156e-02
-2.3544356293344358e-02
-1.6924797650432072e-07
2.3543992552711432e-02
-2.3544356172998909e-02
-1.6938661329390924e-07
2.3543992378678623e-02
-2.3544356161018819e-02
-1.6920165933191845e-07
2.3543992601602594e-02
-2.3544356070194901e-02
-1.6911630756245541e-07
2.3543992677621910e-02
-2.3544356039786975e-02
-1.6908835862427703e-07
2.3543992559228188e-02
-2.3544356013773957e-02
-1.6907532356470771e-07
2.3543992583071598e-02
-2.3544356018014401e-02
-1.6910692699741211e-07
2.3543992542949935e-02
-2.3544356038400133e-02
-1.6910045428465644e-07
2.3543992499876328e-02
-2.3544356105072453e-02
-1.6922734224179856e-07
2.3543992461932436e-02
-2.3544356081950702e-02
-1.6916325954944722e-07
2.3543992512930788e-02
-2.3544356093313047e-02
-1.6904472975863782e-07
2.3543992593471768e-02
-2.3544355905597988e-02
-1.6906880803747386e-07
2.3543992644535258e-02
-2.3544356008236792e-02
-1.6909351650962066e-07
2.3543992509609347e-02
-2.3544356283578555e-02
-1.6931017859953583e-07
2.3543992448287022e-02
-2.3544356115963862e-02
-1.6925273365564789e-07
2.3543992429298045e-02
-2.3544356259985105e-02
-1.6926765196874002e-07
2.3543992603310183e-02
-2.3544356116565052e-02
-1.6919087340814093e-07
2.3543992484762029e-02
-2.3544356130429107e-02
-1.6922376139083182e-07
2.3543992543306674e-02
-2.3544356123374778e-02
-1.6927271054372066e-07
2.3543992539046033e-02
-2.3544356021346097e-02
-1.6898698847575383e-07
2.3543992658236944e-02
-2.3544355951420171e-02
-1.6896012125455512e-07
2.3543992727914378e-02
-2.3544356029538437e-02
-1.6920113182301041e-07
2.3543992520887073e-02
