2.9999999999999983e+02
2.9999999999999983e+02
2.9999999999999983e+02
2.9999999999999983e+02
2.9999999999999983e+02
2.9999999999999983e+02
2.9999999999999983e+02
3.0800016197111586e+02
3.5200452223043402e+02
3.9600228214089998e+02
4.4000115297886555e+02
4.4002433443522256e+02
4.4000112282853553e+02
4.4000055969737775e+02
4.4000028721522182e+02
4.4000014639800173e+02
4.4000007464076236e+02
4.4000003806309093e+02
4.4000001941301576e+02
4.4000000990208923e+02
4.4000000505111637e+02
4.4000000257674645e+02
4.4000000131450224e+02
4.4000000067060762e+02
4.4000000034209631e+02
4.4000000017452066e+02
4.4008981944564198e+02
4.4000000049922585e+02
4.3999603784552477e+02
4.4002364002704519e+02
4.4006284694919020e+02
4.4010632034185335e+02
4.4000000025281088e+02
4.3999254057493880e+02
4.3999638009372023e+02
4.4004470452914035e+02
4.4007665812982248e+02
4.4010259304645098e+02
4.4004915484441653e+02
4.4004915484441653e+02
4.4004915484441653e+02
4.4007156366547417e+02
4.4008765040672546e+02
4.4010038022683176e+02
4.4007491349716065e+02
4.4007491349716065e+02
4.4007491349716065e+02
4.4007491349716065e+02
4.4007491349716065e+02
4.4007491349716065e+02
4.4007491349716065e+02
4.4007491349716065e+02
4.4007491349716065e+02
4.4007491349716065e+02
4.4007491349716065e+02
4.4007491349716065e+02
4.4007491349716065e+02
4.4007491349716065e+02
4.4007491349716065e+02
4.4007491349716065e+02
4.4007491349716065e+02
4.4007491349716065e+02
4.4007491349716065e+02
4.4007491349716065e+02
4.4007491349716065e+02
4.4007491349716065e+02
4.4007491349716065e+02
4.4007491349716065e+02
4.4007491349716065e+02
4.4007491349716065e+02
4.4007491349716065e+02
4.4007491349716065e+02
4.4007491349716065e+02
4.4007491349716065e+02
4.4007491349716065e+02
4.4007491349716065e+02
4.4007491349716065e+02
4.4007491349716065e+02
4.4007491349716065e+02
4.4007491349716065e+02
4.4007491349716065e+02
4.4007491349716065e+02
4.4007491349716065e+02
4.4007491349716065e+02
4.4007491349716065e+02
4.4007491349716065e+02
4.4007491349716065e+02
4.4007491349716065e+02
4.4007491349716065e+02
4.4007491349716065e+02
4.4007491349716065e+02
4.4007491349716065e+02
4.4007491349716065e+02
4.4007491349716065e+02
4.4007491349716065e+02
4.4007491349716065e+02
4.4007491349716065e+02
4.4007491349716065e+02
4.4007491349716065e+02
4.4007491349716065e+02
4.4007491349716065e+02
4.4007491349716065e+02
4.4007491349716065e+02
4.4007491349716065e+02
4.4007491349716065e+02
4.4007491349716065e+02
4.4007491349716065e+02
4.4007491349716065e+02
4.4007491349716065e+02
4.4007491349716065e+02
4.4007491349716065e+02
4.4007491349716065e+02
4.4007491349716065e+02
4.4007491349716065e+02
4.4007491349716065e+02
4.4007491349716065e+02
4.4007491349716065e+02
4.4007491349716065e+02
4.4007491349716065e+02
4.4007491349716065e+02
4.4007491349716065e+02
4.4007491349716065e+02
4.4007491349716065e+02
4.4007491349716065e+02
4.4007491349716065e+02
4.4007491349716065e+02
4.4007491349716065e+02
4.4007491349716065e+02
4.4007491349716065e+02
4.4007491349716065e+02
4.4007491349716065e+02
4.4007491349716065e+02
4.4007491349716065e+02
4.4007491349716065e+02
4.4007491349716065e+02
4.4007491349716065e+02
4.4007491349716065e+02
4.4007491349716065e+02
4.4007491349716065e+02
4.4007491349716065e+02
4.4007491349716065e+02
4.4007491349716065e+02
4.4007491349716065e+02
4.4007491349716065e+02
4.4007491349716065e+02
4.4007491349716065e+02
4.4007491349716065e+02
4.4007491349716065e+02
4.4007491349716065e+02
4.4007491349716065e+02
4.4007491349716065e+02
4.4007491349716065e+02
4.4007491349716065e+02
4.4007491349716065e+02
4.4007491349716065e+02
4.4007491349716065e+02
4.4007491349716065e+02
4.4007491349716065e+02
4.4007491349716065e+02
4.4007491349716065e+02
4.4007491349716065e+02
