0.0000000000000000e+00
0.0000000000000000e+00
0.0000000000000000e+00
0.0000000000000000e+00
-8.4552845863830033e+00
-2.2970454104115859e+01
-2.3324484016820442e+01
-2.3333127740480446e+01
-2.3339775016471734e+01
-2.3346410756590892e+01
-2.3346410756590892e+01
-2.3346410756590892e+01
-2.3346410756590892e+01
-2.3346410756590892e+01
-2.3346410756590892e+01
-2.3346410756590892e+01
-2.3346410756590878e+01
-2.3346410756590878e+01
-2.3346410756590871e+01
-2.3346410756590867e+01
-2.3346410756590863e+01
-2.3346410756590863e+01
-2.3346410756590863e+01
-2.3346410756590863e+01
-2.3346410756590863e+01
-1.1970676276286483e+01
-1.1693219955344825e+01
-1.1686458288178757e+01
-1.1681261332600942e+01
-1.1676073424208571e+01
-1.1670885570722572e+01
-1.1670885570722572e+01
-1.1670885570722572e+01
-1.1670885570722572e+01
-1.1670885570722572e+01
-1.1670885570722575e+01
-1.1670885570722586e+01
-1.1670885570722591e+01
-1.1670885570722604e+01
-1.1670885570722612e+01
-1.1670885570722609e+01
-1.1670885570722609e+01
-1.1670885570722609e+01
-1.1670885570722609e+01
-1.1670885570722609e+01
-1.1670885570722609e+01
-1.1670885570722589e+01
-1.1670885570722600e+01
-1.1670885570722604e+01
-1.1670885570722609e+01
-1.1670885570722621e+01
-1.1670885570722621e+01
-1.1670885570722621e+01
-1.1670885570722621e+01
-1.1670885570722621e+01
-1.1670885570722621e+01
-1.1670885570722644e+01
-1.1670885570722628e+01
-1.1670885570722637e+01
-1.1670885570722636e+01
-1.1670885570722612e+01
-1.1670885570722612e+01
-1.1670885570722612e+01
-1.1670885570722612e+01
-1.1670885570722612e+01
-1.1670885570722612e+01
-1.1670885570722596e+01
-1.1670885570722607e+01
-1.1670885570722621e+01
-1.1670885570722643e+01
-1.1670885570722634e+01
-1.1670885570722634e+01
-1.1670885570722634e+01
-1.1670885570722634e+01
-1.1670885570722634e+01
-1.1670885570722634e+01
-1.1670885570722634e+01
-1.1670885570722659e+01
-1.1670885570722669e+01
-1.1670885570722680e+01
-1.1670885570722691e+01
-1.1670885570722691e+01
-1.1670885570722691e+01
-1.1670885570722691e+01
-1.1670885570722691e+01
-1.1670885570722691e+01
-1.1670885570722691e+01
-1.1670885570722703e+01
-1.1670885570722678e+01
-1.1670885570722660e+01
-1.1670885570722655e+01
-1.1670885570722655e+01
-1.1670885570722655e+01
-1.1670885570722655e+01
-1.1670885570722655e+01
-1.1670885570722655e+01
-1.1670885570722623e+01
-1.1670885570722630e+01
-1.1670885570722621e+01
-1.1670885570722623e+01
-1.1670885570722621e+01
-1.1670885570722621e+01
-1.1670885570722621e+01
-1.1670885570722621e+01
-1.1670885570722621e+01
-1.1670885570722621e+01
-1.1670885570722618e+01
-1.1670885570722614e+01
-1.1670885570722636e+01
-1.1670885570722636e+01
-1.1670885570722628e+01
-1.1670885570722625e+01
-1.1670885570722625e+01
-1.1670885570722625e+01
-1.1670885570722625e+01
-1.1670885570722625e+01
-1.1670885570722593e+01
-1.1670885570722575e+01
-1.1670885570722570e+01
-1.1670885570722579e+01
-1.1670885570722563e+01
-1.1670885570722563e+01
-1.1670885570722563e+01
-1.1670885570722563e+01
-1.1670885570722563e+01
-1.1670885570722563e+01
-1.1670885570722559e+01
-1.1670885570722564e+01
-1.1670885570722561e+01
-1.1670885570722561e+01
-1.1670885570722552e+01
-1.1670885570722552e+01
-1.1670885570722552e+01
-1.1670885570722552e+01
-1.1670885570722552e+01
-1.1670885570722552e+01
-1.1670885570722554e+01
-1.1670885570722552e+01
-1.1670885570722515e+01
-1.1670885570722540e+01
-1.1670885570722547e+01
-1.1670885570722547e+01
-1.1670885570722547e+01
-1.1670885570722547e+01
-1.1670885570722547e+01
-1.1670885570722547e+01
-1.1670885570722577e+01
-1.1670885570722577e+01
-1.1670885570722579e+01
-1.1670885570722586e+01
-1.1670885570722605e+01
-1.1670885570722609e+01
-1.1670885570722609e+01
-1.1670885570722609e+01
-1.1670885570722609e+01
-1.1670885570722609e+01
-1.1670885570722605e+01
-1.1670885570722607e+01
-1.1670885570722614e+01
-1.1670885570722632e+01
-1.1670885570722634e+01
