0.0000000000000000e+00
0.0000000000000000e+00
0.0000000000000000e+00
0.0000000000000000e+00
4.2276422931909297e+00
1.1485227052056423e+01
1.1662242008408702e+01
1.1666563870238704e+01
1.1669887508234343e+01
1.1673205378293925e+01
1.1673205378293918e+01
1.1673205378293932e+01
1.1673205378293947e+01
1.1673205378293947e+01
1.1673205378293943e+01
1.1673205378293943e+01
1.1673205378293927e+01
1.1673205378293911e+01
1.1673205378293948e+01
1.1673205378293927e+01
1.1673205378293932e+01
1.1673205378293941e+01
1.1673205378293927e+01
1.1673205378293941e+01
1.1673205378293952e+01
5.9853381381422786e+00
5.8466099776714522e+00
5.8432291440884239e+00
5.8406306662995160e+00
5.8380367121033219e+00
5.8354427853603310e+00
5.8354427853603283e+00
5.8354427853603204e+00
5.8354427853603168e+00
5.8354427853603150e+00
5.8354427853603141e+00
5.8354427853603230e+00
5.8354427853603177e+00
5.8354427853603372e+00
5.8354427853603266e+00
5.8354427853603283e+00
5.8354427853603390e+00
5.8354427853603408e+00
5.8354427853603337e+00
5.8354427853603319e+00
5.8354427853603328e+00
5.8354427853603195e+00
5.8354427853603106e+00
5.8354427853603141e+00
5.8354427853603186e+00
5.8354427853603115e+00
5.8354427853603266e+00
5.8354427853603266e+00
5.8354427853603248e+00
5.8354427853603239e+00
5.8354427853603346e+00
5.8354427853603292e+00
5.8354427853603248e+00
5.8354427853603212e+00
5.8354427853603141e+00
5.8354427853602973e+00
5.8354427853602848e+00
5.8354427853602866e+00
5.8354427853602875e+00
5.8354427853602893e+00
5.8354427853602822e+00
5.8354427853602857e+00
5.8354427853602946e+00
5.8354427853602902e+00
5.8354427853602937e+00
5.8354427853602928e+00
5.8354427853603017e+00
5.8354427853603141e+00
5.8354427853603124e+00
5.8354427853603150e+00
5.8354427853603070e+00
5.8354427853603079e+00
5.8354427853603150e+00
5.8354427853603212e+00
5.8354427853603283e+00
5.8354427853603230e+00
5.8354427853603212e+00
5.8354427853603301e+00
5.8354427853603337e+00
5.8354427853603239e+00
5.8354427853603257e+00
5.8354427853603204e+00
5.8354427853603221e+00
5.8354427853603141e+00
5.8354427853603053e+00
5.8354427853603070e+00
5.8354427853603035e+00
5.8354427853603044e+00
5.8354427853603097e+00
5.8354427853603053e+00
5.8354427853603008e+00
5.8354427853602902e+00
5.8354427853603053e+00
5.8354427853602999e+00
5.8354427853602928e+00
5.8354427853602928e+00
5.8354427853602902e+00
5.8354427853602919e+00
5.8354427853602902e+00
5.8354427853602884e+00
5.8354427853602893e+00
5.8354427853602839e+00
5.8354427853602857e+00
5.8354427853602857e+00
5.8354427853602822e+00
5.8354427853602910e+00
5.8354427853602999e+00
5.8354427853603132e+00
5.8354427853603124e+00
5.8354427853603204e+00
5.8354427853603115e+00
5.8354427853603053e+00
5.8354427853603017e+00
5.8354427853603017e+00
5.8354427853602999e+00
5.8354427853602928e+00
5.8354427853602937e+00
5.8354427853602981e+00
5.8354427853603097e+00
5.8354427853603141e+00
5.8354427853603195e+00
5.8354427853603124e+00
5.8354427853603221e+00
5.8354427853603177e+00
5.8354427853603124e+00
5.8354427853603106e+00
5.8354427853603053e+00
5.8354427853603088e+00
5.8354427853603070e+00
5.8354427853602964e+00
5.8354427853603008e+00
5.8354427853602999e+00
5.8354427853602955e+00
5.8354427853602875e+00
5.8354427853602999e+00
5.8354427853602973e+00
5.8354427853602919e+00
5.8354427853602964e+00
5.8354427853603070e+00
5.8354427853603159e+00
5.8354427853603079e+00
5.8354427853603186e+00
5.8354427853603257e+00
5.8354427853603319e+00
5.8354427853603354e+00
5.8354427853603514e+00
5.8354427853603585e+00
5.8354427853603603e+00
5.8354427853603550e+00
5.8354427853603497e+00
5.8354427853603426e+00
5.8354427853603532e+00
5.8354427853603443e+00
5.8354427853603408e+00
5.8354427853603550e+00
5.8354427853603665e+00
