0.0000000000000000e+00
0.0000000000000000e+00
0.0000000000000000e+00
0.0000000000000000e+00
4.2276422931920665e+00
1.1485227052059372e+01
1.1662242008411667e+01
1.1666563870241674e+01
1.1669887508237313e+01
1.1673205378296885e+01
1.1673205378296894e+01
1.1673205378296910e+01
1.1673205378296933e+01
1.1673205378296934e+01
1.1673205378296926e+01
1.1673205378296929e+01
1.1673205378296952e+01
1.1673205378296942e+01
1.1673205378296954e+01
1.1673205378296956e+01
1.1673205378296963e+01
1.1673205378296981e+01
1.1673205378296966e+01
1.1673205378296981e+01
1.1673205378296981e+01
5.9853381381442796e+00
5.8466099776734435e+00
5.8432291440904098e+00
5.8406306663015064e+00
5.8380367121053167e+00
5.8354427853623303e+00
5.8354427853623303e+00
5.8354427853623267e+00
5.8354427853623214e+00
5.8354427853623179e+00
5.8354427853623152e+00
5.8354427853623143e+00
5.8354427853623196e+00
5.8354427853623267e+00
5.8354427853623250e+00
5.8354427853623232e+00
5.8354427853623232e+00
5.8354427853623285e+00
5.8354427853623214e+00
5.8354427853623196e+00
5.8354427853623196e+00
5.8354427853623125e+00
5.8354427853623125e+00
5.8354427853623108e+00
5.8354427853623143e+00
5.8354427853623161e+00
5.8354427853623321e+00
5.8354427853623321e+00
5.8354427853623303e+00
5.8354427853623303e+00
5.8354427853623383e+00
5.8354427853623596e+00
5.8354427853623578e+00
5.8354427853623587e+00
5.8354427853623543e+00
5.8354427853623445e+00
5.8354427853623427e+00
5.8354427853623445e+00
5.8354427853623481e+00
5.8354427853623445e+00
5.8354427853623445e+00
5.8354427853623392e+00
5.8354427853623410e+00
5.8354427853623374e+00
5.8354427853623339e+00
5.8354427853623356e+00
5.8354427853623427e+00
5.8354427853623561e+00
5.8354427853623569e+00
5.8354427853623569e+00
5.8354427853623489e+00
5.8354427853623552e+00
5.8354427853623489e+00
5.8354427853623525e+00
5.8354427853623543e+00
5.8354427853623498e+00
5.8354427853623472e+00
5.8354427853623525e+00
5.8354427853623578e+00
5.8354427853623561e+00
5.8354427853623578e+00
5.8354427853623489e+00
5.8354427853623498e+00
5.8354427853623436e+00
5.8354427853623454e+00
5.8354427853623383e+00
5.8354427853623330e+00
5.8354427853623347e+00
5.8354427853623418e+00
5.8354427853623339e+00
5.8354427853623285e+00
5.8354427853623285e+00
5.8354427853623285e+00
5.8354427853623339e+00
5.8354427853623418e+00
5.8354427853623321e+00
5.8354427853623294e+00
5.8354427853623294e+00
5.8354427853623312e+00
5.8354427853623276e+00
5.8354427853623267e+00
5.8354427853623285e+00
5.8354427853623374e+00
5.8354427853623427e+00
5.8354427853623383e+00
5.8354427853623401e+00
5.8354427853623507e+00
5.8354427853623614e+00
5.8354427853623552e+00
5.8354427853623649e+00
5.8354427853623596e+00
5.8354427853623623e+00
5.8354427853623676e+00
5.8354427853623676e+00
5.8354427853623836e+00
5.8354427853623871e+00
5.8354427853623880e+00
5.8354427853623907e+00
5.8354427853624031e+00
5.8354427853624049e+00
5.8354427853624138e+00
5.8354427853624067e+00
5.8354427853624138e+00
5.8354427853624129e+00
5.8354427853624138e+00
5.8354427853624156e+00
5.8354427853624093e+00
5.8354427853624138e+00
5.8354427853624120e+00
5.8354427853623996e+00
5.8354427853624031e+00
5.8354427853624120e+00
5.8354427853624111e+00
5.8354427853624067e+00
5.8354427853624120e+00
5.8354427853624005e+00
5.8354427853623978e+00
5.8354427853624014e+00
5.8354427853624102e+00
5.8354427853624173e+00
5.8354427853624102e+00
5.8354427853624120e+00
5.8354427853624138e+00
5.8354427853624138e+00
5.8354427853624280e+00
5.8354427853624404e+00
5.8354427853624484e+00
5.8354427853624511e+00
5.8354427853624493e+00
5.8354427853624422e+00
5.8354427853624342e+00
5.8354427853624333e+00
5.8354427853624191e+00
5.8354427853624244e+00
5.8354427853624209e+00
5.8354427853624227e+00
