0.0000000000000000e+00
-8.0000000033825149e-04
-1.6000000002501838e-03
-2.4000000002503785e-03
-4.4682926896074723e-03
-7.4455681160317116e-03
-7.4986726865669574e-03
-7.4999704366383244e-03
-7.5012681883937712e-03
-7.5025659418333761e-03
-7.5019616178845869e-03
-6.7019616138254733e-03
-5.9019616137388287e-03
-5.1019616137383313e-03
-4.3019616137381549e-03
-3.5019616134889103e-03
-3.5019616134888648e-03
-3.5019616134884051e-03
-3.5019616134883700e-03
-3.5019616134882581e-03
-3.5019616134883340e-03
-2.7019616138251813e-03
-1.9019616137370733e-03
-1.1019616137374650e-03
-3.0196161373775566e-04
2.2043985531340496e-03
2.2460169620860380e-03
2.2470304735203411e-03
2.2480439839286997e-03
2.2490574933092707e-03
2.2500710016629144e-03
1.4493671453262829e-03
6.4936716260977198e-04
-1.5063283585933248e-04
-9.5063283585960601e-04
-1.7506328356091108e-03
-1.7506328356095425e-03
-1.7506328356097032e-03
-1.7506328356098346e-03
-1.7506328356099671e-03
-1.7506328356102921e-03
-2.5506328359469876e-03
-3.3506328358591194e-03
-4.1506328358585347e-03
-4.9506328358584449e-03
-5.7506328358582796e-03
-5.7506328360704415e-03
-5.7506328362826641e-03
-5.7506328364948589e-03
-5.7506328367075057e-03
-5.7506328369204829e-03
-4.9506328359445913e-03
-4.1506328358572354e-03
-3.3506328358573578e-03
-2.5506328358570404e-03
-1.7506328356082658e-03
-1.7506328356076894e-03
-1.7506328356080177e-03
-1.7506328356078561e-03
-1.7506328356083456e-03
-1.7506328356085594e-03
-9.5063283594513655e-04
-1.5063283585707758e-04
6.4936716414330721e-04
1.4493671641435100e-03
2.2493671641442958e-03
2.2493671496562626e-03
2.2493671351686011e-03
2.2493671206810068e-03
2.2493671061931250e-03
2.2493670917056842e-03
1.4493671640555133e-03
6.4936716414363139e-04
-1.5063283585658037e-04
-9.5063283585639395e-04
-1.7506328356061993e-03
-1.7506328356063103e-03
-1.7506328356060316e-03
-1.7506328356061724e-03
-1.7506328356062231e-03
-1.7506328356067192e-03
-2.5506328359467963e-03
-3.3506328358574584e-03
-4.1506328358573647e-03
-4.9506328358565541e-03
-5.7506328358564070e-03
-5.7506328360684977e-03
-5.7506328362806978e-03
-5.7506328364934651e-03
-5.7506328367062844e-03
-5.7506328369191003e-03
-4.9506328359439954e-03
-4.1506328358552561e-03
-3.3506328358563547e-03
-2.5506328358563049e-03
-1.7506328356073097e-03
-1.7506328356075172e-03
-1.7506328356076638e-03
-1.7506328356076495e-03
-1.7506328356068990e-03
-1.7506328356069547e-03
-9.5063283594381165e-04
-1.5063283585665371e-04
6.4936716414254957e-04
1.4493671641433075e-03
2.2493671641434197e-03
2.2493671496553154e-03
2.2493671351672020e-03
2.2493671206803927e-03
2.2493671061929116e-03
2.2493670917055415e-03
1.4493671640550491e-03
6.4936716414388303e-04
-1.5063283585639494e-04
-9.5063283585652134e-04
-1.7506328356062955e-03
-1.7506328356060614e-03
-1.7506328356063354e-03
-1.7506328356061620e-03
-1.7506328356059740e-03
-1.7506328356065868e-03
-2.5506328359447060e-03
-3.3506328358563100e-03
-4.1506328358566890e-03
-4.9506328358567345e-03
-5.7506328358570783e-03
-5.7506328360696695e-03
-5.7506328362817178e-03
-5.7506328364944652e-03
-5.7506328367070902e-03
-5.7506328369196832e-03
-4.9506328359432078e-03
-4.1506328358545666e-03
-3.3506328358550433e-03
-2.5506328358544674e-03
-1.7506328356056984e-03
-1.7506328356061565e-03
-1.7506328356058816e-03
-1.7506328356061858e-03
-1.7506328356047874e-03
-1.7506328356047757e-03
-9.5063283594236814e-04
-1.5063283585389867e-04
6.4936716414532416e-04
1.4493671641458562e-03
2.2493671641455929e-03
2.2493671496585949e-03
2.2493671351702374e-03
2.2493671206820515e-03
2.2493671061950531e-03
2.2493670917073300e-03
1.4493671640565659e-03
6.4936716414492615e-04
-1.5063283585476864e-04
-9.5063283585554133e-04
-1.7506328356056478e-03
-1.7506328356056574e-03
-1.7506328356053011e-03
-1.7506328356054930e-03
-1.7506328356052482e-03
-1.7506328356057803e-03
