0.0000000000000000e+00
2.0000000008920152e-04
4.0000000014636428e-04
6.0000000014644780e-04
1.4341463446721982e-03
2.7227840579889416e-03
2.7493363148062772e-03
2.7499840208947204e-03
2.7506317265646569e-03
2.7512794318151068e-03
2.7509808064693653e-03
2.5509808068328896e-03
2.3509808068898548e-03
2.1509808068897883e-03
1.9509808068902228e-03
1.7509808067433436e-03
1.7509808067431155e-03
1.7509808067424724e-03
1.7509808067432569e-03
1.7509808067432619e-03
1.7509808067432452e-03
1.5509808068327720e-03
1.3509808068898552e-03
1.1509808068907665e-03
9.5098080689010793e-04
-1.0219927701540649e-04
-1.2300849711356144e-04
-1.2351597221135012e-04
-1.2402344756642553e-04
-1.2453092317991216e-04
-1.2503839905062347e-04
7.5316428932283933e-05
2.7531641799467571e-04
4.7531641794990346e-04
6.7531641794974493e-04
8.7531641780300574e-04
8.7531641780280831e-04
8.7531641780253216e-04
8.7531641780159422e-04
8.7531641780120087e-04
8.7531641780135396e-04
1.0753164178923535e-03
1.2753164179497311e-03
1.4753164179494263e-03
1.6753164179494574e-03
1.8753164179498467e-03
1.8753164180753282e-03
1.8753164182010713e-03
1.8753164183264222e-03
1.8753164184519997e-03
1.8753164185774359e-03
1.6753164178910664e-03
1.4753164179487023e-03
1.2753164179482744e-03
1.0753164179483790e-03
8.7531641780178590e-04
8.7531641780261142e-04
8.7531641780280581e-04
8.7531641780325066e-04
8.7531641780234297e-04
8.7531641780187958e-04
6.7531641789270224e-04
4.7531641794978767e-04
2.7531641794951062e-04
7.5316417950404790e-05
-1.2468358204851529e-04
-1.2468358279051872e-04
-1.2468358353155061e-04
-1.2468358427289965e-04
-1.2468358501429593e-04
-1.2468358575568967e-04
7.5316417895010082e-05
2.7531641795168450e-04
4.7531641795178737e-04
6.7531641795213039e-04
8.7531641780530067e-04
8.7531641780614060e-04
8.7531641780621476e-04
8.7531641780644158e-04
8.7531641780665094e-04
8.7531641780569185e-04
1.0753164178938903e-03
1.2753164179504181e-03
1.4753164179505157e-03
1.6753164179511421e-03
1.8753164179515979e-03
1.8753164180767079e-03
1.8753164182029151e-03
1.8753164183277445e-03
1.8753164184540125e-03
1.8753164185789119e-03
1.6753164178932084e-03
1.4753164179509967e-03
1.2753164179510612e-03
1.0753164179515059e-03
8.7531641780518412e-04
8.7531641780552879e-04
8.7531641780545051e-04
8.7531641780525362e-04
8.7531641780605755e-04
8.7531641780627255e-04
6.7531641789459309e-04
4.7531641795124169e-04
2.7531641795098242e-04
7.5316417950891895e-05
-1.2468358204902925e-04
-1.2468358279003124e-04
-1.2468358353198266e-04
-1.2468358427342117e-04
-1.2468358501472449e-04
-1.2468358575601964e-04
7.5316417895137869e-05
2.7531641795157765e-04
4.7531641795140698e-04
6.7531641795157593e-04
8.7531641780517295e-04
8.7531641780570963e-04
8.7531641780546569e-04
8.7531641780520504e-04
8.7531641780482601e-04
8.7531641780464267e-04
1.0753164178953557e-03
1.2753164179515734e-03
1.4753164179518985e-03
1.6753164179516198e-03
1.8753164179517690e-03
1.8753164180776100e-03
1.8753164182038146e-03
1.8753164183299802e-03
1.8753164184560451e-03
1.8753164185811560e-03
1.6753164178959527e-03
1.4753164179534763e-03
1.2753164179540592e-03
1.0753164179539037e-03
8.7531641780721787e-04
8.7531641780629326e-04
8.7531641780711476e-04
8.7531641780652528e-04
8.7531641780678364e-04
8.7531641780607479e-04
6.7531641789640674e-04
4.7531641795328509e-04
2.7531641795307309e-04
7.5316417953426448e-05
-1.2468358204651743e-04
-1.2468358278726511e-04
-1.2468358352891225e-04
-1.2468358426962839e-04
-1.2468358501040722e-04
-1.2468358575187937e-04
7.5316417896575656e-05
2.7531641795389128e-04
4.7531641795328422e-04
6.7531641795294224e-04
8.7531641780601483e-04
8.7531641780595726e-04
8.7531641780618169e-04
8.7531641780595553e-04
8.7531641780595922e-04
8.7531641780604779e-04
