0.0000000000000000e+00
2.0000000008936049e-04
4.0000000014677720e-04
6.0000000014697841e-04
1.4341463446728400e-03
2.7227840579898931e-03
2.7493363148070622e-03
2.7499840208958025e-03
2.7506317265656162e-03
2.7512794318157422e-03
2.7509808064701637e-03
2.5509808068336273e-03
2.3509808068908240e-03
2.1509808068897580e-03
1.9509808068902304e-03
1.7509808067436758e-03
1.7509808067432955e-03
1.7509808067434191e-03
1.7509808067433402e-03
1.7509808067433408e-03
1.7509808067427029e-03
1.5509808068323531e-03
1.3509808068894508e-03
1.1509808068900533e-03
9.5098080689026297e-04
-1.0219927701589337e-04
-1.2300849711386757e-04
-1.2351597221142558e-04
-1.2402344756623108e-04
-1.2453092317869273e-04
-1.2503839904886459e-04
7.5316428932816547e-05
2.7531641799528151e-04
4.7531641795050899e-04
6.7531641795079531e-04
8.7531641780378170e-04
8.7531641780414838e-04
8.7531641780487978e-04
8.7531641780437422e-04
8.7531641780371915e-04
8.7531641780321163e-04
1.0753164178918314e-03
1.2753164179488473e-03
1.4753164179490174e-03
1.6753164179493256e-03
1.8753164179496178e-03
1.8753164180755281e-03
1.8753164182005785e-03
1.8753164183266343e-03
1.8753164184513729e-03
1.8753164185772524e-03
1.6753164178920992e-03
1.4753164179485021e-03
1.2753164179491753e-03
1.0753164179490272e-03
8.7531641780293711e-04
8.7531641780321315e-04
8.7531641780303089e-04
8.7531641780277784e-04
8.7531641780264600e-04
8.7531641780230415e-04
6.7531641789256834e-04
4.7531641794926443e-04
2.7531641794973152e-04
7.5316417949699584e-05
-1.2468358204950416e-04
-1.2468358279103947e-04
-1.2468358353241393e-04
-1.2468358427409850e-04
-1.2468358501538645e-04
-1.2468358575686863e-04
7.5316417893436430e-05
2.7531641795107328e-04
4.7531641795045608e-04
6.7531641795025993e-04
8.7531641780365604e-04
8.7531641780287650e-04
8.7531641780298373e-04
8.7531641780296877e-04
8.7531641780173950e-04
8.7531641780221590e-04
1.0753164178921167e-03
1.2753164179492857e-03
1.4753164179489393e-03
1.6753164179497729e-03
1.8753164179497695e-03
1.8753164180752584e-03
1.8753164182005394e-03
1.8753164183262429e-03
1.8753164184518985e-03
1.8753164185770633e-03
1.6753164178917540e-03
1.4753164179489141e-03
1.2753164179486627e-03
1.0753164179488591e-03
8.7531641780278467e-04
8.7531641780217882e-04
8.7531641780257032e-04
8.7531641780241127e-04
8.7531641780292995e-04
8.7531641780234264e-04
6.7531641789179281e-04
4.7531641794895478e-04
2.7531641794867643e-04
7.5316417948841655e-05
-1.2468358205137820e-04
-1.2468358279236802e-04
-1.2468358353370321e-04
-1.2468358427508163e-04
-1.2468358501606817e-04
-1.2468358575714401e-04
7.5316417892350195e-05
2.7531641794973776e-04
4.7531641794918165e-04
6.7531641794855350e-04
8.7531641780260599e-04
8.7531641780269512e-04
8.7531641780243447e-04
8.7531641780264232e-04
8.7531641780245594e-04
8.7531641780178948e-04
1.0753164178911750e-03
1.2753164179477472e-03
1.4753164179483866e-03
1.6753164179486508e-03
1.8753164179471863e-03
1.8753164180728256e-03
1.8753164181986211e-03
1.8753164183240752e-03
1.8753164184495425e-03
1.8753164185755832e-03
1.6753164178895559e-03
1.4753164179464942e-03
1.2753164179466767e-03
1.0753164179463990e-03
8.7531641780055143e-04
8.7531641780055609e-04
8.7531641780073672e-04
8.7531641780037731e-04
8.7531641780110806e-04
8.7531641780081782e-04
6.7531641789081724e-04
4.7531641794705185e-04
2.7531641794725168e-04
7.5316417946759160e-05
-1.2468358205296792e-04
-1.2468358279452867e-04
-1.2468358353674965e-04
-1.2468358427812295e-04
-1.2468358501957830e-04
-1.2468358576108403e-04
7.5316417890110613e-05
2.7531641794622760e-04
4.7531641794631887e-04
6.7531641794586999e-04
8.7531641779921439e-04
8.7531641779883666e-04
8.7531641779826864e-04
8.7531641779765715e-04
8.7531641779820121e-04
8.7531641779728430e-04
