0.0000000000000000e+00
0.0000000000000000e+00
0.0000000000000000e+00
0.0000000000000000e+00
1.2682926879574504e-03
3.4455681156173794e-03
3.4986726025230653e-03
3.4999691610720658e-03
3.5009662524707595e-03
3.5019616134886332e-03
3.5019616134886332e-03
3.5019616134886332e-03
3.5019616134886332e-03
3.5019616134886332e-03
3.5019616134886332e-03
3.5019616134886332e-03
3.5019616134886332e-03
3.5019616134886332e-03
3.5019616134886332e-03
3.5019616134886332e-03
3.5019616134886332e-03
3.5019616134886332e-03
3.5019616134886332e-03
3.5019616134886332e-03
3.5019616134886332e-03
5.2083217855342905e-03
5.2499402336755423e-03
5.2509544837504515e-03
5.2517340270871226e-03
5.2525122133459771e-03
5.2532903913688781e-03
5.2532903913688781e-03
5.2532903913688781e-03
5.2532903913688781e-03
5.2532903913688781e-03
5.2532903913688781e-03
5.2532903913688781e-03
5.2532903913688781e-03
5.2532903913688781e-03
5.2532903913688781e-03
5.2532903913688781e-03
5.2532903913688781e-03
5.2532903913688781e-03
5.2532903913688781e-03
5.2532903913688781e-03
5.2532903913688781e-03
5.2532903913688781e-03
5.2532903913688781e-03
5.2532903913688781e-03
5.2532903913688781e-03
5.2532903913688781e-03
5.2532903913688781e-03
5.2532903913688781e-03
5.2532903913688781e-03
5.2532903913688781e-03
5.2532903913688781e-03
5.2532903913688781e-03
5.2532903913688781e-03
5.2532903913688781e-03
5.2532903913688781e-03
5.2532903913688781e-03
5.2532903913688781e-03
5.2532903913688781e-03
5.2532903913688781e-03
5.2532903913688781e-03
5.2532903913688781e-03
5.2532903913688781e-03
5.2532903913688781e-03
5.2532903913688781e-03
5.2532903913688781e-03
5.2532903913688781e-03
5.2532903913688781e-03
5.2532903913688781e-03
5.2532903913688781e-03
5.2532903913688781e-03
5.2532903913688781e-03
5.2532903913688781e-03
5.2532903913688781e-03
5.2532903913688781e-03
5.2532903913688781e-03
5.2532903913688781e-03
5.2532903913688781e-03
5.2532903913688781e-03
5.2532903913688781e-03
5.2532903913688781e-03
5.2532903913688781e-03
5.2532903913688781e-03
5.2532903913688781e-03
5.2532903913688781e-03
5.2532903913688781e-03
5.2532903913688781e-03
5.2532903913688781e-03
5.2532903913688781e-03
5.2532903913688781e-03
5.2532903913688781e-03
5.2532903913688781e-03
5.2532903913688781e-03
5.2532903913688781e-03
5.2532903913688781e-03
5.2532903913688781e-03
5.2532903913688781e-03
5.2532903913688781e-03
5.2532903913688781e-03
5.2532903913688781e-03
5.2532903913688781e-03
5.2532903913688781e-03
5.2532903913688781e-03
5.2532903913688781e-03
5.2532903913688781e-03
5.2532903913688781e-03
5.2532903913688781e-03
5.2532903913688781e-03
5.2532903913688781e-03
5.2532903913688781e-03
5.2532903913688781e-03
5.2532903913688781e-03
5.2532903913688781e-03
5.2532903913688781e-03
5.2532903913688781e-03
5.2532903913688781e-03
5.2532903913688781e-03
5.2532903913688781e-03
5.2532903913688781e-03
5.2532903913688781e-03
5.2532903913688781e-03
5.2532903913688781e-03
5.2532903913688781e-03
5.2532903913688781e-03
5.2532903913688781e-03
5.2532903913688781e-03
5.2532903913688781e-03
5.2532903913688781e-03
5.2532903913688781e-03
5.2532903913688781e-03
5.2532903913688781e-03
5.2532903913688781e-03
5.2532903913688781e-03
5.2532903913688781e-03
5.2532903913688781e-03
5.2532903913688781e-03
5.2532903913688781e-03
5.2532903913688781e-03
5.2532903913688781e-03
5.2532903913688781e-03
5.2532903913688781e-03
5.2532903913688781e-03
5.2532903913688781e-03
5.2532903913688781e-03
5.2532903913688781e-03
5.2532903913688781e-03
5.2532903913688781e-03
5.2532903913688781e-03
5.2532903913688781e-03
5.2532903913688781e-03
5.2532903913688781e-03
5.2532903913688781e-03
5.2532903913688781e-03
5.2532903913688781e-03
5.2532903913688781e-03
5.2532903913688781e-03
5.2532903913688781e-03
