0.0000000000000000e+00
-8.8000000036792486e+01
-1.7600000002013431e+02
-2.6400000002014724e+02
-3.5200000015674681e+02
-4.4000000003879984e+02
-4.4000000990182588e+02
-4.4000021762314032e+02
-4.4002677871282123e+02
-4.4005349233526852e+02
-4.4000000060444967e+02
-3.5200000003665457e+02
-2.6400000002019755e+02
-1.7600000002016378e+02
-8.8000000020103670e+01
-1.0673592007390021e-10
-1.4697089221684634e-10
-1.0744659934161901e-10
-5.1904009543700618e-11
-6.3538629586605805e-11
-9.5678328896311913e-11
8.7999999963335711e+01
1.7599999998000791e+02
2.6399999998002022e+02
3.5199999997996559e+02
4.3999999948329412e+02
4.3999999465987298e+02
4.3999986635402990e+02
4.4002039208307275e+02
4.4004103707660187e+02
4.4006168263666837e+02
3.5199999846268463e+02
2.6399999978158871e+02
1.7599999997970698e+02
8.7999999979677980e+01
-1.7757894234585271e-10
-2.2997650561007215e-10
-2.3656402418177656e-10
-3.0066964844348587e-10
-3.6533022013500871e-10
-4.1335338546156245e-10
-8.8000000036959193e+01
-1.7600000002033337e+02
-2.6400000002025905e+02
-3.5200000002024620e+02
-4.4000000002020380e+02
-4.4000000003714712e+02
-4.4000000005412574e+02
-4.4000000007107280e+02
-4.4000000008812447e+02
-4.4000000010518397e+02
-3.5200000003672415e+02
-2.6400000002014690e+02
-1.7600000002014912e+02
-8.8000000020104608e+01
-1.4549594811082426e-10
-3.0669833263177480e-11
-8.4339576106665099e-11
-9.0457423322833984e-11
-2.0822231660935606e-10
-2.7620655144667376e-10
8.7999999963258546e+01
1.7599999997988459e+02
2.6399999997994661e+02
3.5199999997997242e+02
4.3999999998016818e+02
4.3999999800245502e+02
4.3999999602484650e+02
4.3999999404720967e+02
4.3999999206958228e+02
4.3999999009196927e+02
3.5199999996335708e+02
2.6399999998004063e+02
1.7599999997997065e+02
8.7999999980002741e+01
1.2101316569024354e-10
1.1903711117316791e-10
1.5901663292794313e-10
1.5128197360877985e-10
1.0184990538602785e-10
1.5264327209233421e-12
-8.8000000037057106e+01
-1.7600000002026880e+02
-2.6400000002026411e+02
-3.5200000002010790e+02
-4.4000000002007761e+02
-4.4000000003704747e+02
-4.4000000005399193e+02
-4.4000000007104410e+02
-4.4000000008805659e+02
-4.4000000010514782e+02
-3.5200000003676155e+02
-2.6400000001997762e+02
-1.7600000002011498e+02
-8.8000000020079327e+01
-6.4876630943169784e-11
-1.1457840660124947e-10
-1.3775095389732340e-10
-1.4767906501844346e-10
-8.3871133359808546e-12
-1.9074513081329544e-11
8.7999999963324171e+01
1.7599999997984460e+02
2.6399999997977017e+02
3.5199999997983372e+02
4.3999999997985168e+02
4.3999999800223469e+02
4.3999999602454443e+02
4.3999999404702697e+02
4.3999999206946734e+02
4.3999999009193408e+02
3.5199999996329223e+02
2.6399999997999259e+02
1.7599999997990420e+02
8.7999999979868321e+01
3.8322550507481059e-11
9.0743003170034817e-11
3.9701909352356206e-11
7.9668042344918433e-11
9.9096302143773616e-11
-2.7357662900845409e-11
-8.8000000036741753e+01
-1.7600000002011629e+02
-2.6400000002012047e+02
-3.5200000002014127e+02
-4.4000000002025365e+02
-4.4000000003724938e+02
-4.4000000005415160e+02
-4.4000000007116194e+02
-4.4000000008815607e+02
-4.4000000010517357e+02
-3.5200000003660728e+02
-2.6400000001987280e+02
-1.7600000001990082e+02
-8.8000000019835795e+01
1.2263169945312274e-10
1.6512335571006451e-11
9.1658782570978212e-11
9.0550380870340286e-13
2.2987437572295658e-10
1.7493697337117333e-10
8.7999999963547538e+01
1.7599999998021866e+02
2.6399999998010509e+02
3.5199999998015159e+02
4.3999999998014096e+02
4.3999999800261787e+02
4.3999999602487082e+02
4.3999999404722888e+02
4.3999999206969380e+02
4.3999999009203322e+02
3.5199999996333929e+02
2.6399999997998196e+02
1.7599999997997983e+02
8.7999999979843523e+01
-8.4765836951763249e-11
-7.7404998141864023e-11
-2.6373569760817674e-11
-7.2341955531983921e-11
-3.2478135770439464e-11
-1.2434328519660559e-10
