0.0000000000000000e+00
8.3736809491947507e-10
1.4789851229885055e-08
1.4815037882839785e-08
4.9523725176848736e-08
1.3573442009217866e-08
-1.3139890897155632e-06
-1.5462168777457898e-04
1.2868477426079050e-02
2.5967565295589929e-02
-2.4179931845329526e-07
7.9620873924687207e-10
1.4651469905076951e-08
1.4569782292428435e-08
1.4657765980330444e-08
-1.6591736137907550e-10
-2.3872212105165966e-10
-2.2882770147611488e-10
-1.7789015152266284e-10
-1.9594545107224347e-10
-2.7292780442938528e-10
6.9427958443080990e-10
1.4640832649041361e-08
1.4755635590796733e-08
1.4730274553099420e-08
1.5963718353144278e-07
-8.6552188258926047e-07
-9.4976281994013271e-05
-1.0516273958501285e-02
-2.0997373663242079e-02
-3.1478926253178996e-02
1.1197697244415466e-06
-4.4780132418502876e-08
1.4681820278333631e-08
1.4702476493429393e-08
-1.4217719326420756e-10
-1.3212464556140049e-10
-7.3242899545033309e-11
-1.4421601059719354e-10
-2.2377450089500503e-10
-2.6370439061828974e-10
6.1395775964915937e-10
1.4538290963097049e-08
1.4583152788478304e-08
1.4601447533608813e-08
1.4663674328374765e-08
2.7461792189479213e-08
4.0177546834733233e-08
5.2978141095612968e-08
6.5630874529096120e-08
7.8372194855807796e-08
6.3691918149909878e-10
1.4516534898490223e-08
1.4567025954802448e-08
1.4560396941327891e-08
-2.1654258828056855e-10
-1.2446718755855231e-10
-1.6805107371352866e-10
-1.9288815527556601e-10
-3.0792079450781728e-10
-3.7146372715259437e-10
7.2623176106598948e-10
1.4595079351827827e-08
1.4655772510199322e-08
1.4668486387274776e-08
1.4860625934062214e-08
-7.5314982922996379e-07
-1.5210824180425002e-06
-2.2890681225380048e-06
-3.0569957960494986e-06
-3.8249556719653614e-06
8.8685187281684948e-10
1.4848379276730055e-08
1.4763619835541986e-08
1.4767159395767691e-08
-3.6886559926137663e-11
-6.3952921837843561e-11
-5.5956273200165081e-11
-6.2610772405575169e-11
-1.9053679532305561e-10
-2.1766074900244601e-10
5.7647167169141806e-10
1.4530007723613994e-08
1.4513582229689553e-08
1.4650792802380915e-08
1.4666209657187624e-08
2.7393483383987915e-08
4.0171846139413895e-08
5.2890361265548725e-08
6.5673910005243201e-08
7.8313006682218881e-08
5.7119689640635694e-10
1.4572397371255122e-08
1.4513681181285877e-08
1.4559523314985230e-08
-1.7336033193458771e-10
-2.7098488628527714e-10
-2.5841749091449693e-10
-2.4469169119565741e-10
-1.3739587581036629e-10
-1.9118788989535607e-10
6.4610351511984174e-10
1.4531970012935620e-08
1.4484770480400354e-08
1.4505668330347362e-08
1.4493737051908946e-08
-7.5338247040975229e-07
-1.5213624926202499e-06
-2.2892880025761668e-06
-3.0571593774825467e-06
-3.8250405996302757e-06
7.7234507342226900e-10
1.4714920231580860e-08
1.4599649670649715e-08
1.4534281971403802e-08
-1.7222755117650188e-10
-1.3434002271726146e-10
-1.9585668646647361e-10
-1.4151038095703310e-10
-1.4386643001278419e-10
-2.7925366350373396e-10
6.3696658983311324e-10
1.4467394007791958e-08
1.4559599013547462e-08
1.4549610010998244e-08
1.4344916090000020e-08
2.7104640157739552e-08
3.9941044825461904e-08
5.2697448118410517e-08
6.5466234390894893e-08
7.8232989890532850e-08
4.7992706600951756e-10
1.4415200151375870e-08
1.4432116929691631e-08
1.4430544305078393e-08
-3.6008907357843496e-10
-4.3788204267915532e-10
-3.7084804122062144e-10
-4.5724391947049455e-10
-2.9190588341346314e-10
-3.6565723989948460e-10
6.3604172628002202e-10
1.4470828173870184e-08
1.4433734153398507e-08
1.4408189216303697e-08
1.4433915503024894e-08
-7.5347615248357139e-07
-1.5215717888494723e-06
-2.2895016627170309e-06
-3.0574056546351207e-06
-3.8253878707169864e-06
5.0802969260667495e-10
1.4320163730091682e-08
1.4289522576686458e-08
1.4189101364218880e-08
-6.4948131061418301e-10
-6.5362959641575178e-10
-6.5851153025812670e-10
-7.2063368643835252e-10
-6.6412604427166563e-10
-7.5553788793683791e-10
