2.9999999999999983e+02
2.9999999999999983e+02
2.9999999999999983e+02
2.9999999999999983e+02
3.3931707332668088e+02
4.0554431889618104e+02
4.0501328256259745e+02
4.0500037139071082e+02
4.0502998466552106e+02
4.0505984376567682e+02
4.0505884840465865e+02
4.0505884840465865e+02
4.0505884840465865e+02
4.0505884840465865e+02
4.0505884840465865e+02
4.0505884840465865e+02
4.0505884840465865e+02
4.0505884840465865e+02
4.0505884840465865e+02
4.0505884840465865e+02
4.0505884840465865e+02
4.0505884840465865e+02
4.0505884840465865e+02
4.0505884840465865e+02
4.0505884840465865e+02
4.5795601373807415e+02
4.5753982545840728e+02
4.5752964876258824e+02
4.5755280035595024e+02
4.5757614458663784e+02
4.5759948991908897e+02
4.5759871174106615e+02
4.5759871174106615e+02
4.5759871174106615e+02
4.5759871174106615e+02
4.5759871174106615e+02
4.5759871174106615e+02
4.5759871174106615e+02
4.5759871174106615e+02
4.5759871174106615e+02
4.5759871174106615e+02
4.5759871174106615e+02
4.5759871174106615e+02
4.5759871174106615e+02
4.5759871174106615e+02
4.5759871174106615e+02
4.5759871174106615e+02
4.5759871174106615e+02
4.5759871174106615e+02
4.5759871174106615e+02
4.5759871174106615e+02
4.5759871174106615e+02
4.5759871174106615e+02
4.5759871174106615e+02
4.5759871174106615e+02
4.5759871174106615e+02
4.5759871174106615e+02
4.5759871174106615e+02
4.5759871174106615e+02
4.5759871174106615e+02
4.5759871174106615e+02
4.5759871174106615e+02
4.5759871174106615e+02
4.5759871174106615e+02
4.5759871174106615e+02
4.5759871174106615e+02
4.5759871174106615e+02
4.5759871174106615e+02
4.5759871174106615e+02
4.5759871174106615e+02
4.5759871174106615e+02
4.5759871174106615e+02
4.5759871174106615e+02
4.5759871174106615e+02
4.5759871174106615e+02
4.5759871174106615e+02
4.5759871174106615e+02
4.5759871174106615e+02
4.5759871174106615e+02
4.5759871174106615e+02
4.5759871174106615e+02
4.5759871174106615e+02
4.5759871174106615e+02
4.5759871174106615e+02
4.5759871174106615e+02
4.5759871174106615e+02
4.5759871174106615e+02
4.5759871174106615e+02
4.5759871174106615e+02
4.5759871174106615e+02
4.5759871174106615e+02
4.5759871174106615e+02
4.5759871174106615e+02
4.5759871174106615e+02
4.5759871174106615e+02
4.5759871174106615e+02
4.5759871174106615e+02
4.5759871174106615e+02
4.5759871174106615e+02
4.5759871174106615e+02
4.5759871174106615e+02
4.5759871174106615e+02
4.5759871174106615e+02
4.5759871174106615e+02
4.5759871174106615e+02
4.5759871174106615e+02
4.5759871174106615e+02
4.5759871174106615e+02
4.5759871174106615e+02
4.5759871174106615e+02
4.5759871174106615e+02
4.5759871174106615e+02
4.5759871174106615e+02
4.5759871174106615e+02
4.5759871174106615e+02
4.5759871174106615e+02
4.5759871174106615e+02
4.5759871174106615e+02
4.5759871174106615e+02
4.5759871174106615e+02
4.5759871174106615e+02
4.5759871174106615e+02
4.5759871174106615e+02
4.5759871174106615e+02
4.5759871174106615e+02
4.5759871174106615e+02
4.5759871174106615e+02
4.5759871174106615e+02
4.5759871174106615e+02
4.5759871174106615e+02
4.5759871174106615e+02
4.5759871174106615e+02
4.5759871174106615e+02
4.5759871174106615e+02
4.5759871174106615e+02
4.5759871174106615e+02
4.5759871174106615e+02
4.5759871174106615e+02
4.5759871174106615e+02
4.5759871174106615e+02
4.5759871174106615e+02
4.5759871174106615e+02
4.5759871174106615e+02
4.5759871174106615e+02
4.5759871174106615e+02
4.5759871174106615e+02
4.5759871174106615e+02
4.5759871174106615e+02
4.5759871174106615e+02
4.5759871174106615e+02
4.5759871174106615e+02
4.5759871174106615e+02
4.5759871174106615e+02
4.5759871174106615e+02
4.5759871174106615e+02
4.5759871174106615e+02
4.5759871174106615e+02
4.5759871174106615e+02
4.5759871174106615e+02
4.5759871174106615e+02
4.5759871174106615e+02
