0.0000000000000000e+00
8.8000000037622826e+01
1.7600000003491249e+02
2.6400000003494097e+02
3.5200000020625498e+02
4.4000000005235484e+02
4.4000000858782801e+02
4.4000006300143144e+02
4.4003964719022895e+02
4.4007945990056265e+02
4.4000000036263492e+02
3.5200000003743588e+02
2.6400000003483416e+02
1.7600000003475222e+02
8.8000000034769769e+01
8.4659595222777110e-11
9.2126988142942641e-11
1.2071736160819713e-10
1.3335196388195164e-10
1.4834616573849239e-10
1.9727912994551384e-10
8.7999999962623434e+01
1.7599999996534717e+02
2.6399999996525304e+02
3.5199999996523934e+02
4.3999999932364437e+02
4.3999999552538981e+02
4.3999996133031999e+02
4.4003090835704876e+02
4.4006203445032480e+02
4.4009316156300514e+02
3.5199999734293328e+02
2.6399999982639116e+02
1.7599999996504431e+02
8.7999999965008627e+01
1.8808553122783906e-12
-2.6386009875278737e-11
1.2228261720334760e-11
1.8998440939662384e-11
2.0185500941656907e-11
2.5325507000008933e-11
8.8000000037610619e+01
1.7600000003491593e+02
2.6400000003486758e+02
3.5200000003486173e+02
4.4000000003487315e+02
4.4000000006460778e+02
4.4000000009432244e+02
4.4000000012406150e+02
4.4000000015378521e+02
4.4000000018358014e+02
3.5200000003734169e+02
2.6400000003469199e+02
1.7600000003470080e+02
8.8000000034662961e+01
-6.3832205952655782e-11
-3.8491364867276629e-11
-2.4817466060722102e-12
3.8658353137299992e-11
6.3880711331797957e-11
1.0390415339581371e-10
8.7999999962521343e+01
1.7599999996527572e+02
2.6399999996529630e+02
3.5199999996527964e+02
4.3999999996527242e+02
4.3999999875558694e+02
4.3999999754589675e+02
4.3999999633623372e+02
4.3999999512654279e+02
4.3999999391688362e+02
3.5199999996241598e+02
2.6399999996516493e+02
1.7599999996516254e+02
8.7999999965166026e+01
4.8600090134376970e-11
1.3712056897081802e-10
1.5109647504145900e-10
1.8861288211073387e-10
2.7559801339111469e-10
2.4299627716217928e-10
8.8000000037700971e+01
1.7600000003484686e+02
2.6400000003483729e+02
3.5200000003481745e+02
4.4000000003482097e+02
4.4000000006451461e+02
4.4000000009425781e+02
4.4000000012400221e+02
4.4000000015381283e+02
4.4000000018354177e+02
3.5200000003740115e+02
2.6400000003465578e+02
1.7600000003474275e+02
8.8000000034753697e+01
3.1357850015182055e-11
1.4433085622504455e-10
1.2579085370708136e-10
1.5260729063239103e-10
2.1827689535062391e-10
2.7529927165011952e-10
8.7999999962554938e+01
1.7599999996521754e+02
2.6399999996518557e+02
3.5199999996525321e+02
4.3999999996527521e+02
4.3999999875554050e+02
4.3999999754586042e+02
4.3999999633626084e+02
4.3999999512658621e+02
4.3999999391694371e+02
3.5199999996243594e+02
2.6399999996523155e+02
1.7599999996523269e+02
8.7999999965235403e+01
1.0300732641553360e-10
9.1839600834543636e-11
4.7548480702948781e-11
6.4359986228244802e-11
6.0499284063915843e-12
-7.3601948551666819e-11
8.8000000037531024e+01
1.7600000003471888e+02
2.6400000003480420e+02
3.5200000003479465e+02
4.4000000003476282e+02
4.4000000006453934e+02
4.4000000009429203e+02
4.4000000012408844e+02
4.4000000015386354e+02
4.4000000018361834e+02
3.5200000003735317e+02
2.6400000003457876e+02
1.7600000003463936e+02
8.8000000034564252e+01
2.9608493792145281e-10
3.1099209863669217e-10
3.4925090689508899e-10
3.6592542208036076e-10
3.8008307394609119e-10
4.1014278102766202e-10
8.7999999962688662e+01
1.7599999996548891e+02
2.6399999996541845e+02
3.5199999996545478e+02
4.3999999996542289e+02
4.3999999875577487e+02
4.3999999754609928e+02
4.3999999633636310e+02
4.3999999512670138e+02
4.3999999391701834e+02
3.5199999996255281e+02
2.6399999996533859e+02
1.7599999996538179e+02
8.7999999965341971e+01
3.3947317268308163e-10
3.6053228272996932e-10
3.3602579070559487e-10
3.8027493778261721e-10
3.3032570322002492e-10
3.5463954171923260e-10
