0.0000000000000000e+00
8.2336907499522110e-10
1.4766633031084886e-08
1.4772588064697049e-08
4.9492167474215771e-08
1.3536828320185262e-08
-1.3140071341150837e-06
-1.5462172999130292e-04
1.2868477389544958e-02
2.5967565292975323e-02
-2.4183057760565452e-07
7.6660636566631967e-10
1.4621692422363067e-08
1.4607051328059888e-08
1.4674539568866708e-08
-1.8433573113651422e-10
-2.4079465484392938e-10
-2.5848448296937282e-10
-1.7834503843962010e-10
-1.9188010997451838e-10
-2.1861373088832769e-10
7.3024437409942624e-10
1.4680695361588922e-08
1.4778967711175065e-08
1.4721772462911258e-08
1.5966233561148490e-07
-8.6551167042038414e-07
-9.4976297961896699e-05
-1.0516273993498231e-02
-2.0997373782434169e-02
-3.1478926420572838e-02
1.1197329777128777e-06
-4.4824843340647024e-08
1.4643512328719387e-08
1.4636382886059672e-08
-1.8281691594359835e-10
-2.1346868088625491e-10
-2.0497858109772594e-10
-3.0896249659289833e-10
-4.1422191196127695e-10
-4.1714590997419272e-10
6.8893169550318298e-10
1.4626928026397344e-08
1.4634343440924920e-08
1.4629080218849612e-08
1.4675256165858146e-08
2.7459429910289099e-08
4.0216203293559699e-08
5.2999119942529816e-08
6.5690077537794959e-08
7.8420660051032301e-08
5.9840715904659325e-10
1.4573460270212197e-08
1.4536587836204247e-08
1.4556346708904883e-08
-2.8767195348002085e-10
-1.5497728242972512e-10
-1.6616004259982354e-10
-1.6589671522524794e-10
-3.0949319736550225e-10
-4.2073940503161388e-10
7.4832088465024640e-10
1.4622555560288126e-08
1.4644946204838400e-08
1.4716530058641399e-08
1.4930675016518501e-08
-7.5311437408345465e-07
-1.5210182353896124e-06
-2.2889794856058789e-06
-3.0569253565714342e-06
-3.8248734828443171e-06
9.9529919223065028e-10
1.4903376151337264e-08
1.4852775788116921e-08
1.4906192422472317e-08
7.6177630397362061e-11
1.7119078866782920e-10
1.9529158675249962e-10
2.1071802819877318e-10
1.9355368170023966e-10
8.6729461828241872e-11
7.1127157274072020e-10
1.4626135650108361e-08
1.4632586506288220e-08
1.4768223355013973e-08
1.4820421197796785e-08
2.7541386252143212e-08
4.0360487270209226e-08
5.3025335467151274e-08
6.5839110950508557e-08
7.8474897958151735e-08
7.0780291307931343e-10
1.4783796821275118e-08
1.4742039665363594e-08
1.4789192058684733e-08
2.4892396405407811e-11
1.1061331596504902e-11
-1.0340339924722644e-11
-3.4413803377401373e-11
1.2025575810325553e-10
1.1756667894377195e-10
8.9235386854934182e-10
1.4722099790962072e-08
1.4684290325939094e-08
1.4655279373555043e-08
1.4659013814868325e-08
-7.5322947503265431e-07
-1.5212695371840985e-06
-2.2891801965967036e-06
-3.0570787604987702e-06
-3.8249784512755234e-06
9.3999556600355046e-10
1.4807071012645541e-08
1.4743542748891568e-08
1.4731528997725518e-08
-2.7165096311445701e-12
5.6358858141485935e-11
1.0432662308171528e-11
2.9304620235594011e-11
1.7461821432668459e-11
-8.3841258498214470e-11
9.4161301566374741e-10
1.4737940221024822e-08
1.4808015962897486e-08
1.4756835335510462e-08
1.4673745634533773e-08
2.7475072972228155e-08
4.0339923684657116e-08
5.3155617308313703e-08
6.5949284180415571e-08
7.8656467975295361e-08
1.0124313212951982e-09
1.4996899724366638e-08
1.5044902411155694e-08
1.5026376182279193e-08
1.9344226959695013e-10
4.1586611193744670e-11
1.5116267149447117e-10
3.9640020813564654e-11
1.6085511807349972e-10
4.8128721137675047e-11
1.0817879727329807e-09
1.4988732130331802e-08
1.4939622824403753e-08
1.4985541304081141e-08
1.5001757735282375e-08
-7.5283737796958080e-07
-1.5208848168305987e-06
-2.2887670474937109e-06
-3.0566092904050178e-06
-3.8245830492630541e-06
1.0650519375469061e-09
1.4966448200799636e-08
1.4906580905232426e-08
1.4814014238238129e-08
-3.4778437652602753e-11
-4.2621527027043054e-11
-1.6373116635714647e-11
-2.2664722261884191e-11
-2.9748807851009622e-12
-5.4728877710762081e-11
